FILE: D01.01
30 80 0
1 10000 167 48 557 277 779 425 650 634 618 273 900 466 490 113 200 384 314 590 704 917 755 661 572 156 35 439 731 739 984 936 502 150 955 406 440 790 671 522 222 809 620 89 935 140 67 531 602 728 305 850 292 412 216 290 659 425 746 428 253 996 382 893 445 997 241 445 308 139 835 639 308 646 136 769 135 911 20 339 529 81 
2 10000 677 762 433 45 103 503 334 798 240 405 115 648 886 393 280 229 939 290 884 797 101 959 17 771 604 490 184 996 79 650 426 687 140 312 523 526 792 94 129 886 252 909 171 649 269 659 375 574 555 783 236 707 394 885 304 779 54 153 111 80 68 794 584 758 997 202 302 31 756 73 420 269 107 197 623 417 404 132 942 728 
3 10000 189 488 774 281 732 38 967 235 108 374 287 316 902 323 136 475 144 854 851 207 559 671 427 494 727 246 14 840 253 472 36 358 536 684 254 400 228 256 646 672 985 487 427 328 593 6 60 988 74 408 598 168 861 338 212 81 626 751 232 276 874 557 556 98 883 373 772 413 87 599 827 592 495 549 592 208 244 831 175 418 
4 10000 871 723 312 500 415 739 683 514 912 126 506 551 417 486 246 551 112 272 773 138 609 344 838 464 44 332 183 515 53 5 148 850 214 377 108 253 65 763 590 248 287 502 414 960 128 574 691 290 698 818 41 863 186 986 853 729 631 328 949 278 313 953 487 342 374 668 443 950 754 514 529 707 46 732 873 265 346 355 323 854 
5 10000 711 169 706 342 307 240 887 794 848 747 979 996 409 320 543 919 217 609 119 581 515 317 936 284 80 386 145 700 502 585 416 754 812 197 242 801 552 39 800 35 882 520 708 635 820 968 513 575 204 936 281 603 475 714 95 340 871 752 837 965 123 235 87 469 260 498 465 931 596 536 298 799 512 294 914 630 118 979 438 272 
6 10000 387 101 418 945 856 466 130 203 496 839 900 229 829 496 298 443 903 383 537 896 206 101 926 400 112 436 718 886 972 655 199 941 414 276 364 3 973 554 12 174 625 371 625 131 333 778 854 95 187 883 962 326 245 324 77 120 650 33 587 774 141 513 526 483 527 351 293 641 236 176 553 519 524 795 652 779 443 710 406 808 
7 10000 149 748 589 319 668 13 986 211 687 888 330 138 479 293 988 768 559 935 727 194 146 751 411 474 51 274 961 748 59 139 444 935 421 446 609 445 526 195 731 894 378 524 99 286 935 951 0 631 938 357 531 465 300 915 86 244 656 691 877 83 177 132 308 799 227 165 559 740 962 117 234 357 472 184 392 998 550 663 822 880 
8 10000 689 662 910 723 388 523 923 3 386 647 69 297 886 973 176 690 388 811 319 709 212 242 264 760 311 828 48 522 460 822 555 290 425 617 417 710 195 649 110 893 881 462 550 373 367 167 72 868 315 8 111 328 607 255 429 228 832 136 254 575 894 42 145 605 358 705 948 634 598 586 679 25 373 175 675 761 897 434 866 560 
9 10000 16 100 502 39 573 57 183 857 564 506 536 341 175 155 382 538 290 130 741 172 568 845 505 479 689 543 144 381 846 718 268 965 91 150 405 753 627 769 824 711 632 55 766 475 720 211 901 769 618 812 379 471 171 157 309 304 251 44 2 622 677 176 834 248 734 938 72 853 381 730 494 823 753 618 160 99 39 480 177 949 
10 10000 335 393 789 145 565 471 653 517 72 871 635 340 948 189 963 543 732 963 104 186 541 500 177 195 238 751 278 806 737 449 532 697 23 231 240 280 4 953 945 104 760 939 775 862 309 354 898 954 468 445 441 72 907 854 702 798 993 725 21 655 511 826 131 601 863 404 347 426 833 991 435 19 518 880 497 983 506 486 726 552 
11 10000 917 321 370 296 372 790 743 570 515 534 638 175 153 535 983 217 625 709 68 605 493 191 217 187 141 46 219 965 378 621 377 379 647 247 520 115 923 521 814 419 899 887 719 365 549 722 939 69 677 661 704 308 518 375 230 500 18 507 704 541 856 13 625 443 822 597 865 254 641 482 277 223 829 215 198 690 678 748 696 653 
12 10000 977 495 900 492 536 586 256 818 133 51 58 912 967 133 88 724 198 465 722 904 701 323 335 826 586 665 353 87 613 197 793 430 79 163 645 586 267 87 921 972 63 186 732 748 830 673 228 168 126 664 752 728 370 916 36 43 43 104 806 958 521 868 615 833 131 337 273 486 527 357 694 761 978 139 518 186 660 543 351 692 
13 10000 550 724 959 857 11 350 272 657 669 119 522 178 662 781 388 260 873 408 459 556 226 96 888 951 643 854 554 835 763 871 605 178 7 895 692 889 80 935 776 420 525 13 811 87 391 174 183 82 641 484 225 630 365 220 660 278 415 995 322 770 542 5 983 482 629 145 643 894 126 196 129 51 264 810 326 496 155 504 916 635 
14 10000 362 393 933 12 41 867 11 448 247 946 646 535 490 511 322 424 141 162 848 407 793 880 752 241 138 251 64 684 496 445 344 227 558 682 292 471 445 392 786 135 685 806 696 145 196 175 302 796 864 352 686 436 817 951 913 647 987 798 366 398 51 894 70 131 347 616 353 249 859 369 673 979 867 397 983 81 343 998 449 357 
15 10000 708 840 882 453 29 594 721 895 248 630 915 856 547 961 541 593 436 180 511 54 663 590 203 593 527 256 363 294 706 205 128 835 182 468 501 402 355 209 130 582 951 644 739 742 808 980 45 825 131 77 506 63 327 66 752 557 992 643 38 204 156 236 553 928 384 800 955 694 811 417 937 272 720 459 212 211 751 501 717 8 
16 10000 328 727 420 922 417 29 541 418 182 532 549 700 657 752 779 301 11 116 998 212 511 59 785 497 773 409 47 885 386 293 534 292 518 272 680 747 591 927 632 695 613 619 786 138 265 630 704 589 348 417 730 303 661 193 158 759 921 549 305 857 817 344 316 797 786 570 56 121 603 428 931 873 391 318 978 345 132 968 72 394 
17 10000 278 419 591 786 558 95 385 529 568 653 388 685 243 861 729 609 810 199 662 98 298 418 191 407 219 762 702 614 503 82 470 290 277 562 369 948 598 262 638 246 713 212 44 400 955 269 281 786 863 457 956 197 617 3 5 721 393 801 875 711 715 508 327 817 413 1 192 545 267 408 935 318 950 436 363 498 339 213 324 352 
18 10000 810 358 739 409 593 506 811 207 802 6 761 866 203 999 918 483 349 610 534 800 146 466 134 121 464 256 779 948 874 556 55 301 111 636 157 193 356 470 893 226 929 666 964 781 491 527 361 768 341 983 212 407 909 589 941 1 36 320 71 183 133 379 513 597 820 745 698 476 124 658 374 108 851 787 436 625 200 283 618 119 
19 10000 241 433 387 528 325 148 902 272 39 994 359 108 783 984 582 169 584 856 196 655 216 48 225 152 238 98 471 37 43 678 493 952 492 990 564 793 256 732 409 218 440 364 111 97 584 889 989 920 644 859 826 595 37 839 259 625 356 41 704 124 828 340 637 650 131 404 590 303 657 149 697 89 801 235 134 989 390 832 306 716 
20 10000 834 364 110 628 93 451 133 762 62 783 118 462 455 117 542 567 792 144 659 624 579 426 845 107 278 130 583 96 150 771 946 397 583 698 911 558 979 519 348 770 809 204 38 96 920 74 545 25 698 397 306 793 164 810 775 460 618 290 953 197 905 880 168 768 914 908 436 657 385 898 248 821 641 906 132 539 312 497 825 316 
21 10000 669 68 411 318 650 765 255 307 164 677 87 540 791 555 76 605 441 760 238 663 95 662 22 57 198 210 413 773 812 888 408 697 118 784 197 170 367 975 893 773 853 970 167 840 36 407 614 651 376 737 212 786 988 104 701 591 714 154 237 248 696 972 162 399 52 886 231 795 739 340 144 956 215 567 722 284 965 270 573 620 
22 10000 521 43 597 703 33 736 161 501 15 495 303 886 335 688 797 617 70 438 424 104 287 983 306 919 373 585 623 525 993 192 586 192 274 598 975 560 297 287 122 837 522 711 657 74 193 197 869 518 367 220 31 477 620 243 519 694 45 859 88 687 632 445 130 17 625 45 272 973 939 708 146 615 249 996 684 670 826 878 778 236 
23 10000 731 733 650 763 446 678 769 284 542 945 674 360 485 515 527 716 159 740 761 25 211 164 642 821 805 263 117 998 886 327 767 874 544 194 223 281 563 65 885 659 769 115 284 605 250 110 941 874 56 764 53 269 459 44 859 412 391 147 30 855 118 361 922 504 779 541 37 818 865 401 539 758 225 362 166 952 720 155 381 49 
24 10000 86 911 107 726 124 951 892 309 803 997 842 503 359 15 173 168 8 430 720 629 339 899 248 489 3 395 911 397 779 794 700 766 616 698 225 885 740 711 679 406 431 883 315 675 544 543 294 874 392 235 246 439 66 994 372 729 789 645 452 408 408 390 592 519 606 358 52 706 935 366 3 563 257 596 555 571 697 416 905 601 
25 10000 689 51 933 441 221 336 114 323 863 260 67 920 678 526 598 770 609 845 577 616 429 177 488 611 859 642 14 862 938 327 466 296 248 690 441 296 71 798 523 86 98 106 379 336 757 1 102 951 772 830 132 512 38 624 606 347 407 247 483 685 482 184 282 875 13 682 775 136 979 468 489 801 962 769 353 530 905 836 331 461 
26 10000 837 704 394 758 671 407 667 540 665 357 101 648 636 117 503 222 523 277 283 559 400 655 748 219 517 554 298 844 477 267 355 670 138 575 383 188 331 443 831 925 992 636 349 827 800 474 122 191 909 443 657 634 885 887 879 60 417 484 868 87 920 752 91 916 603 272 464 104 114 869 97 208 340 465 52 766 470 819 976 603 
27 10000 896 869 934 898 76 908 304 14 912 301 59 538 776 967 295 504 755 341 344 279 210 39 310 61 255 947 378 479 234 939 744 249 804 960 493 355 711 684 289 739 843 466 211 946 681 805 571 711 709 47 75 951 903 529 158 127 874 902 841 448 774 837 952 889 546 841 57 482 619 398 946 862 647 157 10 527 364 380 364 779 
28 10000 176 375 51 830 571 130 173 17 933 867 295 624 867 734 966 251 627 354 693 220 727 452 226 978 354 274 483 965 647 23 965 922 459 28 13 92 686 854 731 312 758 102 942 427 383 73 999 32 148 64 813 981 52 467 929 651 589 433 2 417 449 286 507 320 455 426 42 386 812 932 52 559 269 581 324 745 285 514 106 898 
29 10000 804 249 171 647 707 282 696 414 567 969 282 503 778 937 967 125 655 712 565 824 609 812 198 276 980 1 330 935 631 934 186 484 882 911 865 566 896 956 10 769 102 938 383 316 740 963 166 455 144 743 353 991 828 162 76 949 1 775 190 823 571 432 983 392 263 768 337 557 920 766 203 186 597 112 709 416 533 574 769 397 
30 10000 600 97 519 940 317 868 438 33 32 35 480 704 351 323 82 195 424 257 374 907 172 207 445 105 51 984 5 831 447 192 284 8 295 72 522 191 16 36 878 951 371 633 118 342 309 143 915 433 433 534 105 370 139 996 754 933 58 764 363 61 870 464 65 313 96 682 162 736 959 990 833 96 905 139 366 968 878 645 754 616 
