FILE: E51.01
50 100 0
1 5000 534 23 357 342 862 937 354 705 529 115 48 383 211 417 949 792 700 544 984 638 518 838 462 851 606 365 40 295 803 666 153 373 348 974 882 95 108 291 723 723 756 117 238 569 625 225 32 60 444 278 57 640 689 676 686 629 748 440 535 605 649 501 506 429 531 223 14 488 616 522 865 257 868 394 764 775 81 234 904 125 603 755 630 515 414 875 619 53 786 404 566 804 234 875 831 237 979 372 30 636 
2 5000 653 682 21 592 440 635 268 140 401 958 48 670 180 499 463 177 820 158 737 955 903 366 760 330 736 474 345 526 804 866 174 251 201 166 899 104 264 370 363 396 122 252 415 471 399 879 283 132 750 591 982 258 500 282 713 211 54 326 732 118 338 996 658 634 965 713 677 266 351 977 627 872 503 316 424 398 699 105 788 480 766 585 766 983 198 947 988 73 804 801 147 932 132 895 663 683 366 406 0 643 
3 5000 933 674 610 487 520 694 963 414 741 233 643 916 149 895 970 239 838 4 119 133 323 617 213 977 955 539 340 889 544 671 984 893 457 524 828 756 868 274 391 576 404 162 484 727 899 620 943 234 476 938 608 201 665 831 21 358 794 752 807 338 359 279 213 770 593 436 768 787 960 286 532 37 784 636 913 794 735 202 503 266 392 77 925 683 603 847 132 272 858 196 153 706 387 343 739 119 225 159 884 282 
4 5000 929 306 682 40 199 241 502 594 93 426 938 730 80 594 509 577 630 413 574 11 570 381 433 267 926 322 84 881 459 287 600 537 627 252 604 925 183 407 792 196 130 422 2 111 255 506 768 477 954 618 846 962 576 660 673 887 992 16 236 90 620 260 309 440 624 387 529 123 490 409 293 261 720 664 921 992 850 673 79 568 507 896 913 602 739 227 866 25 318 572 656 873 250 359 371 476 208 316 160 161 
5 5000 91 364 482 48 457 968 386 46 18 798 788 631 937 27 212 505 140 123 976 735 357 478 271 453 111 710 117 721 387 991 666 658 180 234 808 405 654 496 561 42 128 430 207 38 609 131 646 338 80 231 934 664 281 566 476 143 182 282 844 846 887 704 684 329 164 825 685 778 340 752 76 841 772 959 622 759 611 675 589 861 79 279 639 52 980 15 137 353 663 889 821 115 154 93 323 981 673 785 498 204 
6 5000 267 585 29 401 757 620 282 353 746 467 881 929 873 838 962 736 63 342 588 587 971 187 283 387 351 139 158 515 555 608 601 314 901 187 990 770 111 493 409 977 538 661 833 490 421 322 738 142 859 414 630 439 744 678 435 112 360 168 234 925 875 631 315 334 432 93 995 91 78 500 192 378 228 754 224 584 897 990 775 293 413 437 536 601 835 705 451 337 784 847 65 300 918 33 932 84 764 183 549 602 
7 5000 125 407 789 900 778 586 301 349 696 945 848 806 492 963 45 856 320 458 472 702 942 190 632 824 189 839 710 975 523 681 628 633 933 825 326 479 866 341 783 12 431 132 702 890 579 887 366 82 490 967 612 439 873 552 386 771 408 917 879 15 52 154 673 609 406 207 900 644 891 547 852 898 933 341 47 349 878 449 177 250 858 109 948 376 334 634 247 511 519 978 634 803 413 512 598 49 663 851 573 519 
8 5000 970 78 165 422 254 206 566 579 309 230 624 427 153 603 529 932 802 479 604 509 680 578 142 535 387 11 783 563 46 899 380 823 939 147 843 96 662 203 910 571 514 159 321 769 325 13 374 123 472 474 314 322 270 117 538 997 474 249 76 860 111 335 321 866 351 314 478 523 646 655 696 911 850 503 352 531 541 745 467 557 258 351 702 600 887 836 924 572 893 167 796 736 637 988 368 553 481 482 131 401 
9 5000 912 726 513 777 398 879 271 59 187 50 765 435 792 186 564 90 346 823 373 235 580 52 731 87 618 531 459 383 320 899 330 523 387 424 916 941 952 243 98 792 870 23 189 553 426 395 162 628 683 8 926 554 193 533 135 899 271 481 503 449 578 155 73 774 213 602 432 769 28 898 323 265 412 602 634 301 229 743 230 148 152 165 591 693 104 584 733 253 27 197 376 437 686 183 828 132 754 956 554 220 
10 5000 861 487 905 106 858 568 959 661 991 334 967 676 224 912 347 408 409 522 718 323 539 883 924 626 792 263 528 672 593 25 744 849 403 2 271 35 467 548 995 211 219 620 44 331 591 712 142 50 919 8 752 378 678 587 960 891 761 15 578 559 528 193 435 802 326 773 318 869 720 11 540 121 139 393 598 328 163 868 891 562 165 47 966 780 533 200 268 700 181 407 852 55 581 688 26 821 21 478 411 515 
11 5000 317 271 362 155 697 792 238 974 69 531 478 483 398 986 959 985 413 457 600 113 356 746 689 513 989 580 885 240 596 136 383 978 175 483 197 673 556 297 39 669 655 693 757 944 585 518 798 541 846 938 676 785 308 686 902 382 208 784 352 987 879 113 537 352 431 650 749 625 99 734 546 909 488 192 550 671 413 678 22 93 575 64 185 966 779 223 769 202 914 59 731 585 417 115 644 829 439 615 692 558 
12 5000 428 270 772 282 354 707 648 982 290 848 635 378 568 103 785 498 232 700 37 611 2 7 299 150 476 195 944 692 774 67 668 610 361 420 199 471 255 762 809 790 339 749 112 227 6 164 103 817 843 798 923 337 584 74 299 391 39 747 146 319 228 538 289 515 438 37 778 251 414 726 763 602 404 449 396 563 292 201 735 953 513 548 113 202 993 550 944 612 809 511 427 182 813 403 134 600 918 324 930 494 
13 5000 272 810 207 519 47 359 899 405 46 11 244 530 858 320 761 124 778 569 415 710 208 568 434 845 759 882 753 786 775 823 542 161 489 70 805 234 550 234 501 866 109 237 163 765 214 830 489 114 710 107 862 177 377 347 282 967 516 38 661 586 705 422 971 311 944 404 193 35 912 171 552 151 539 362 994 470 634 138 388 275 775 986 405 96 174 616 554 302 750 778 346 110 122 352 44 95 735 556 975 805 
14 5000 851 614 870 559 612 717 209 50 893 646 21 806 182 871 130 146 177 491 302 695 349 853 262 58 158 188 55 758 176 113 721 17 806 347 742 485 824 474 245 503 482 102 414 997 355 270 95 600 684 428 49 87 417 858 833 727 665 848 768 638 804 504 973 742 931 501 924 415 891 648 511 422 612 595 66 236 939 535 324 324 709 230 784 512 278 230 450 6 213 596 414 167 372 5 240 641 101 550 639 929 
15 5000 746 101 383 994 212 561 945 0 796 862 811 776 986 41 965 97 476 251 476 378 90 37 695 872 852 732 1 973 911 309 581 703 540 535 208 998 931 778 484 864 9 292 520 12 969 351 521 65 771 48 240 920 304 121 781 373 436 648 702 586 673 940 912 505 644 499 298 809 136 366 588 493 878 708 381 677 829 992 847 729 145 589 41 303 583 143 309 383 533 558 760 926 416 948 262 196 649 384 938 393 
16 5000 911 792 630 648 923 836 294 13 456 141 809 499 795 689 145 791 369 739 387 710 772 111 559 30 892 181 731 734 362 425 379 311 62 866 451 184 881 249 129 855 460 319 740 878 140 4 790 242 828 890 592 254 1 800 452 529 568 831 887 166 810 701 841 720 112 739 362 48 709 361 723 630 168 388 443 462 816 34 179 108 842 922 966 11 285 961 761 649 632 434 767 637 240 134 513 368 303 909 141 283 
17 5000 583 430 882 362 628 557 188 941 679 125 487 436 12 504 25 70 910 776 777 209 991 869 876 383 116 492 554 597 595 217 37 23 897 560 382 666 603 378 717 100 801 463 856 863 659 647 750 612 379 269 759 622 267 361 189 736 121 383 91 344 668 847 766 498 265 694 966 752 579 745 237 816 477 83 396 624 820 708 592 913 415 306 936 894 806 476 149 119 158 262 218 138 920 327 514 31 517 625 348 424 
18 5000 759 898 427 59 217 858 188 545 255 387 471 345 958 600 505 627 670 125 667 52 347 426 999 104 468 529 934 39 704 985 208 78 64 420 432 897 752 509 280 47 438 728 776 369 169 707 631 13 638 563 125 147 27 17 469 958 148 668 149 32 96 251 197 705 134 236 867 487 31 599 690 144 566 117 362 544 427 25 450 840 212 388 371 108 758 20 628 13 514 303 751 615 181 744 933 891 329 618 817 82 
19 5000 221 535 404 445 551 287 557 521 328 798 63 492 610 543 725 736 316 264 447 173 840 339 800 485 665 630 5 814 726 179 833 28 709 568 376 151 27 312 155 45 690 112 545 941 769 312 972 924 698 421 866 937 117 21 825 434 475 917 968 245 123 877 937 767 100 791 530 59 345 612 419 953 546 897 934 759 344 327 368 659 117 8 791 397 55 940 825 348 754 457 348 552 34 13 619 831 218 144 759 557 
20 5000 574 947 82 180 151 928 241 107 711 559 638 21 7 385 101 241 86 31 264 206 865 946 639 693 693 233 838 848 106 408 923 628 505 425 345 750 976 823 443 742 964 327 974 186 21 755 640 747 355 571 80 80 390 924 303 222 54 526 20 541 25 209 852 850 643 496 877 783 714 43 489 15 914 291 40 422 28 167 222 790 732 183 675 139 130 774 771 287 788 225 63 723 456 17 346 393 217 952 816 494 
21 5000 274 893 293 869 92 456 964 91 120 511 631 837 801 832 923 641 104 725 445 628 286 6 332 305 97 144 170 22 169 933 770 190 784 524 741 843 749 170 347 648 603 523 618 949 866 827 165 942 550 846 692 580 656 889 659 288 866 748 62 94 166 918 815 271 592 927 685 68 852 125 257 644 5 782 904 782 951 821 211 490 925 53 851 72 727 238 348 769 901 829 727 562 588 733 496 233 265 939 947 269 
22 5000 89 358 231 721 72 710 177 584 798 812 341 826 904 104 228 625 44 762 170 938 555 233 837 971 538 547 825 664 587 242 319 766 867 248 273 616 769 573 97 198 868 139 303 585 382 602 97 356 875 511 365 80 403 646 35 461 835 872 285 246 562 359 560 471 309 518 860 161 279 482 289 60 340 487 312 497 472 992 704 974 202 881 641 571 237 602 932 765 18 563 828 756 411 657 398 891 259 235 933 279 
23 5000 4 391 349 200 112 885 55 385 505 564 259 784 729 611 176 884 70 475 108 210 345 822 872 64 578 349 529 126 280 811 904 990 564 97 841 242 801 704 685 166 32 452 946 681 876 784 616 583 131 486 112 716 793 192 306 133 720 491 621 871 652 0 655 405 801 241 298 403 743 659 825 850 822 634 914 157 786 826 77 328 869 698 461 798 55 560 487 21 718 980 307 413 376 900 534 730 770 309 222 495 
24 5000 992 810 566 542 864 930 282 297 316 507 142 871 952 17 641 563 547 158 242 878 668 561 191 633 169 954 360 265 751 629 84 922 321 560 470 439 364 4 137 780 44 942 863 58 267 194 106 715 400 560 864 950 886 819 844 8 469 947 419 403 239 375 322 685 223 656 564 833 747 367 536 876 268 588 762 831 919 824 282 548 466 685 117 575 908 186 808 606 433 9 468 630 948 561 345 374 908 189 348 110 
25 5000 658 369 504 453 2 247 829 221 231 345 559 952 315 796 235 186 487 935 592 90 934 613 730 529 811 50 529 176 306 592 786 748 961 207 36 971 981 64 522 359 747 39 298 411 236 498 916 308 596 184 674 716 567 577 899 773 982 544 220 872 64 644 316 322 736 920 93 482 658 527 769 464 227 32 831 0 236 742 332 562 425 896 501 336 643 61 136 130 830 590 731 835 550 466 840 497 284 393 607 633 
26 5000 204 471 966 852 653 293 455 391 41 822 120 662 385 875 490 392 193 571 72 464 945 581 346 32 850 525 731 34 125 353 478 667 509 71 979 932 222 636 437 848 98 374 387 413 104 770 24 924 968 954 807 728 136 752 317 25 767 629 831 788 996 370 576 417 183 847 140 206 354 717 14 229 569 381 711 719 429 75 457 562 436 402 908 975 430 181 864 970 825 932 451 706 855 859 737 312 554 664 253 272 
27 5000 684 37 391 986 337 167 134 573 428 126 110 532 784 452 412 345 72 791 176 614 266 930 369 831 877 80 768 374 668 730 589 819 67 940 740 165 4 400 171 64 384 104 275 653 918 983 826 77 528 348 412 300 51 464 834 297 456 133 445 219 291 595 887 631 578 616 205 405 889 94 805 374 802 32 212 337 463 219 123 501 479 462 697 965 859 719 561 334 206 966 511 57 906 156 356 586 509 95 897 939 
28 5000 32 604 485 781 404 779 148 592 762 726 747 42 830 588 127 138 88 222 736 264 957 368 678 692 717 650 675 655 371 254 895 595 189 630 131 653 130 57 280 18 878 416 609 218 700 23 768 944 855 845 13 506 761 973 629 520 645 661 988 904 896 812 248 792 838 217 132 454 142 420 774 809 591 543 90 642 429 907 650 99 997 804 516 568 887 257 13 532 331 116 912 491 31 333 973 546 173 751 346 741 
29 5000 817 268 766 752 402 706 40 18 575 228 777 916 66 658 834 56 823 542 450 314 134 285 529 669 945 222 57 464 108 963 97 167 753 844 357 229 528 846 776 147 916 812 119 299 338 311 30 668 276 993 526 44 131 781 393 785 25 732 454 749 276 930 182 474 766 235 620 216 908 250 85 922 447 333 614 746 802 8 631 194 171 619 799 493 120 563 524 279 874 956 87 196 28 68 862 503 891 371 596 282 
30 5000 197 547 224 330 384 307 172 352 171 341 636 521 652 270 793 28 615 931 413 684 318 833 850 194 434 142 871 186 382 25 294 589 770 711 915 452 158 95 667 801 874 244 511 628 83 645 3 609 851 532 18 628 399 145 603 726 282 256 408 548 711 817 693 895 720 59 353 462 423 900 947 373 58 995 192 588 45 282 890 789 781 354 768 834 378 517 176 370 81 861 145 710 569 207 740 549 859 251 200 629 
31 5000 49 769 826 944 591 216 82 568 339 565 887 715 76 730 557 115 736 419 368 296 57 752 219 885 866 502 350 495 720 293 585 314 126 594 85 979 59 872 54 827 985 721 394 129 127 337 751 381 171 164 945 269 155 64 238 380 732 850 408 272 551 532 109 974 962 111 477 541 765 273 451 722 219 821 779 364 42 194 184 635 602 909 645 646 39 279 277 597 512 244 767 10 320 661 839 158 85 898 723 284 
32 5000 734 72 81 698 500 781 380 350 650 666 158 972 165 655 171 380 90 223 881 31 774 521 249 436 716 716 313 510 239 377 511 457 706 265 225 298 502 358 503 609 498 461 444 584 215 247 198 16 411 64 64 270 302 361 645 869 144 76 535 766 391 815 500 904 144 194 630 159 120 155 425 256 850 630 283 754 326 372 368 694 822 314 308 996 101 289 715 221 730 465 981 757 722 323 316 59 225 542 512 8 
33 5000 467 618 387 1 691 568 384 860 291 563 291 146 862 829 563 986 392 672 186 998 315 949 592 408 636 853 554 953 849 338 557 668 874 37 604 149 724 15 923 373 122 195 549 700 787 811 249 110 616 723 757 302 463 941 783 737 753 204 780 210 632 953 920 58 893 545 257 595 371 52 547 859 47 487 688 277 574 801 255 330 434 495 91 826 455 194 432 856 912 17 525 47 910 103 222 186 292 120 495 831 
34 5000 771 107 371 976 517 504 228 390 919 689 939 705 724 890 825 858 290 806 889 972 172 777 292 276 738 848 555 158 60 582 438 942 783 951 978 477 200 152 652 148 236 704 125 386 583 649 561 280 688 221 973 383 811 813 551 301 888 590 480 172 403 597 173 606 987 696 422 209 981 182 418 253 655 422 108 617 328 359 872 567 84 223 970 482 323 297 742 122 853 76 26 518 746 673 757 96 678 800 223 111 
35 5000 966 187 947 1 30 762 653 738 494 451 298 788 636 943 635 758 424 246 271 331 843 397 690 583 735 162 214 277 872 66 372 218 479 607 634 280 931 985 990 180 834 199 348 606 218 854 194 791 47 520 516 114 788 987 439 846 232 260 539 609 302 639 327 657 62 724 837 574 645 699 822 469 321 721 501 278 423 773 339 254 344 823 823 251 336 625 708 880 319 8 695 145 423 6 15 650 477 663 888 960 
36 5000 181 853 318 226 146 978 205 653 564 860 232 918 686 703 506 117 854 431 402 351 297 288 612 533 404 2 834 512 705 393 85 109 264 741 116 164 719 775 874 177 672 622 505 643 662 550 846 677 427 873 893 20 684 828 192 14 138 803 647 652 944 729 695 285 341 0 323 91 668 763 893 887 496 905 255 385 81 600 98 495 860 758 23 742 219 200 302 423 233 929 789 572 612 326 955 346 574 612 515 907 
37 5000 840 434 616 413 505 902 51 195 969 932 479 725 677 240 101 464 859 817 780 187 16 244 62 869 346 686 69 744 847 902 737 608 303 125 364 983 887 149 931 215 574 468 181 115 118 816 908 228 779 938 434 329 535 955 737 234 0 152 210 525 760 537 503 282 341 15 429 415 546 525 399 683 359 975 361 9 146 327 691 170 373 666 37 466 554 615 555 449 649 915 522 327 634 531 794 112 458 130 69 121 
38 5000 109 255 431 928 7 63 145 341 438 956 166 519 255 947 334 806 559 119 723 394 585 4 115 385 507 240 62 373 375 337 514 109 919 904 469 377 422 186 629 644 395 232 519 597 256 570 38 154 751 705 920 38 320 297 69 526 138 364 226 435 35 347 959 978 37 385 424 546 723 641 878 39 131 27 404 822 426 169 829 906 52 956 292 448 585 512 433 169 2 946 675 763 596 717 572 923 245 951 679 49 
39 5000 250 569 923 246 484 556 943 704 36 222 359 53 104 799 454 783 327 212 223 329 294 374 265 913 439 845 486 732 42 201 81 591 562 956 768 574 7 378 728 848 573 49 246 181 265 505 490 294 715 806 427 614 929 379 323 537 159 975 805 785 648 78 950 971 436 631 382 930 974 398 820 950 744 815 77 467 612 686 951 329 136 543 999 227 538 37 644 379 574 192 600 60 998 866 72 83 867 266 704 812 
40 5000 376 860 748 804 474 529 409 684 943 301 860 328 194 517 862 963 474 765 490 278 718 428 913 124 751 196 702 914 70 378 644 312 925 357 508 295 908 43 768 198 772 652 706 824 713 669 909 211 806 326 594 167 845 456 753 140 279 41 566 545 479 326 76 116 50 822 569 401 409 53 646 969 335 383 447 445 736 778 0 955 323 827 157 71 428 895 98 866 677 719 856 150 745 315 847 506 899 534 865 196 
41 5000 558 99 507 549 584 484 513 913 526 471 967 771 533 718 849 111 156 206 895 650 756 889 233 997 740 392 771 353 339 114 800 847 156 564 782 87 190 288 798 43 561 217 607 830 662 791 808 500 942 695 61 439 49 557 830 450 552 449 631 127 955 527 247 613 223 676 872 323 544 470 668 744 541 330 687 897 655 185 641 546 912 510 479 769 804 72 244 962 492 220 178 889 53 84 547 850 996 505 144 592 
42 5000 754 52 956 19 383 967 944 329 175 380 424 649 414 645 3 771 990 124 544 85 84 285 134 292 655 437 512 5 932 967 938 822 650 397 965 963 225 128 83 78 606 203 702 304 16 937 455 172 295 751 268 461 76 65 187 587 503 584 419 621 707 821 558 536 778 213 467 768 421 657 777 691 49 821 488 101 500 65 625 290 124 331 420 827 432 829 995 615 58 863 17 332 215 667 281 849 402 551 700 716 
43 5000 545 244 668 307 323 746 265 721 872 554 274 39 602 589 474 15 335 684 185 813 499 961 522 867 569 953 350 472 507 808 375 187 390 420 368 658 969 836 983 940 354 772 129 924 572 591 375 949 188 586 352 211 725 905 620 51 101 968 978 707 796 721 668 650 968 560 456 71 242 289 62 629 386 930 888 46 598 748 534 646 611 333 61 433 352 67 465 799 361 846 347 452 691 373 225 672 509 885 481 468 
44 5000 120 651 391 752 629 84 216 100 959 815 832 220 443 564 844 697 717 162 679 122 119 564 605 199 332 192 162 911 461 457 961 363 297 807 326 364 962 134 748 372 656 891 617 875 744 766 204 812 873 250 354 124 363 943 873 30 577 947 63 121 492 184 381 864 188 990 693 618 481 821 86 745 408 416 708 912 790 267 610 186 594 734 50 4 299 648 238 626 6 752 979 146 489 815 196 672 925 774 788 759 
45 5000 503 733 804 695 650 178 393 724 78 241 503 815 372 361 797 53 353 188 756 259 914 65 433 929 558 947 830 84 359 79 374 125 563 301 442 289 540 306 426 798 321 702 289 294 417 221 92 656 170 914 453 793 317 688 413 501 21 16 675 988 60 165 682 148 414 797 508 191 953 273 31 714 453 512 346 808 659 748 902 293 612 23 322 690 950 766 380 993 422 305 93 868 318 641 414 355 29 341 483 658 
46 5000 481 897 903 148 626 375 19 136 747 721 661 537 761 554 327 2 264 788 260 623 523 940 412 802 139 454 740 365 600 893 812 540 436 337 202 867 211 837 622 654 46 262 275 54 917 392 397 377 431 587 449 709 303 890 932 459 250 901 297 892 535 260 912 280 851 100 560 734 798 290 438 329 643 836 115 606 601 263 434 55 343 338 813 659 961 968 920 103 97 617 194 744 464 91 166 918 475 33 76 705 
47 5000 195 970 720 721 342 252 24 46 549 738 307 872 608 563 685 975 916 832 613 594 842 584 5 821 234 877 929 83 775 329 318 828 429 955 686 986 667 663 312 322 720 233 853 255 554 126 868 254 803 981 214 383 369 127 776 119 911 957 522 3 941 523 322 247 746 168 528 872 859 567 757 476 288 5 878 228 227 234 633 186 478 761 897 515 279 914 20 725 780 510 236 495 876 495 595 200 610 374 401 723 
48 5000 879 804 608 643 647 158 158 406 394 438 720 555 15 360 806 631 892 959 720 823 345 561 330 973 207 468 111 18 706 186 435 474 407 558 582 53 411 637 437 998 537 635 338 239 707 809 50 963 246 617 325 689 329 978 34 443 276 10 313 123 934 55 723 656 840 357 862 30 411 231 426 809 861 62 164 209 65 985 710 337 100 588 757 692 671 471 543 506 147 31 112 36 416 280 329 391 295 74 104 988 
49 5000 699 575 809 235 286 303 345 530 819 607 834 176 929 916 403 296 533 598 24 356 599 787 890 368 491 2 288 399 609 923 430 440 542 146 234 267 453 285 495 362 918 238 440 492 929 988 120 59 293 756 610 780 134 874 496 825 719 206 600 989 336 464 433 989 430 265 321 491 722 277 698 956 530 286 514 895 13 536 235 631 548 189 406 160 968 237 248 207 875 722 237 68 749 600 171 333 69 96 657 84 
50 5000 169 894 507 660 42 0 10 587 815 634 541 758 115 983 484 472 40 160 932 406 956 221 136 133 839 578 174 264 385 649 799 819 592 93 943 914 58 475 853 362 684 702 304 277 28 69 884 284 6 273 804 410 176 220 207 278 318 988 441 668 521 774 271 61 506 176 496 251 403 650 934 610 693 502 254 122 541 221 615 759 239 549 590 300 969 79 326 188 616 766 437 523 842 170 569 772 145 787 124 299 
