FILE: D41.01
30 80 0
1 4000 398 998 726 663 999 339 450 890 796 912 382 333 213 198 664 758 67 890 644 458 775 380 677 713 713 929 951 592 845 713 178 58 190 485 496 855 235 58 417 152 890 338 182 389 69 115 345 318 496 342 947 700 834 110 120 615 715 46 458 877 793 350 1 494 379 188 188 676 782 661 602 323 929 69 868 491 373 692 535 790 
2 4000 268 796 305 187 421 101 419 181 995 406 586 820 980 614 264 531 5 858 653 225 597 957 240 654 475 911 247 482 979 666 807 42 218 862 237 252 38 771 229 645 409 172 317 999 306 351 461 521 698 963 82 71 729 973 410 366 684 385 473 672 836 996 575 914 773 866 608 699 283 756 51 214 411 228 976 457 766 628 926 787 
3 4000 684 690 10 249 321 954 34 648 302 735 43 840 985 855 96 209 956 855 627 798 845 913 231 61 45 174 230 709 450 731 842 619 781 946 318 266 611 366 879 658 674 921 798 234 562 638 475 705 384 595 843 290 507 313 956 328 951 332 93 737 539 162 232 278 403 354 230 97 929 892 555 522 736 622 922 571 795 960 656 145 
4 4000 265 570 153 382 149 252 259 126 363 738 922 991 310 643 965 990 557 259 311 183 699 433 515 336 17 236 942 35 8 650 430 241 404 983 796 753 741 239 14 535 106 152 414 391 132 117 750 953 842 723 473 438 441 111 58 165 641 881 731 281 618 760 429 675 197 756 354 549 348 5 942 604 603 49 616 326 470 744 146 333 
5 4000 453 527 971 241 766 265 324 40 326 392 504 431 135 559 132 98 635 528 754 385 130 499 605 349 867 625 913 653 880 900 549 265 178 170 403 443 380 454 300 965 383 323 821 78 163 536 860 127 304 659 266 344 339 889 412 758 506 793 37 698 13 185 204 851 398 871 711 360 83 455 812 909 717 948 584 281 401 396 776 351 
6 4000 381 227 504 979 321 562 612 785 722 186 64 254 615 415 197 164 88 568 181 781 767 263 535 812 827 259 41 570 639 66 890 326 640 29 426 312 517 122 299 353 312 155 411 587 524 623 458 244 818 916 443 960 420 93 985 581 805 966 782 942 764 689 55 577 445 579 333 831 460 393 413 355 663 770 842 428 673 65 762 102 
7 4000 751 290 469 622 123 378 521 93 339 499 741 864 755 629 965 598 756 113 871 497 779 419 735 652 760 820 462 977 87 212 726 715 642 783 578 961 51 772 348 195 706 6 197 271 685 468 161 851 128 582 29 736 194 460 891 73 180 813 721 905 887 755 813 30 843 209 430 637 470 143 513 699 783 354 771 567 721 6 27 769 
8 4000 706 659 139 445 521 997 350 418 92 975 414 350 285 604 327 963 297 97 30 782 745 583 907 389 35 129 429 626 122 262 789 751 233 733 878 989 670 729 426 454 262 251 677 920 590 889 418 398 543 698 726 996 330 399 266 16 525 634 480 788 244 474 519 166 43 915 266 201 641 573 276 916 48 305 992 689 203 956 78 190 
9 4000 712 980 210 345 775 119 169 302 907 894 577 863 534 100 132 352 64 31 668 384 533 667 900 510 401 519 183 203 618 372 145 160 529 630 519 367 723 488 38 935 430 651 717 132 534 815 385 616 819 629 790 309 535 365 142 908 868 995 420 476 425 921 298 98 313 54 31 68 912 471 139 573 937 364 241 342 880 512 882 231 
10 4000 423 974 685 217 930 241 692 755 587 553 215 989 305 608 63 764 977 378 470 921 172 251 582 843 864 213 833 708 300 306 68 443 587 50 748 815 98 88 80 660 291 731 423 693 34 654 806 887 28 445 904 871 427 230 322 340 240 97 521 918 618 527 234 463 613 560 718 282 509 918 684 203 308 788 246 9 483 501 740 163 
11 4000 567 816 743 329 697 30 156 629 691 633 677 123 751 727 512 474 400 926 677 263 728 960 721 934 559 699 227 823 615 808 919 258 286 773 741 175 93 490 726 243 433 156 17 949 709 674 881 625 437 287 52 874 415 664 256 368 557 159 252 495 487 455 244 808 475 316 998 759 821 667 516 682 277 720 599 485 596 357 160 36 
12 4000 810 503 614 698 321 697 196 993 411 583 554 849 251 538 457 414 14 163 956 900 180 840 855 419 629 100 827 293 611 983 16 793 197 153 476 789 294 947 291 263 823 103 708 180 151 375 145 649 379 751 399 883 564 505 916 891 487 786 448 401 44 976 955 954 870 531 96 666 274 517 135 603 88 570 631 252 527 499 737 54 
13 4000 640 237 459 464 460 375 716 508 444 989 552 307 282 982 332 544 696 655 276 320 294 732 167 403 96 555 587 296 810 665 509 139 458 495 607 869 449 384 114 645 686 639 573 978 804 864 341 555 133 258 160 211 482 136 669 25 330 346 181 15 526 845 578 381 91 118 662 789 205 684 814 648 994 385 291 849 183 702 23 952 
14 4000 236 793 239 264 60 488 767 800 867 950 364 577 296 229 906 228 388 420 785 388 497 646 364 831 740 593 825 824 85 798 261 665 652 432 344 878 343 770 430 25 377 95 430 621 833 229 298 95 795 430 479 294 186 860 155 477 893 348 643 276 271 671 782 595 622 64 652 915 740 180 471 968 126 225 15 253 945 473 404 367 
15 4000 348 900 594 609 228 134 423 839 14 455 553 46 595 59 158 610 979 300 684 711 753 137 547 865 970 503 101 51 532 807 716 397 680 296 321 900 674 495 245 136 257 438 709 445 6 919 803 549 154 466 303 68 980 276 159 922 362 813 13 59 589 299 571 508 16 807 197 203 666 189 546 557 372 538 607 252 545 426 976 217 
16 4000 168 610 717 257 109 453 652 310 348 756 420 789 206 232 150 989 174 338 100 25 441 680 91 261 701 717 88 714 347 975 779 389 636 497 478 18 925 742 214 174 567 652 333 225 564 112 476 101 568 515 255 340 330 652 490 374 181 652 336 549 642 178 158 810 770 612 482 560 306 436 876 623 252 540 110 817 939 660 418 72 
17 4000 204 680 229 590 759 7 197 992 341 744 880 941 753 868 903 193 371 156 966 560 224 45 515 738 231 176 451 485 702 817 687 99 683 896 932 688 244 867 510 179 305 108 590 544 96 95 648 218 838 52 514 164 742 301 850 568 923 39 398 617 316 743 839 347 199 944 619 15 398 569 570 968 791 580 683 482 183 128 869 535 
18 4000 162 940 52 988 21 152 444 129 343 322 339 70 338 817 273 952 539 324 888 420 927 673 362 360 110 715 718 345 617 455 888 765 926 179 851 115 313 767 704 408 99 940 6 171 420 637 231 15 85 254 682 220 631 956 715 327 167 786 599 195 95 784 870 493 311 847 524 98 964 530 881 359 394 524 474 714 307 18 801 611 
19 4000 813 672 287 203 402 414 302 806 461 784 571 560 411 39 822 278 87 741 30 958 415 49 70 906 22 427 161 963 836 996 912 778 291 233 332 624 229 262 639 707 84 422 225 437 450 365 599 643 620 375 669 184 200 145 208 943 374 719 829 649 941 823 340 527 682 313 790 209 191 931 86 906 723 127 497 295 190 125 895 83 
20 4000 871 985 88 737 945 864 77 328 433 187 586 974 647 973 701 836 744 4 978 149 463 76 847 249 657 48 663 67 705 900 250 60 394 523 274 42 374 465 304 893 774 341 880 607 75 137 458 652 826 119 559 106 314 566 970 548 761 53 346 158 161 492 47 6 334 661 562 997 300 429 358 436 570 406 506 687 438 225 916 891 
21 4000 872 189 535 212 105 492 346 589 502 727 512 441 820 920 515 321 433 789 627 966 633 456 552 725 584 327 601 821 43 364 224 437 421 464 256 66 292 161 709 122 941 373 469 257 34 421 725 374 26 16 489 784 375 462 42 494 174 767 646 84 291 903 376 143 603 913 414 735 426 101 640 867 733 17 870 417 253 452 590 502 
22 4000 42 170 514 752 623 584 831 450 293 111 466 23 679 408 207 832 145 222 44 758 149 57 560 515 128 398 714 199 18 690 869 12 2 798 408 642 568 178 762 266 486 458 230 649 793 664 398 295 365 797 527 138 198 994 736 722 967 979 339 352 965 27 166 180 23 164 222 694 492 817 523 584 893 630 450 445 316 674 474 290 
23 4000 176 764 585 351 405 96 278 116 687 938 431 92 822 578 925 248 813 255 353 616 774 295 647 15 246 164 983 362 25 661 802 547 85 966 286 340 693 765 140 292 318 174 17 104 413 674 437 429 678 771 539 587 885 622 508 140 873 319 28 820 790 66 593 761 192 964 40 516 81 620 119 814 483 304 469 542 654 865 835 906 
24 4000 513 135 863 252 391 29 328 506 694 70 129 707 573 549 905 600 191 41 603 761 681 503 857 216 401 663 504 29 557 921 97 828 810 487 752 726 949 965 168 631 224 113 174 380 433 988 634 697 370 195 73 423 699 472 839 998 882 306 179 657 224 830 43 313 654 686 975 593 314 97 937 1 570 862 394 665 521 481 526 656 
25 4000 610 146 891 321 435 802 394 632 332 6 899 987 855 799 338 451 723 310 648 906 331 313 384 71 435 449 363 858 80 344 165 48 388 331 844 742 281 991 694 557 749 255 410 46 741 253 492 296 289 656 226 186 941 716 103 265 115 725 1 721 451 113 983 415 771 905 61 440 725 753 756 180 725 264 803 333 267 837 855 874 
26 4000 218 740 513 422 177 632 535 974 498 261 570 486 65 540 254 266 424 743 16 642 348 22 440 878 448 962 512 814 913 413 625 180 970 294 653 74 167 603 959 560 68 345 675 855 449 598 95 79 602 440 526 39 823 948 449 997 697 997 315 925 252 63 841 175 599 773 136 69 133 391 503 353 902 985 268 997 222 478 468 302 
27 4000 155 306 752 793 921 904 332 851 846 736 334 570 950 88 386 792 751 347 793 804 390 975 135 652 670 907 642 550 98 591 180 350 529 374 198 536 502 479 479 723 862 265 34 121 769 8 988 930 668 908 802 142 347 555 669 723 637 557 434 622 884 564 878 607 760 392 713 366 522 481 126 865 308 389 225 421 561 559 218 457 
28 4000 184 64 683 418 506 548 762 802 661 98 625 789 482 245 56 428 481 830 489 852 31 937 352 497 336 630 60 779 276 700 491 213 728 143 300 435 464 591 914 96 195 412 541 95 887 701 51 133 916 874 61 30 173 93 79 808 698 230 36 974 954 605 65 3 322 192 861 464 910 539 470 776 282 102 850 54 186 216 42 14 
29 4000 885 431 310 407 184 414 74 956 734 151 993 255 732 669 42 602 582 976 917 244 630 466 618 986 564 486 564 648 563 295 54 330 801 126 459 956 394 583 946 68 382 72 116 337 839 504 369 755 718 979 363 985 501 665 391 837 273 605 40 328 293 658 956 309 670 301 75 120 230 502 150 240 171 390 933 407 598 944 836 173 
30 4000 532 405 438 364 493 647 663 408 235 215 977 13 746 248 458 149 92 20 68 812 208 292 983 535 225 223 315 117 425 37 75 539 423 174 726 527 673 142 155 748 873 792 420 93 387 225 116 16 262 63 695 412 942 293 587 987 262 407 478 592 830 54 565 502 382 928 153 89 199 101 429 875 200 533 756 423 772 967 330 43 
