FILE: 50.10
50 50 0 
1 6555 33667 33467 33467 32867 32867 33867 34167 33367 33167 33267 33267 33067 33667 33167 35767 33067 33467 32867 32867 33467 34267 37067 32867 34067 34567 33367 35467 33267 33467 35067 33167 33167 32867 33967 34467 33667 32967 32867 34467 34967 35867 32967 33667 36167 35467 34767 33267 33467 33867 35567 
2 0 7000 5800 5600 4900 6400 3400 7400 6300 4900 6000 3800 4500 5600 4600 7500 300 7900 4400 5700 6800 8500 9900 9100 6600 6000 3200 8900 6800 4400 8400 4900 9400 7100 9300 8000 5200 4700 5900 7000 9100 9700 5500 4600 12400 6900 3800 2300 7700 6200 9100 
3 0 8800 5400 10000 9700 9200 2000 9200 8100 3500 7900 8600 7300 10400 8000 12300 5100 8800 9200 6500 9100 10900 4500 10800 11400 9400 8000 7600 9800 5400 8100 9700 11300 8200 10700 10400 8600 9500 9400 9800 13300 8400 7300 3300 14300 6600 5600 4100 6400 5700 10900 
4 0 7800 8200 8500 4200 7900 9700 8100 8900 10600 9000 3100 9000 10300 9100 9200 6600 6700 9100 5300 6300 9500 10300 10600 5900 6900 7900 8400 7300 9600 7900 6600 11100 6100 8600 2700 7700 6400 5800 10300 10800 11800 7800 8500 14100 8100 7500 8600 8400 9500 7800 
5 4963 8800 9200 7300 3000 6700 10700 8500 7700 11600 8900 4100 7800 9100 7900 9000 7600 6600 7900 6300 5100 8300 10200 9400 4700 9300 6700 7200 6100 10600 6700 6400 9900 5800 8500 9200 6500 6000 4600 9100 10600 11600 8800 9500 12900 9100 11100 9600 7800 10300 12300 
6 3461 8700 6000 7500 5100 8000 5000 7900 7100 3500 3500 4000 6400 7500 6500 9400 2200 5800 6300 5300 7200 10200 9900 9600 6800 7900 5100 6400 8200 6300 8800 6800 10100 6600 9100 9800 7100 6600 6700 4500 11000 7200 7400 2100 13100 4400 5700 4200 5200 8100 11000 
7 6124 8100 9200 2000 3000 2800 10400 8500 7700 11600 8900 4100 7200 3800 7300 6700 7300 6600 3200 6300 5100 4900 10200 9400 1300 8700 4400 7200 2300 10600 6700 4300 9900 5800 8500 8200 5900 4900 4600 6400 9200 11600 6600 8700 12900 9100 9100 9300 7800 9300 10200 
8 769 9700 8500 6300 6500 5700 6100 9200 8400 7600 8600 7600 8200 8100 8700 6500 6000 6300 7500 7200 5800 9600 9900 10900 8200 6500 8700 7900 5100 7100 7400 3100 11400 5700 8200 2300 8500 3700 4900 9800 8100 13700 8200 10300 14400 10000 2500 5000 11300 8900 2800 
9 5504 9900 10700 9500 6500 8900 8900 4600 3800 10400 9200 7600 4500 9600 5200 9600 8700 6900 9000 7800 5200 4800 10500 100 8200 6600 7800 8700 9300 10000 8200 7900 400 6300 8800 9500 4800 7500 6100 5200 12100 12200 8400 11000 3400 10600 9400 6900 9800 5200 13800 
10 1644 11700 12100 12600 8300 12000 11900 12000 13000 12200 12200 8800 13100 14000 13200 13300 10900 10300 12800 8000 10400 8500 13900 13400 10000 14600 12000 10900 11400 13500 12000 11700 13700 9700 12200 12900 11800 11300 9900 13200 13100 7300 10500 6600 16700 10800 14400 12900 3500 13700 17600 
11 0 8400 8800 9100 4800 8500 10300 8700 9500 11200 10500 3700 9600 10900 9700 10800 7200 8200 9700 5900 6900 10100 11800 11200 6500 11100 8500 9000 7900 10200 8500 8200 11700 7600 10100 9500 8300 7800 6400 10900 12400 12400 8400 9100 14700 8700 10700 9200 9000 10100 14100 
12 6597 3800 4200 7700 3400 7100 7300 4100 5300 6600 4700 2300 6300 9500 6400 7400 5500 2400 8300 100 2700 8700 6000 7800 5100 7800 7100 6000 6500 5600 5500 4800 8300 1800 4300 5000 6900 4200 3000 6000 9000 6600 2400 3300 11300 2700 8100 6600 4600 8400 10100 
13 5522 7900 4500 9500 8800 10300 1100 8300 7200 400 7000 7700 6400 9500 7100 11400 4200 8300 8300 6300 8900 10000 7600 9900 10500 8500 7100 10300 10700 4500 7200 8800 10400 8000 10500 9500 7700 8600 9200 8400 12400 11100 6400 6000 13400 3500 4700 3200 9100 4800 10000 
14 5978 33667 33467 33467 32867 32867 33867 34167 33367 33167 33267 33267 33067 33667 33167 35767 33067 33467 32867 32867 33467 34267 37067 32867 34067 34567 33367 35467 33267 33467 35067 33167 33167 32867 33967 34467 33667 32967 32867 34467 34967 35867 32967 33667 36167 35467 34767 33267 33467 33867 35567 
15 80 9400 9800 700 3600 100 9100 8600 7800 10600 8600 4700 6800 2500 6900 5900 6000 6300 1900 6900 5200 4000 9900 8900 4000 8300 3100 7100 500 10100 6800 2500 9200 5500 7500 6400 5500 3100 4300 9100 7500 11100 8200 6000 12200 9700 7800 8000 8400 6600 8400 
16 0 5200 5600 5900 1600 5300 7100 5500 6300 8000 7300 500 6400 7700 6500 7600 4000 5000 6500 2700 3700 6900 8600 8000 3300 7900 5300 5800 4700 7000 5300 5000 8500 4400 6900 6300 5100 4600 3200 7700 9200 9200 5200 5900 11500 5500 7500 6000 5800 6900 10900 
17 0 5300 4500 6300 2900 5700 7900 4400 3600 8300 3000 3800 7700 8100 7800 5700 6900 700 7500 1600 1000 8200 4300 6100 4600 7500 6600 4300 5100 5900 3800 3100 6600 100 2600 3300 6400 2500 1300 5000 7300 8100 4100 4800 9600 4400 8100 6700 6100 6700 8400 
18 5563 7900 9500 1300 4800 2100 7100 10300 9500 8600 9700 5900 5600 1300 5700 7900 4000 8300 100 8100 6900 4200 11900 8800 4600 7100 1100 9000 2500 8100 8500 4500 9300 7500 7200 8400 4300 5100 6300 9700 6100 11600 6400 8000 12300 10600 6000 6000 9200 6300 10400 
19 5777 11800 14000 9400 9800 9800 13500 12500 11700 14300 12500 10900 13100 9400 13200 9800 11000 10200 8200 10100 9100 11000 13800 14200 11500 14500 9400 11200 9200 14500 10700 7200 14700 9400 12100 10300 11800 7000 8200 13100 2200 3600 10300 8700 17700 12900 9900 12400 7400 14600 13100 
20 0 3400 8500 6700 5100 7500 7200 5100 4300 8700 8600 6200 5800 8500 5900 8800 7100 6300 7900 4400 5700 7000 10300 6800 3400 7300 8600 9200 7000 8200 8700 8400 7300 6100 8600 9300 6500 8000 6600 1700 10000 10900 1900 7600 10300 7000 7600 6100 8900 10000 12900 
21 6662 9400 9500 8800 7900 8200 9900 9400 8600 11400 8000 7500 4600 10100 4700 8200 8200 5700 9500 6600 6000 9300 9300 9200 9600 2500 10100 9300 7600 10900 8800 5600 9500 5100 7600 1700 5300 5400 6300 10000 9800 13100 7900 9800 12500 9400 6500 8800 11100 10900 6800 
22 951 7300 700 10100 6900 10600 2700 7600 7800 4200 3200 5800 7000 10100 7700 10900 4800 4500 8900 4800 6200 11600 9200 10600 8600 9100 7700 9500 10000 700 8800 8300 11100 5300 7800 8500 8300 7700 6500 9500 12500 11300 7000 8000 14100 7300 5300 3800 9300 6400 10600 
23 0 1700 6800 7700 6000 8500 5500 6700 6400 7000 6500 4900 4100 7700 4200 10000 5400 4200 6500 2700 5300 8800 8600 8700 5500 5600 7700 8600 8900 6500 8100 7400 9000 4400 6900 7600 4800 6800 5600 3800 8300 9200 200 5900 12000 4900 5900 4400 7200 8300 11200 
24 6736 6000 6400 7600 5600 6800 6200 6300 7500 6500 6500 4500 8700 9400 8800 9600 5200 4600 8800 2300 4900 7200 8200 10000 7300 10200 8100 5200 7400 7800 7700 7000 10500 4000 6500 7200 9100 6400 5200 7500 10000 4200 4800 900 13500 5100 8700 7200 2200 9900 12300 
25 3387 8900 9300 9000 5500 8400 9100 9200 10200 9400 9400 6000 9600 9800 9700 9100 8100 7500 8600 5200 7600 4300 11100 9200 7200 11100 9200 8100 8600 10700 9200 8900 9500 6900 9400 10100 8300 8500 7100 10400 8900 3100 7700 3800 12500 8000 11600 10100 700 9500 14800 
26 2181 900 7200 8100 6400 8900 5900 7100 6800 7400 7300 5300 4500 8100 4600 10400 5800 5000 6900 3100 5700 9200 9000 9100 5900 6000 8100 9000 9300 6900 8500 7800 9400 4800 7300 8000 5200 7200 6000 4200 8700 9600 600 6300 12400 5700 6300 4800 7600 8700 11600 
27 0 12200 8800 13800 12500 14600 5400 12600 11500 3900 10900 11400 10700 13800 11400 15700 8500 12600 12600 10600 13200 14300 11900 14200 14200 12800 11400 13800 15000 8800 11500 13100 14700 12300 14800 13800 12000 12900 13500 11900 16700 14600 10700 9500 17700 7800 9000 7500 12600 9100 14300 
28 6623 6800 6000 5200 1400 4600 8400 4100 3300 9800 4500 2500 6200 7000 6300 4600 5800 2200 6300 3100 700 6700 5800 5800 3100 7700 5100 2800 4000 7400 2300 2000 6300 1400 4100 4800 4900 1600 200 4700 6200 9600 5600 6300 9300 5900 7600 6400 6200 8200 7900 
29 0 5500 5900 4600 300 4000 7400 5800 5000 8300 6200 800 5100 6400 5200 6300 4300 3900 5200 3000 2400 5600 7500 6700 2000 6600 4000 4500 3400 7300 4000 3700 7200 3100 5800 6500 3800 3300 1900 6400 7900 8300 5500 6200 10200 5800 7800 6300 4500 7200 9600 
30 0 8200 8600 1900 2400 1300 9000 7400 6600 10500 7400 3500 7200 3700 7300 4700 5900 5100 3100 5700 4000 5200 8700 8800 4100 8700 4300 6100 700 10000 5600 1300 9300 4300 7000 5200 5900 1900 3100 8000 6300 11000 8200 7200 12300 8500 6900 7900 7200 7800 7200 
31 0 7100 7500 7900 4100 7300 5800 1400 600 7300 6000 5200 7700 9700 8400 7300 5700 3700 9000 4600 2000 6800 7300 3100 5800 9800 7800 5500 6700 6800 5000 4700 3600 3100 5600 6300 7600 4300 2900 2000 8900 11100 5600 7800 6600 7400 6200 3700 8900 7300 10600 
32 4336 7800 8200 4000 4200 3200 7000 8100 8900 8500 8000 3100 8000 4300 8100 9200 4800 7500 3100 5300 6300 7200 11100 8400 5900 9500 1900 8400 3800 8900 7900 5800 8900 6900 4200 8900 6700 6400 5800 10300 9100 11800 7800 8500 11900 8100 8300 6800 8400 3300 11700 
33 5764 8600 5200 10200 8000 11000 1800 9000 7900 3300 7700 8000 7100 10200 7800 11200 4900 8100 9000 5800 7300 10700 8300 10600 9700 9200 7800 9400 10600 5200 4300 8600 11100 7500 10000 10200 8400 8200 6800 9600 12800 12200 7100 7100 14100 3000 5400 3900 10200 5500 10700 
34 6571 7300 6100 4700 4000 5500 3700 7700 6600 5200 6300 2900 4800 4700 4900 7800 600 7100 3500 4800 6100 7600 10200 9400 5700 6300 2300 8200 5900 4700 7700 5200 9700 6500 8400 8300 5500 5000 5600 7300 9400 10000 5800 4900 12700 7200 4100 2600 8000 6500 9400 
35 6122 5200 4000 6800 6100 7600 1600 5600 4500 3100 6500 5000 3700 6800 4400 8700 1500 7800 5600 6200 6200 9000 8100 7300 7800 5800 4400 9700 8000 2600 7700 6100 7800 7300 9800 6800 5000 5900 7100 6200 9700 10900 3700 5800 10800 6200 2000 500 8900 4400 7300 
36 0 7000 8800 5700 2600 6300 7500 8100 7300 9000 8500 3700 2200 5700 2300 6700 5800 6200 5100 5900 4700 4900 9800 3800 4300 3700 3900 6800 5700 8500 6300 4500 4300 5400 8100 7600 900 3900 4200 8700 8700 11200 5500 9100 7300 8700 7900 6400 7400 4700 10400 
37 0 5700 9800 3300 7000 4100 7400 10700 10300 8900 10900 8100 7600 3300 7700 9900 6200 8600 2100 6700 9100 6400 12600 11000 6600 9100 3300 11100 4500 8400 10700 6500 11500 8400 9400 8600 6300 7100 8300 7800 3900 9700 4200 9900 14500 9300 3800 6300 11200 8500 9100 
38 6647 8500 8900 5100 6900 4300 6900 8800 8800 7200 7200 7000 10100 6900 10200 10100 5900 7100 6300 4800 6200 8400 9400 11300 8400 11600 7500 2700 4900 10000 7800 6900 11800 6500 9000 9700 9900 7100 5700 8200 11700 6700 7300 1600 14800 7600 9400 7900 4700 10600 12800 
39 3363 8000 7200 3600 3000 3000 7300 5700 4900 8800 5700 4100 6300 5400 6400 3000 4200 3400 4800 4300 2300 6900 7000 7400 4700 7700 6000 4400 2400 8300 3900 400 7900 2600 5300 3500 5000 200 1400 6300 4600 10400 6800 7500 10900 7100 6000 6200 7800 8800 6300 
40 0 8100 9900 900 5200 1700 7500 10200 9400 9000 10100 6300 5200 900 5300 7500 4400 7900 300 8500 6800 4600 11500 8600 4200 6700 1500 8700 2100 8500 8400 4100 9100 7100 7600 8000 3900 4700 5900 9300 6300 12000 6600 7600 12100 11000 6200 6400 9600 6700 10000 
41 0 9100 8300 9400 6700 8600 11700 8200 7400 12100 6800 7600 11500 9700 11600 9500 10200 4500 8500 5400 4800 12000 8100 9900 8400 11300 7300 8100 8900 9700 7600 6900 10400 3900 1200 7100 10200 6300 5100 8800 11100 11900 7900 8600 13400 8200 11900 10500 9900 8700 12200 
42 6594 8600 10000 5400 3800 5600 9100 6700 4700 10600 9700 4900 3800 7000 3900 3300 7400 7400 5800 7100 5900 1500 11000 6400 2100 5300 6800 8000 5700 10100 7500 6700 6700 6600 9300 9500 2500 6500 5400 7200 10900 8900 7100 9600 9700 9900 9500 8000 6500 6700 12600 
43 6646 9600 9000 3000 4300 3800 6600 9800 9000 8100 9200 5400 6700 3000 6800 9600 3500 7900 1800 7600 6400 5900 11500 8300 5800 8200 600 8500 4200 7600 8000 6200 8800 7100 6700 10100 5400 6800 5900 10200 7800 12900 8100 7800 11800 10100 7000 5500 9100 5800 12100 
44 6340 5100 8000 5800 4500 6600 5600 9400 8200 7100 9600 5600 300 5800 400 6800 3900 8000 5200 6100 6600 5000 11700 4900 5600 1800 5800 8700 7000 6600 8200 6400 5200 7300 10000 6000 1000 5800 6100 7200 10600 12400 3600 8200 8200 8700 6000 4500 9300 6600 11100 
45 0 5900 6300 4400 100 3800 7800 5600 4800 8700 6000 1200 4900 6000 5000 6100 4700 3700 4800 3400 2200 5200 7300 6500 1600 6400 3600 4300 3200 7700 3800 3500 7000 2900 5600 6300 3600 3100 1700 6200 7700 8700 5900 6600 10000 6200 8200 6700 4900 7400 9400 
46 0 11500 8100 8000 8600 7400 5600 6800 4800 7100 6600 8300 7800 8800 8500 8100 7800 7900 7600 10000 7400 3300 12100 3200 6900 9900 7100 10900 7800 8900 10400 9800 3700 8500 9400 11700 7300 9700 8300 7400 13600 10700 10000 10900 6700 10200 8300 6800 8300 1900 13600 
47 2933 3100 3500 7000 2700 6400 6900 3400 5400 7300 5200 1600 7000 8800 7100 7900 5100 2900 7600 600 3200 8000 6500 7900 4400 8500 6400 6500 5800 4900 6000 5300 8400 2300 4800 5500 6200 4700 3500 6700 9500 7100 3100 3800 11400 3400 8600 7100 5100 8000 10600 
48 1379 6500 5700 5100 1700 4500 8700 4400 3600 9500 4200 2800 6500 6900 6600 4500 5700 1900 6300 2800 1000 7000 5500 6100 3400 8000 5400 3100 3900 7100 2600 1900 6600 1100 3800 4500 5200 1300 100 5000 6100 9300 5300 6000 9600 5600 7500 6700 6500 7900 7800 
49 6569 7700 2000 8800 5400 8200 5400 6900 6100 6900 500 6300 9700 10600 10200 8200 6200 1800 10000 4100 3500 9400 6800 8600 7100 10000 9100 6800 7600 3400 6300 5600 9100 2600 5100 5800 8900 5000 3800 7500 9800 10600 6200 6100 12100 6900 8000 6500 8600 4200 10900 
50 0 9400 6000 8400 8400 7600 2600 9800 7800 4100 5800 7500 7900 8700 8100 11100 5700 7100 7500 9400 8800 6300 9100 6200 9900 9500 6300 12100 8200 6000 8700 10200 6700 7900 8600 11000 6700 9700 9100 10400 13500 13000 7900 7900 9700 7200 6200 4700 11000 1100 11500 
