FILE: 1234PCodesS.txt
128 128 0 
1 3000 4 3 4 24026 4 24026 24026 24026 3 24026 24026 24026 24026 24026 24026 24026 3 24026 24026 24026 24026 24026 24026 24026 24026 24026 24026 24026 24026 24026 24026 24026 2 24026 24026 24026 24026 24026 24026 24026 24026 24026 24026 24026 24026 24026 24026 24026 24026 24026 24026 24026 24026 24026 24026 24026 24026 24026 24026 24026 24026 24026 24026 24026 0 24026 24026 24026 24026 24026 24026 24026 24026 24026 24026 24026 24026 24026 24026 24026 24026 24026 24026 24026 24026 24026 24026 24026 24026 24026 24026 24026 24026 24026 24026 24026 24026 24026 24026 24026 24026 24026 24026 24026 24026 24026 24026 24026 24026 24026 24026 24026 24026 24026 24026 24026 24026 24026 24026 24026 24026 24026 24026 24026 24026 24026 24026 24026 
2 3000 1 3 24026 1 24026 4 24026 24026 24026 4 24026 24026 24026 24026 24026 24026 24026 3 24026 24026 24026 24026 24026 24026 24026 24026 24026 24026 24026 24026 24026 24026 24026 4 24026 24026 24026 24026 24026 24026 24026 24026 24026 24026 24026 24026 24026 24026 24026 24026 24026 24026 24026 24026 24026 24026 24026 24026 24026 24026 24026 24026 24026 24026 24026 2 24026 24026 24026 24026 24026 24026 24026 24026 24026 24026 24026 24026 24026 24026 24026 24026 24026 24026 24026 24026 24026 24026 24026 24026 24026 24026 24026 24026 24026 24026 24026 24026 24026 24026 24026 24026 24026 24026 24026 24026 24026 24026 24026 24026 24026 24026 24026 24026 24026 24026 24026 24026 24026 24026 24026 24026 24026 24026 24026 24026 24026 24026 
3 3000 2 24026 4 4 24026 24026 2 24026 24026 24026 2 24026 24026 24026 24026 24026 24026 24026 1 24026 24026 24026 24026 24026 24026 24026 24026 24026 24026 24026 24026 24026 24026 24026 4 24026 24026 24026 24026 24026 24026 24026 24026 24026 24026 24026 24026 24026 24026 24026 24026 24026 24026 24026 24026 24026 24026 24026 24026 24026 24026 24026 24026 24026 24026 24026 2 24026 24026 24026 24026 24026 24026 24026 24026 24026 24026 24026 24026 24026 24026 24026 24026 24026 24026 24026 24026 24026 24026 24026 24026 24026 24026 24026 24026 24026 24026 24026 24026 24026 24026 24026 24026 24026 24026 24026 24026 24026 24026 24026 24026 24026 24026 24026 24026 24026 24026 24026 24026 24026 24026 24026 24026 24026 24026 24026 24026 24026 
4 3000 24026 3 3 0 24026 24026 24026 0 24026 24026 24026 0 24026 24026 24026 24026 24026 24026 24026 1 24026 24026 24026 24026 24026 24026 24026 24026 24026 24026 24026 24026 24026 24026 24026 3 24026 24026 24026 24026 24026 24026 24026 24026 24026 24026 24026 24026 24026 24026 24026 24026 24026 24026 24026 24026 24026 24026 24026 24026 24026 24026 24026 24026 24026 24026 24026 4 24026 24026 24026 24026 24026 24026 24026 24026 24026 24026 24026 24026 24026 24026 24026 24026 24026 24026 24026 24026 24026 24026 24026 24026 24026 24026 24026 24026 24026 24026 24026 24026 24026 24026 24026 24026 24026 24026 24026 24026 24026 24026 24026 24026 24026 24026 24026 24026 24026 24026 24026 24026 24026 24026 24026 24026 24026 24026 24026 24026 
5 3000 3 24026 24026 24026 2 1 2 24026 24026 24026 24026 24026 3 24026 24026 24026 24026 24026 24026 24026 0 24026 24026 24026 24026 24026 24026 24026 24026 24026 24026 24026 24026 24026 24026 24026 2 24026 24026 24026 24026 24026 24026 24026 24026 24026 24026 24026 24026 24026 24026 24026 24026 24026 24026 24026 24026 24026 24026 24026 24026 24026 24026 24026 24026 24026 24026 24026 3 24026 24026 24026 24026 24026 24026 24026 24026 24026 24026 24026 24026 24026 24026 24026 24026 24026 24026 24026 24026 24026 24026 24026 24026 24026 24026 24026 24026 24026 24026 24026 24026 24026 24026 24026 24026 24026 24026 24026 24026 24026 24026 24026 24026 24026 24026 24026 24026 24026 24026 24026 24026 24026 24026 24026 24026 24026 24026 24026 
6 3000 24026 4 24026 24026 2 3 24026 3 24026 24026 24026 24026 24026 1 24026 24026 24026 24026 24026 24026 24026 3 24026 24026 24026 24026 24026 24026 24026 24026 24026 24026 24026 24026 24026 24026 24026 4 24026 24026 24026 24026 24026 24026 24026 24026 24026 24026 24026 24026 24026 24026 24026 24026 24026 24026 24026 24026 24026 24026 24026 24026 24026 24026 24026 24026 24026 24026 24026 4 24026 24026 24026 24026 24026 24026 24026 24026 24026 24026 24026 24026 24026 24026 24026 24026 24026 24026 24026 24026 24026 24026 24026 24026 24026 24026 24026 24026 24026 24026 24026 24026 24026 24026 24026 24026 24026 24026 24026 24026 24026 24026 24026 24026 24026 24026 24026 24026 24026 24026 24026 24026 24026 24026 24026 24026 24026 24026 
7 3000 24026 24026 2 24026 3 24026 3 4 24026 24026 24026 24026 24026 24026 4 24026 24026 24026 24026 24026 24026 24026 2 24026 24026 24026 24026 24026 24026 24026 24026 24026 24026 24026 24026 24026 24026 24026 3 24026 24026 24026 24026 24026 24026 24026 24026 24026 24026 24026 24026 24026 24026 24026 24026 24026 24026 24026 24026 24026 24026 24026 24026 24026 24026 24026 24026 24026 24026 24026 4 24026 24026 24026 24026 24026 24026 24026 24026 24026 24026 24026 24026 24026 24026 24026 24026 24026 24026 24026 24026 24026 24026 24026 24026 24026 24026 24026 24026 24026 24026 24026 24026 24026 24026 24026 24026 24026 24026 24026 24026 24026 24026 24026 24026 24026 24026 24026 24026 24026 24026 24026 24026 24026 24026 24026 24026 24026 
8 3000 24026 24026 24026 3 24026 0 0 1 24026 24026 24026 24026 24026 24026 24026 0 24026 24026 24026 24026 24026 24026 24026 4 24026 24026 24026 24026 24026 24026 24026 24026 24026 24026 24026 24026 24026 24026 24026 4 24026 24026 24026 24026 24026 24026 24026 24026 24026 24026 24026 24026 24026 24026 24026 24026 24026 24026 24026 24026 24026 24026 24026 24026 24026 24026 24026 24026 24026 24026 24026 1 24026 24026 24026 24026 24026 24026 24026 24026 24026 24026 24026 24026 24026 24026 24026 24026 24026 24026 24026 24026 24026 24026 24026 24026 24026 24026 24026 24026 24026 24026 24026 24026 24026 24026 24026 24026 24026 24026 24026 24026 24026 24026 24026 24026 24026 24026 24026 24026 24026 24026 24026 24026 24026 24026 24026 24026 
9 3000 4 24026 24026 24026 24026 24026 24026 24026 0 3 1 24026 3 24026 24026 24026 24026 24026 24026 24026 24026 24026 24026 24026 1 24026 24026 24026 24026 24026 24026 24026 24026 24026 24026 24026 24026 24026 24026 24026 1 24026 24026 24026 24026 24026 24026 24026 24026 24026 24026 24026 24026 24026 24026 24026 24026 24026 24026 24026 24026 24026 24026 24026 24026 24026 24026 24026 24026 24026 24026 24026 4 24026 24026 24026 24026 24026 24026 24026 24026 24026 24026 24026 24026 24026 24026 24026 24026 24026 24026 24026 24026 24026 24026 24026 24026 24026 24026 24026 24026 24026 24026 24026 24026 24026 24026 24026 24026 24026 24026 24026 24026 24026 24026 24026 24026 24026 24026 24026 24026 24026 24026 24026 24026 24026 24026 24026 
10 3000 24026 0 24026 24026 24026 24026 24026 24026 0 1 24026 1 24026 3 24026 24026 24026 24026 24026 24026 24026 24026 24026 24026 24026 4 24026 24026 24026 24026 24026 24026 24026 24026 24026 24026 24026 24026 24026 24026 24026 4 24026 24026 24026 24026 24026 24026 24026 24026 24026 24026 24026 24026 24026 24026 24026 24026 24026 24026 24026 24026 24026 24026 24026 24026 24026 24026 24026 24026 24026 24026 24026 2 24026 24026 24026 24026 24026 24026 24026 24026 24026 24026 24026 24026 24026 24026 24026 24026 24026 24026 24026 24026 24026 24026 24026 24026 24026 24026 24026 24026 24026 24026 24026 24026 24026 24026 24026 24026 24026 24026 24026 24026 24026 24026 24026 24026 24026 24026 24026 24026 24026 24026 24026 24026 24026 24026 
11 3000 24026 24026 1 24026 24026 24026 24026 24026 0 24026 1 0 24026 24026 0 24026 24026 24026 24026 24026 24026 24026 24026 24026 24026 24026 1 24026 24026 24026 24026 24026 24026 24026 24026 24026 24026 24026 24026 24026 24026 24026 2 24026 24026 24026 24026 24026 24026 24026 24026 24026 24026 24026 24026 24026 24026 24026 24026 24026 24026 24026 24026 24026 24026 24026 24026 24026 24026 24026 24026 24026 24026 24026 3 24026 24026 24026 24026 24026 24026 24026 24026 24026 24026 24026 24026 24026 24026 24026 24026 24026 24026 24026 24026 24026 24026 24026 24026 24026 24026 24026 24026 24026 24026 24026 24026 24026 24026 24026 24026 24026 24026 24026 24026 24026 24026 24026 24026 24026 24026 24026 24026 24026 24026 24026 24026 24026 
12 3000 24026 24026 24026 4 24026 24026 24026 24026 24026 0 4 3 24026 24026 24026 2 24026 24026 24026 24026 24026 24026 24026 24026 24026 24026 24026 1 24026 24026 24026 24026 24026 24026 24026 24026 24026 24026 24026 24026 24026 24026 24026 0 24026 24026 24026 24026 24026 24026 24026 24026 24026 24026 24026 24026 24026 24026 24026 24026 24026 24026 24026 24026 24026 24026 24026 24026 24026 24026 24026 24026 24026 24026 24026 4 24026 24026 24026 24026 24026 24026 24026 24026 24026 24026 24026 24026 24026 24026 24026 24026 24026 24026 24026 24026 24026 24026 24026 24026 24026 24026 24026 24026 24026 24026 24026 24026 24026 24026 24026 24026 24026 24026 24026 24026 24026 24026 24026 24026 24026 24026 24026 24026 24026 24026 24026 24026 
13 3000 24026 24026 24026 24026 2 24026 24026 24026 1 24026 24026 24026 0 3 0 24026 24026 24026 24026 24026 24026 24026 24026 24026 24026 24026 24026 24026 2 24026 24026 24026 24026 24026 24026 24026 24026 24026 24026 24026 24026 24026 24026 24026 3 24026 24026 24026 24026 24026 24026 24026 24026 24026 24026 24026 24026 24026 24026 24026 24026 24026 24026 24026 24026 24026 24026 24026 24026 24026 24026 24026 24026 24026 24026 24026 0 24026 24026 24026 24026 24026 24026 24026 24026 24026 24026 24026 24026 24026 24026 24026 24026 24026 24026 24026 24026 24026 24026 24026 24026 24026 24026 24026 24026 24026 24026 24026 24026 24026 24026 24026 24026 24026 24026 24026 24026 24026 24026 24026 24026 24026 24026 24026 24026 24026 24026 24026 
14 3000 24026 24026 24026 24026 24026 3 24026 24026 24026 3 24026 24026 0 3 24026 4 24026 24026 24026 24026 24026 24026 24026 24026 24026 24026 24026 24026 24026 4 24026 24026 24026 24026 24026 24026 24026 24026 24026 24026 24026 24026 24026 24026 24026 3 24026 24026 24026 24026 24026 24026 24026 24026 24026 24026 24026 24026 24026 24026 24026 24026 24026 24026 24026 24026 24026 24026 24026 24026 24026 24026 24026 24026 24026 24026 24026 4 24026 24026 24026 24026 24026 24026 24026 24026 24026 24026 24026 24026 24026 24026 24026 24026 24026 24026 24026 24026 24026 24026 24026 24026 24026 24026 24026 24026 24026 24026 24026 24026 24026 24026 24026 24026 24026 24026 24026 24026 24026 24026 24026 24026 24026 24026 24026 24026 24026 24026 
15 3000 24026 24026 24026 24026 24026 24026 0 24026 24026 24026 2 24026 4 24026 0 4 24026 24026 24026 24026 24026 24026 24026 24026 24026 24026 24026 24026 24026 24026 1 24026 24026 24026 24026 24026 24026 24026 24026 24026 24026 24026 24026 24026 24026 24026 1 24026 24026 24026 24026 24026 24026 24026 24026 24026 24026 24026 24026 24026 24026 24026 24026 24026 24026 24026 24026 24026 24026 24026 24026 24026 24026 24026 24026 24026 24026 24026 2 24026 24026 24026 24026 24026 24026 24026 24026 24026 24026 24026 24026 24026 24026 24026 24026 24026 24026 24026 24026 24026 24026 24026 24026 24026 24026 24026 24026 24026 24026 24026 24026 24026 24026 24026 24026 24026 24026 24026 24026 24026 24026 24026 24026 24026 24026 24026 24026 24026 
16 3000 24026 24026 24026 24026 24026 24026 24026 4 24026 24026 24026 0 24026 0 4 4 24026 24026 24026 24026 24026 24026 24026 24026 24026 24026 24026 24026 24026 24026 24026 4 24026 24026 24026 24026 24026 24026 24026 24026 24026 24026 24026 24026 24026 24026 24026 1 24026 24026 24026 24026 24026 24026 24026 24026 24026 24026 24026 24026 24026 24026 24026 24026 24026 24026 24026 24026 24026 24026 24026 24026 24026 24026 24026 24026 24026 24026 24026 2 24026 24026 24026 24026 24026 24026 24026 24026 24026 24026 24026 24026 24026 24026 24026 24026 24026 24026 24026 24026 24026 24026 24026 24026 24026 24026 24026 24026 24026 24026 24026 24026 24026 24026 24026 24026 24026 24026 24026 24026 24026 24026 24026 24026 24026 24026 24026 24026 
17 3000 3 24026 24026 24026 24026 24026 24026 24026 24026 24026 24026 24026 24026 24026 24026 24026 3 4 3 24026 3 24026 24026 24026 4 24026 24026 24026 24026 24026 24026 24026 24026 24026 24026 24026 24026 24026 24026 24026 24026 24026 24026 24026 24026 24026 24026 24026 3 24026 24026 24026 24026 24026 24026 24026 24026 24026 24026 24026 24026 24026 24026 24026 24026 24026 24026 24026 24026 24026 24026 24026 24026 24026 24026 24026 24026 24026 24026 24026 4 24026 24026 24026 24026 24026 24026 24026 24026 24026 24026 24026 24026 24026 24026 24026 24026 24026 24026 24026 24026 24026 24026 24026 24026 24026 24026 24026 24026 24026 24026 24026 24026 24026 24026 24026 24026 24026 24026 24026 24026 24026 24026 24026 24026 24026 24026 24026 
18 3000 24026 3 24026 24026 24026 24026 24026 24026 24026 24026 24026 24026 24026 24026 24026 24026 2 2 24026 3 24026 0 24026 24026 24026 2 24026 24026 24026 24026 24026 24026 24026 24026 24026 24026 24026 24026 24026 24026 24026 24026 24026 24026 24026 24026 24026 24026 24026 2 24026 24026 24026 24026 24026 24026 24026 24026 24026 24026 24026 24026 24026 24026 24026 24026 24026 24026 24026 24026 24026 24026 24026 24026 24026 24026 24026 24026 24026 24026 24026 3 24026 24026 24026 24026 24026 24026 24026 24026 24026 24026 24026 24026 24026 24026 24026 24026 24026 24026 24026 24026 24026 24026 24026 24026 24026 24026 24026 24026 24026 24026 24026 24026 24026 24026 24026 24026 24026 24026 24026 24026 24026 24026 24026 24026 24026 24026 
19 3000 24026 24026 0 24026 24026 24026 24026 24026 24026 24026 24026 24026 24026 24026 24026 24026 4 24026 0 0 24026 24026 3 24026 24026 24026 1 24026 24026 24026 24026 24026 24026 24026 24026 24026 24026 24026 24026 24026 24026 24026 24026 24026 24026 24026 24026 24026 24026 24026 3 24026 24026 24026 24026 24026 24026 24026 24026 24026 24026 24026 24026 24026 24026 24026 24026 24026 24026 24026 24026 24026 24026 24026 24026 24026 24026 24026 24026 24026 24026 24026 3 24026 24026 24026 24026 24026 24026 24026 24026 24026 24026 24026 24026 24026 24026 24026 24026 24026 24026 24026 24026 24026 24026 24026 24026 24026 24026 24026 24026 24026 24026 24026 24026 24026 24026 24026 24026 24026 24026 24026 24026 24026 24026 24026 24026 24026 
20 3000 24026 24026 24026 1 24026 24026 24026 24026 24026 24026 24026 24026 24026 24026 24026 24026 24026 3 4 2 24026 24026 24026 3 24026 24026 24026 1 24026 24026 24026 24026 24026 24026 24026 24026 24026 24026 24026 24026 24026 24026 24026 24026 24026 24026 24026 24026 24026 24026 24026 3 24026 24026 24026 24026 24026 24026 24026 24026 24026 24026 24026 24026 24026 24026 24026 24026 24026 24026 24026 24026 24026 24026 24026 24026 24026 24026 24026 24026 24026 24026 24026 0 24026 24026 24026 24026 24026 24026 24026 24026 24026 24026 24026 24026 24026 24026 24026 24026 24026 24026 24026 24026 24026 24026 24026 24026 24026 24026 24026 24026 24026 24026 24026 24026 24026 24026 24026 24026 24026 24026 24026 24026 24026 24026 24026 24026 
21 3000 24026 24026 24026 24026 3 24026 24026 24026 24026 24026 24026 24026 24026 24026 24026 24026 0 24026 24026 24026 2 2 4 24026 24026 24026 24026 24026 0 24026 24026 24026 24026 24026 24026 24026 24026 24026 24026 24026 24026 24026 24026 24026 24026 24026 24026 24026 24026 24026 24026 24026 0 24026 24026 24026 24026 24026 24026 24026 24026 24026 24026 24026 24026 24026 24026 24026 24026 24026 24026 24026 24026 24026 24026 24026 24026 24026 24026 24026 24026 24026 24026 24026 4 24026 24026 24026 24026 24026 24026 24026 24026 24026 24026 24026 24026 24026 24026 24026 24026 24026 24026 24026 24026 24026 24026 24026 24026 24026 24026 24026 24026 24026 24026 24026 24026 24026 24026 24026 24026 24026 24026 24026 24026 24026 24026 24026 
22 3000 24026 24026 24026 24026 24026 3 24026 24026 24026 24026 24026 24026 24026 24026 24026 24026 24026 4 24026 24026 2 4 24026 3 24026 24026 24026 24026 24026 4 24026 24026 24026 24026 24026 24026 24026 24026 24026 24026 24026 24026 24026 24026 24026 24026 24026 24026 24026 24026 24026 24026 24026 2 24026 24026 24026 24026 24026 24026 24026 24026 24026 24026 24026 24026 24026 24026 24026 24026 24026 24026 24026 24026 24026 24026 24026 24026 24026 24026 24026 24026 24026 24026 24026 3 24026 24026 24026 24026 24026 24026 24026 24026 24026 24026 24026 24026 24026 24026 24026 24026 24026 24026 24026 24026 24026 24026 24026 24026 24026 24026 24026 24026 24026 24026 24026 24026 24026 24026 24026 24026 24026 24026 24026 24026 24026 24026 
23 3000 24026 24026 24026 24026 24026 24026 0 24026 24026 24026 24026 24026 24026 24026 24026 24026 24026 24026 1 24026 2 24026 2 4 24026 24026 24026 24026 24026 24026 1 24026 24026 24026 24026 24026 24026 24026 24026 24026 24026 24026 24026 24026 24026 24026 24026 24026 24026 24026 24026 24026 24026 24026 4 24026 24026 24026 24026 24026 24026 24026 24026 24026 24026 24026 24026 24026 24026 24026 24026 24026 24026 24026 24026 24026 24026 24026 24026 24026 24026 24026 24026 24026 24026 24026 1 24026 24026 24026 24026 24026 24026 24026 24026 24026 24026 24026 24026 24026 24026 24026 24026 24026 24026 24026 24026 24026 24026 24026 24026 24026 24026 24026 24026 24026 24026 24026 24026 24026 24026 24026 24026 24026 24026 24026 24026 24026 
24 3000 24026 24026 24026 24026 24026 24026 24026 4 24026 24026 24026 24026 24026 24026 24026 24026 24026 24026 24026 1 24026 4 4 2 24026 24026 24026 24026 24026 24026 24026 1 24026 24026 24026 24026 24026 24026 24026 24026 24026 24026 24026 24026 24026 24026 24026 24026 24026 24026 24026 24026 24026 24026 24026 2 24026 24026 24026 24026 24026 24026 24026 24026 24026 24026 24026 24026 24026 24026 24026 24026 24026 24026 24026 24026 24026 24026 24026 24026 24026 24026 24026 24026 24026 24026 24026 2 24026 24026 24026 24026 24026 24026 24026 24026 24026 24026 24026 24026 24026 24026 24026 24026 24026 24026 24026 24026 24026 24026 24026 24026 24026 24026 24026 24026 24026 24026 24026 24026 24026 24026 24026 24026 24026 24026 24026 24026 
25 3000 24026 24026 24026 24026 24026 24026 24026 24026 0 24026 24026 24026 24026 24026 24026 24026 1 24026 24026 24026 24026 24026 24026 24026 1 0 0 24026 0 24026 24026 24026 24026 24026 24026 24026 24026 24026 24026 24026 24026 24026 24026 24026 24026 24026 24026 24026 24026 24026 24026 24026 24026 24026 24026 24026 2 24026 24026 24026 24026 24026 24026 24026 24026 24026 24026 24026 24026 24026 24026 24026 24026 24026 24026 24026 24026 24026 24026 24026 24026 24026 24026 24026 24026 24026 24026 24026 4 24026 24026 24026 24026 24026 24026 24026 24026 24026 24026 24026 24026 24026 24026 24026 24026 24026 24026 24026 24026 24026 24026 24026 24026 24026 24026 24026 24026 24026 24026 24026 24026 24026 24026 24026 24026 24026 24026 24026 
26 3000 24026 24026 24026 24026 24026 24026 24026 24026 24026 0 24026 24026 24026 24026 24026 24026 24026 0 24026 24026 24026 24026 24026 24026 2 1 24026 3 24026 2 24026 24026 24026 24026 24026 24026 24026 24026 24026 24026 24026 24026 24026 24026 24026 24026 24026 24026 24026 24026 24026 24026 24026 24026 24026 24026 24026 0 24026 24026 24026 24026 24026 24026 24026 24026 24026 24026 24026 24026 24026 24026 24026 24026 24026 24026 24026 24026 24026 24026 24026 24026 24026 24026 24026 24026 24026 24026 24026 3 24026 24026 24026 24026 24026 24026 24026 24026 24026 24026 24026 24026 24026 24026 24026 24026 24026 24026 24026 24026 24026 24026 24026 24026 24026 24026 24026 24026 24026 24026 24026 24026 24026 24026 24026 24026 24026 24026 
27 3000 24026 24026 24026 24026 24026 24026 24026 24026 24026 24026 1 24026 24026 24026 24026 24026 24026 24026 2 24026 24026 24026 24026 24026 4 24026 4 0 24026 24026 1 24026 24026 24026 24026 24026 24026 24026 24026 24026 24026 24026 24026 24026 24026 24026 24026 24026 24026 24026 24026 24026 24026 24026 24026 24026 24026 24026 4 24026 24026 24026 24026 24026 24026 24026 24026 24026 24026 24026 24026 24026 24026 24026 24026 24026 24026 24026 24026 24026 24026 24026 24026 24026 24026 24026 24026 24026 24026 24026 4 24026 24026 24026 24026 24026 24026 24026 24026 24026 24026 24026 24026 24026 24026 24026 24026 24026 24026 24026 24026 24026 24026 24026 24026 24026 24026 24026 24026 24026 24026 24026 24026 24026 24026 24026 24026 24026 
28 3000 24026 24026 24026 24026 24026 24026 24026 24026 24026 24026 24026 3 24026 24026 24026 24026 24026 24026 24026 1 24026 24026 24026 24026 24026 2 4 4 24026 24026 24026 3 24026 24026 24026 24026 24026 24026 24026 24026 24026 24026 24026 24026 24026 24026 24026 24026 24026 24026 24026 24026 24026 24026 24026 24026 24026 24026 24026 0 24026 24026 24026 24026 24026 24026 24026 24026 24026 24026 24026 24026 24026 24026 24026 24026 24026 24026 24026 24026 24026 24026 24026 24026 24026 24026 24026 24026 24026 24026 24026 0 24026 24026 24026 24026 24026 24026 24026 24026 24026 24026 24026 24026 24026 24026 24026 24026 24026 24026 24026 24026 24026 24026 24026 24026 24026 24026 24026 24026 24026 24026 24026 24026 24026 24026 24026 24026 
29 3000 24026 24026 24026 24026 24026 24026 24026 24026 24026 24026 24026 24026 4 24026 24026 24026 24026 24026 24026 24026 3 24026 24026 24026 4 24026 24026 24026 1 3 0 24026 24026 24026 24026 24026 24026 24026 24026 24026 24026 24026 24026 24026 24026 24026 24026 24026 24026 24026 24026 24026 24026 24026 24026 24026 24026 24026 24026 24026 1 24026 24026 24026 24026 24026 24026 24026 24026 24026 24026 24026 24026 24026 24026 24026 24026 24026 24026 24026 24026 24026 24026 24026 24026 24026 24026 24026 24026 24026 24026 24026 3 24026 24026 24026 24026 24026 24026 24026 24026 24026 24026 24026 24026 24026 24026 24026 24026 24026 24026 24026 24026 24026 24026 24026 24026 24026 24026 24026 24026 24026 24026 24026 24026 24026 24026 24026 
30 3000 24026 24026 24026 24026 24026 24026 24026 24026 24026 24026 24026 24026 24026 0 24026 24026 24026 24026 24026 24026 24026 1 24026 24026 24026 4 24026 24026 4 1 24026 4 24026 24026 24026 24026 24026 24026 24026 24026 24026 24026 24026 24026 24026 24026 24026 24026 24026 24026 24026 24026 24026 24026 24026 24026 24026 24026 24026 24026 24026 0 24026 24026 24026 24026 24026 24026 24026 24026 24026 24026 24026 24026 24026 24026 24026 24026 24026 24026 24026 24026 24026 24026 24026 24026 24026 24026 24026 24026 24026 24026 24026 4 24026 24026 24026 24026 24026 24026 24026 24026 24026 24026 24026 24026 24026 24026 24026 24026 24026 24026 24026 24026 24026 24026 24026 24026 24026 24026 24026 24026 24026 24026 24026 24026 24026 24026 
31 3000 24026 24026 24026 24026 24026 24026 24026 24026 24026 24026 24026 24026 24026 24026 3 24026 24026 24026 24026 24026 24026 24026 1 24026 24026 24026 3 24026 1 24026 3 0 24026 24026 24026 24026 24026 24026 24026 24026 24026 24026 24026 24026 24026 24026 24026 24026 24026 24026 24026 24026 24026 24026 24026 24026 24026 24026 24026 24026 24026 24026 2 24026 24026 24026 24026 24026 24026 24026 24026 24026 24026 24026 24026 24026 24026 24026 24026 24026 24026 24026 24026 24026 24026 24026 24026 24026 24026 24026 24026 24026 24026 24026 4 24026 24026 24026 24026 24026 24026 24026 24026 24026 24026 24026 24026 24026 24026 24026 24026 24026 24026 24026 24026 24026 24026 24026 24026 24026 24026 24026 24026 24026 24026 24026 24026 24026 
32 3000 24026 24026 24026 24026 24026 24026 24026 24026 24026 24026 24026 24026 24026 24026 24026 0 24026 24026 24026 24026 24026 24026 24026 3 24026 24026 24026 3 24026 2 0 0 24026 24026 24026 24026 24026 24026 24026 24026 24026 24026 24026 24026 24026 24026 24026 24026 24026 24026 24026 24026 24026 24026 24026 24026 24026 24026 24026 24026 24026 24026 24026 1 24026 24026 24026 24026 24026 24026 24026 24026 24026 24026 24026 24026 24026 24026 24026 24026 24026 24026 24026 24026 24026 24026 24026 24026 24026 24026 24026 24026 24026 24026 24026 2 24026 24026 24026 24026 24026 24026 24026 24026 24026 24026 24026 24026 24026 24026 24026 24026 24026 24026 24026 24026 24026 24026 24026 24026 24026 24026 24026 24026 24026 24026 24026 24026 
33 3000 4 24026 24026 24026 24026 24026 24026 24026 24026 24026 24026 24026 24026 24026 24026 24026 24026 24026 24026 24026 24026 24026 24026 24026 24026 24026 24026 24026 24026 24026 24026 24026 1 0 4 24026 0 24026 24026 24026 2 24026 24026 24026 24026 24026 24026 24026 2 24026 24026 24026 24026 24026 24026 24026 24026 24026 24026 24026 24026 24026 24026 24026 24026 24026 24026 24026 24026 24026 24026 24026 24026 24026 24026 24026 24026 24026 24026 24026 24026 24026 24026 24026 24026 24026 24026 24026 24026 24026 24026 24026 24026 24026 24026 24026 4 24026 24026 24026 24026 24026 24026 24026 24026 24026 24026 24026 24026 24026 24026 24026 24026 24026 24026 24026 24026 24026 24026 24026 24026 24026 24026 24026 24026 24026 24026 24026 
34 3000 24026 2 24026 24026 24026 24026 24026 24026 24026 24026 24026 24026 24026 24026 24026 24026 24026 24026 24026 24026 24026 24026 24026 24026 24026 24026 24026 24026 24026 24026 24026 24026 0 4 24026 3 24026 0 24026 24026 24026 0 24026 24026 24026 24026 24026 24026 24026 1 24026 24026 24026 24026 24026 24026 24026 24026 24026 24026 24026 24026 24026 24026 24026 24026 24026 24026 24026 24026 24026 24026 24026 24026 24026 24026 24026 24026 24026 24026 24026 24026 24026 24026 24026 24026 24026 24026 24026 24026 24026 24026 24026 24026 24026 24026 24026 2 24026 24026 24026 24026 24026 24026 24026 24026 24026 24026 24026 24026 24026 24026 24026 24026 24026 24026 24026 24026 24026 24026 24026 24026 24026 24026 24026 24026 24026 24026 
35 3000 24026 24026 2 24026 24026 24026 24026 24026 24026 24026 24026 24026 24026 24026 24026 24026 24026 24026 24026 24026 24026 24026 24026 24026 24026 24026 24026 24026 24026 24026 24026 24026 0 24026 0 4 24026 24026 3 24026 24026 24026 1 24026 24026 24026 24026 24026 24026 24026 1 24026 24026 24026 24026 24026 24026 24026 24026 24026 24026 24026 24026 24026 24026 24026 24026 24026 24026 24026 24026 24026 24026 24026 24026 24026 24026 24026 24026 24026 24026 24026 24026 24026 24026 24026 24026 24026 24026 24026 24026 24026 24026 24026 24026 24026 24026 24026 0 24026 24026 24026 24026 24026 24026 24026 24026 24026 24026 24026 24026 24026 24026 24026 24026 24026 24026 24026 24026 24026 24026 24026 24026 24026 24026 24026 24026 24026 
36 3000 24026 24026 24026 1 24026 24026 24026 24026 24026 24026 24026 24026 24026 24026 24026 24026 24026 24026 24026 24026 24026 24026 24026 24026 24026 24026 24026 24026 24026 24026 24026 24026 24026 3 0 2 24026 24026 24026 4 24026 24026 24026 3 24026 24026 24026 24026 24026 24026 24026 1 24026 24026 24026 24026 24026 24026 24026 24026 24026 24026 24026 24026 24026 24026 24026 24026 24026 24026 24026 24026 24026 24026 24026 24026 24026 24026 24026 24026 24026 24026 24026 24026 24026 24026 24026 24026 24026 24026 24026 24026 24026 24026 24026 24026 24026 24026 24026 4 24026 24026 24026 24026 24026 24026 24026 24026 24026 24026 24026 24026 24026 24026 24026 24026 24026 24026 24026 24026 24026 24026 24026 24026 24026 24026 24026 24026 
37 3000 24026 24026 24026 24026 1 24026 24026 24026 24026 24026 24026 24026 24026 24026 24026 24026 24026 24026 24026 24026 24026 24026 24026 24026 24026 24026 24026 24026 24026 24026 24026 24026 4 24026 24026 24026 0 2 2 24026 24026 24026 24026 24026 4 24026 24026 24026 24026 24026 24026 24026 3 24026 24026 24026 24026 24026 24026 24026 24026 24026 24026 24026 24026 24026 24026 24026 24026 24026 24026 24026 24026 24026 24026 24026 24026 24026 24026 24026 24026 24026 24026 24026 24026 24026 24026 24026 24026 24026 24026 24026 24026 24026 24026 24026 24026 24026 24026 24026 0 24026 24026 24026 24026 24026 24026 24026 24026 24026 24026 24026 24026 24026 24026 24026 24026 24026 24026 24026 24026 24026 24026 24026 24026 24026 24026 24026 
38 3000 24026 24026 24026 24026 24026 4 24026 24026 24026 24026 24026 24026 24026 24026 24026 24026 24026 24026 24026 24026 24026 24026 24026 24026 24026 24026 24026 24026 24026 24026 24026 24026 24026 3 24026 24026 2 2 24026 3 24026 24026 24026 24026 24026 1 24026 24026 24026 24026 24026 24026 24026 0 24026 24026 24026 24026 24026 24026 24026 24026 24026 24026 24026 24026 24026 24026 24026 24026 24026 24026 24026 24026 24026 24026 24026 24026 24026 24026 24026 24026 24026 24026 24026 24026 24026 24026 24026 24026 24026 24026 24026 24026 24026 24026 24026 24026 24026 24026 24026 3 24026 24026 24026 24026 24026 24026 24026 24026 24026 24026 24026 24026 24026 24026 24026 24026 24026 24026 24026 24026 24026 24026 24026 24026 24026 24026 
39 3000 24026 24026 24026 24026 24026 24026 0 24026 24026 24026 24026 24026 24026 24026 24026 24026 24026 24026 24026 24026 24026 24026 24026 24026 24026 24026 24026 24026 24026 24026 24026 24026 24026 24026 0 24026 4 24026 4 4 24026 24026 24026 24026 24026 24026 1 24026 24026 24026 24026 24026 24026 24026 4 24026 24026 24026 24026 24026 24026 24026 24026 24026 24026 24026 24026 24026 24026 24026 24026 24026 24026 24026 24026 24026 24026 24026 24026 24026 24026 24026 24026 24026 24026 24026 24026 24026 24026 24026 24026 24026 24026 24026 24026 24026 24026 24026 24026 24026 24026 24026 0 24026 24026 24026 24026 24026 24026 24026 24026 24026 24026 24026 24026 24026 24026 24026 24026 24026 24026 24026 24026 24026 24026 24026 24026 24026 
40 3000 24026 24026 24026 24026 24026 24026 24026 0 24026 24026 24026 24026 24026 24026 24026 24026 24026 24026 24026 24026 24026 24026 24026 24026 24026 24026 24026 24026 24026 24026 24026 24026 24026 24026 24026 0 24026 2 4 1 24026 24026 24026 24026 24026 24026 24026 3 24026 24026 24026 24026 24026 24026 24026 3 24026 24026 24026 24026 24026 24026 24026 24026 24026 24026 24026 24026 24026 24026 24026 24026 24026 24026 24026 24026 24026 24026 24026 24026 24026 24026 24026 24026 24026 24026 24026 24026 24026 24026 24026 24026 24026 24026 24026 24026 24026 24026 24026 24026 24026 24026 24026 4 24026 24026 24026 24026 24026 24026 24026 24026 24026 24026 24026 24026 24026 24026 24026 24026 24026 24026 24026 24026 24026 24026 24026 24026 
41 3000 24026 24026 24026 24026 24026 24026 24026 24026 1 24026 24026 24026 24026 24026 24026 24026 24026 24026 24026 24026 24026 24026 24026 24026 24026 24026 24026 24026 24026 24026 24026 24026 0 24026 24026 24026 24026 24026 24026 24026 1 2 2 24026 1 24026 24026 24026 24026 24026 24026 24026 24026 24026 24026 24026 1 24026 24026 24026 24026 24026 24026 24026 24026 24026 24026 24026 24026 24026 24026 24026 24026 24026 24026 24026 24026 24026 24026 24026 24026 24026 24026 24026 24026 24026 24026 24026 24026 24026 24026 24026 24026 24026 24026 24026 24026 24026 24026 24026 24026 24026 24026 24026 0 24026 24026 24026 24026 24026 24026 24026 24026 24026 24026 24026 24026 24026 24026 24026 24026 24026 24026 24026 24026 24026 24026 24026 
42 3000 24026 24026 24026 24026 24026 24026 24026 24026 24026 2 24026 24026 24026 24026 24026 24026 24026 24026 24026 24026 24026 24026 24026 24026 24026 24026 24026 24026 24026 24026 24026 24026 24026 1 24026 24026 24026 24026 24026 24026 4 3 24026 2 24026 4 24026 24026 24026 24026 24026 24026 24026 24026 24026 24026 24026 0 24026 24026 24026 24026 24026 24026 24026 24026 24026 24026 24026 24026 24026 24026 24026 24026 24026 24026 24026 24026 24026 24026 24026 24026 24026 24026 24026 24026 24026 24026 24026 24026 24026 24026 24026 24026 24026 24026 24026 24026 24026 24026 24026 24026 24026 24026 24026 4 24026 24026 24026 24026 24026 24026 24026 24026 24026 24026 24026 24026 24026 24026 24026 24026 24026 24026 24026 24026 24026 24026 
43 3000 24026 24026 24026 24026 24026 24026 24026 24026 24026 24026 2 24026 24026 24026 24026 24026 24026 24026 24026 24026 24026 24026 24026 24026 24026 24026 24026 24026 24026 24026 24026 24026 24026 24026 3 24026 24026 24026 24026 24026 4 24026 3 0 24026 24026 0 24026 24026 24026 24026 24026 24026 24026 24026 24026 24026 24026 2 24026 24026 24026 24026 24026 24026 24026 24026 24026 24026 24026 24026 24026 24026 24026 24026 24026 24026 24026 24026 24026 24026 24026 24026 24026 24026 24026 24026 24026 24026 24026 24026 24026 24026 24026 24026 24026 24026 24026 24026 24026 24026 24026 24026 24026 24026 24026 0 24026 24026 24026 24026 24026 24026 24026 24026 24026 24026 24026 24026 24026 24026 24026 24026 24026 24026 24026 24026 24026 
44 3000 24026 24026 24026 24026 24026 24026 24026 24026 24026 24026 24026 1 24026 24026 24026 24026 24026 24026 24026 24026 24026 24026 24026 24026 24026 24026 24026 24026 24026 24026 24026 24026 24026 24026 24026 2 24026 24026 24026 24026 24026 4 0 2 24026 24026 24026 4 24026 24026 24026 24026 24026 24026 24026 24026 24026 24026 24026 2 24026 24026 24026 24026 24026 24026 24026 24026 24026 24026 24026 24026 24026 24026 24026 24026 24026 24026 24026 24026 24026 24026 24026 24026 24026 24026 24026 24026 24026 24026 24026 24026 24026 24026 24026 24026 24026 24026 24026 24026 24026 24026 24026 24026 24026 24026 24026 3 24026 24026 24026 24026 24026 24026 24026 24026 24026 24026 24026 24026 24026 24026 24026 24026 24026 24026 24026 24026 
45 3000 24026 24026 24026 24026 24026 24026 24026 24026 24026 24026 24026 24026 4 24026 24026 24026 24026 24026 24026 24026 24026 24026 24026 24026 24026 24026 24026 24026 24026 24026 24026 24026 24026 24026 24026 24026 4 24026 24026 24026 0 24026 24026 24026 3 4 4 24026 24026 24026 24026 24026 24026 24026 24026 24026 24026 24026 24026 24026 1 24026 24026 24026 24026 24026 24026 24026 24026 24026 24026 24026 24026 24026 24026 24026 24026 24026 24026 24026 24026 24026 24026 24026 24026 24026 24026 24026 24026 24026 24026 24026 24026 24026 24026 24026 24026 24026 24026 24026 24026 24026 24026 24026 24026 24026 24026 24026 0 24026 24026 24026 24026 24026 24026 24026 24026 24026 24026 24026 24026 24026 24026 24026 24026 24026 24026 24026 
46 3000 24026 24026 24026 24026 24026 24026 24026 24026 24026 24026 24026 24026 24026 1 24026 24026 24026 24026 24026 24026 24026 24026 24026 24026 24026 24026 24026 24026 24026 24026 24026 24026 24026 24026 24026 24026 24026 2 24026 24026 24026 4 24026 24026 1 1 24026 2 24026 24026 24026 24026 24026 24026 24026 24026 24026 24026 24026 24026 24026 3 24026 24026 24026 24026 24026 24026 24026 24026 24026 24026 24026 24026 24026 24026 24026 24026 24026 24026 24026 24026 24026 24026 24026 24026 24026 24026 24026 24026 24026 24026 24026 24026 24026 24026 24026 24026 24026 24026 24026 24026 24026 24026 24026 24026 24026 24026 24026 4 24026 24026 24026 24026 24026 24026 24026 24026 24026 24026 24026 24026 24026 24026 24026 24026 24026 24026 
47 3000 24026 24026 24026 24026 24026 24026 24026 24026 24026 24026 24026 24026 24026 24026 4 24026 24026 24026 24026 24026 24026 24026 24026 24026 24026 24026 24026 24026 24026 24026 24026 24026 24026 24026 24026 24026 24026 24026 0 24026 24026 24026 0 24026 1 24026 3 3 24026 24026 24026 24026 24026 24026 24026 24026 24026 24026 24026 24026 24026 24026 0 24026 24026 24026 24026 24026 24026 24026 24026 24026 24026 24026 24026 24026 24026 24026 24026 24026 24026 24026 24026 24026 24026 24026 24026 24026 24026 24026 24026 24026 24026 24026 24026 24026 24026 24026 24026 24026 24026 24026 24026 24026 24026 24026 24026 24026 24026 24026 3 24026 24026 24026 24026 24026 24026 24026 24026 24026 24026 24026 24026 24026 24026 24026 24026 24026 
48 3000 24026 24026 24026 24026 24026 24026 24026 24026 24026 24026 24026 24026 24026 24026 24026 0 24026 24026 24026 24026 24026 24026 24026 24026 24026 24026 24026 24026 24026 24026 24026 24026 24026 24026 24026 24026 24026 24026 24026 1 24026 24026 24026 0 24026 2 0 4 24026 24026 24026 24026 24026 24026 24026 24026 24026 24026 24026 24026 24026 24026 24026 1 24026 24026 24026 24026 24026 24026 24026 24026 24026 24026 24026 24026 24026 24026 24026 24026 24026 24026 24026 24026 24026 24026 24026 24026 24026 24026 24026 24026 24026 24026 24026 24026 24026 24026 24026 24026 24026 24026 24026 24026 24026 24026 24026 24026 24026 24026 24026 3 24026 24026 24026 24026 24026 24026 24026 24026 24026 24026 24026 24026 24026 24026 24026 24026 
49 3000 24026 24026 24026 24026 24026 24026 24026 24026 24026 24026 24026 24026 24026 24026 24026 24026 2 24026 24026 24026 24026 24026 24026 24026 24026 24026 24026 24026 24026 24026 24026 24026 0 24026 24026 24026 24026 24026 24026 24026 24026 24026 24026 24026 24026 24026 24026 24026 3 4 1 24026 0 24026 24026 24026 1 24026 24026 24026 24026 24026 24026 24026 24026 24026 24026 24026 24026 24026 24026 24026 24026 24026 24026 24026 24026 24026 24026 24026 24026 24026 24026 24026 24026 24026 24026 24026 24026 24026 24026 24026 24026 24026 24026 24026 24026 24026 24026 24026 24026 24026 24026 24026 24026 24026 24026 24026 24026 24026 24026 24026 1 24026 24026 24026 24026 24026 24026 24026 24026 24026 24026 24026 24026 24026 24026 24026 
50 3000 24026 24026 24026 24026 24026 24026 24026 24026 24026 24026 24026 24026 24026 24026 24026 24026 24026 4 24026 24026 24026 24026 24026 24026 24026 24026 24026 24026 24026 24026 24026 24026 24026 2 24026 24026 24026 24026 24026 24026 24026 24026 24026 24026 24026 24026 24026 24026 2 1 24026 1 24026 1 24026 24026 24026 2 24026 24026 24026 24026 24026 24026 24026 24026 24026 24026 24026 24026 24026 24026 24026 24026 24026 24026 24026 24026 24026 24026 24026 24026 24026 24026 24026 24026 24026 24026 24026 24026 24026 24026 24026 24026 24026 24026 24026 24026 24026 24026 24026 24026 24026 24026 24026 24026 24026 24026 24026 24026 24026 24026 24026 2 24026 24026 24026 24026 24026 24026 24026 24026 24026 24026 24026 24026 24026 24026 
51 3000 24026 24026 24026 24026 24026 24026 24026 24026 24026 24026 24026 24026 24026 24026 24026 24026 24026 24026 4 24026 24026 24026 24026 24026 24026 24026 24026 24026 24026 24026 24026 24026 24026 24026 3 24026 24026 24026 24026 24026 24026 24026 24026 24026 24026 24026 24026 24026 2 24026 3 3 24026 24026 2 24026 24026 24026 0 24026 24026 24026 24026 24026 24026 24026 24026 24026 24026 24026 24026 24026 24026 24026 24026 24026 24026 24026 24026 24026 24026 24026 24026 24026 24026 24026 24026 24026 24026 24026 24026 24026 24026 24026 24026 24026 24026 24026 24026 24026 24026 24026 24026 24026 24026 24026 24026 24026 24026 24026 24026 24026 24026 24026 3 24026 24026 24026 24026 24026 24026 24026 24026 24026 24026 24026 24026 24026 
52 3000 24026 24026 24026 24026 24026 24026 24026 24026 24026 24026 24026 24026 24026 24026 24026 24026 24026 24026 24026 2 24026 24026 24026 24026 24026 24026 24026 24026 24026 24026 24026 24026 24026 24026 24026 1 24026 24026 24026 24026 24026 24026 24026 24026 24026 24026 24026 24026 24026 1 4 0 24026 24026 24026 0 24026 24026 24026 1 24026 24026 24026 24026 24026 24026 24026 24026 24026 24026 24026 24026 24026 24026 24026 24026 24026 24026 24026 24026 24026 24026 24026 24026 24026 24026 24026 24026 24026 24026 24026 24026 24026 24026 24026 24026 24026 24026 24026 24026 24026 24026 24026 24026 24026 24026 24026 24026 24026 24026 24026 24026 24026 24026 24026 2 24026 24026 24026 24026 24026 24026 24026 24026 24026 24026 24026 24026 
53 3000 24026 24026 24026 24026 24026 24026 24026 24026 24026 24026 24026 24026 24026 24026 24026 24026 24026 24026 24026 24026 1 24026 24026 24026 24026 24026 24026 24026 24026 24026 24026 24026 24026 24026 24026 24026 1 24026 24026 24026 24026 24026 24026 24026 24026 24026 24026 24026 4 24026 24026 24026 2 1 4 24026 24026 24026 24026 24026 2 24026 24026 24026 24026 24026 24026 24026 24026 24026 24026 24026 24026 24026 24026 24026 24026 24026 24026 24026 24026 24026 24026 24026 24026 24026 24026 24026 24026 24026 24026 24026 24026 24026 24026 24026 24026 24026 24026 24026 24026 24026 24026 24026 24026 24026 24026 24026 24026 24026 24026 24026 24026 24026 24026 24026 3 24026 24026 24026 24026 24026 24026 24026 24026 24026 24026 24026 
54 3000 24026 24026 24026 24026 24026 24026 24026 24026 24026 24026 24026 24026 24026 24026 24026 24026 24026 24026 24026 24026 24026 3 24026 24026 24026 24026 24026 24026 24026 24026 24026 24026 24026 24026 24026 24026 24026 3 24026 24026 24026 24026 24026 24026 24026 24026 24026 24026 24026 1 24026 24026 3 1 24026 2 24026 24026 24026 24026 24026 4 24026 24026 24026 24026 24026 24026 24026 24026 24026 24026 24026 24026 24026 24026 24026 24026 24026 24026 24026 24026 24026 24026 24026 24026 24026 24026 24026 24026 24026 24026 24026 24026 24026 24026 24026 24026 24026 24026 24026 24026 24026 24026 24026 24026 24026 24026 24026 24026 24026 24026 24026 24026 24026 24026 24026 1 24026 24026 24026 24026 24026 24026 24026 24026 24026 24026 
55 3000 24026 24026 24026 24026 24026 24026 24026 24026 24026 24026 24026 24026 24026 24026 24026 24026 24026 24026 24026 24026 24026 24026 3 24026 24026 24026 24026 24026 24026 24026 24026 24026 24026 24026 24026 24026 24026 24026 3 24026 24026 24026 24026 24026 24026 24026 24026 24026 24026 24026 0 24026 4 24026 3 4 24026 24026 24026 24026 24026 24026 4 24026 24026 24026 24026 24026 24026 24026 24026 24026 24026 24026 24026 24026 24026 24026 24026 24026 24026 24026 24026 24026 24026 24026 24026 24026 24026 24026 24026 24026 24026 24026 24026 24026 24026 24026 24026 24026 24026 24026 24026 24026 24026 24026 24026 24026 24026 24026 24026 24026 24026 24026 24026 24026 24026 24026 1 24026 24026 24026 24026 24026 24026 24026 24026 24026 
56 3000 24026 24026 24026 24026 24026 24026 24026 24026 24026 24026 24026 24026 24026 24026 24026 24026 24026 24026 24026 24026 24026 24026 24026 0 24026 24026 24026 24026 24026 24026 24026 24026 24026 24026 24026 24026 24026 24026 24026 1 24026 24026 24026 24026 24026 24026 24026 24026 24026 24026 24026 2 24026 1 3 2 24026 24026 24026 24026 24026 24026 24026 3 24026 24026 24026 24026 24026 24026 24026 24026 24026 24026 24026 24026 24026 24026 24026 24026 24026 24026 24026 24026 24026 24026 24026 24026 24026 24026 24026 24026 24026 24026 24026 24026 24026 24026 24026 24026 24026 24026 24026 24026 24026 24026 24026 24026 24026 24026 24026 24026 24026 24026 24026 24026 24026 24026 24026 4 24026 24026 24026 24026 24026 24026 24026 24026 
57 3000 24026 24026 24026 24026 24026 24026 24026 24026 24026 24026 24026 24026 24026 24026 24026 24026 24026 24026 24026 24026 24026 24026 24026 24026 1 24026 24026 24026 24026 24026 24026 24026 24026 24026 24026 24026 24026 24026 24026 24026 2 24026 24026 24026 24026 24026 24026 24026 0 24026 24026 24026 24026 24026 24026 24026 4 2 0 24026 4 24026 24026 24026 24026 24026 24026 24026 24026 24026 24026 24026 24026 24026 24026 24026 24026 24026 24026 24026 24026 24026 24026 24026 24026 24026 24026 24026 24026 24026 24026 24026 24026 24026 24026 24026 24026 24026 24026 24026 24026 24026 24026 24026 24026 24026 24026 24026 24026 24026 24026 24026 24026 24026 24026 24026 24026 24026 24026 24026 0 24026 24026 24026 24026 24026 24026 24026 
58 3000 24026 24026 24026 24026 24026 24026 24026 24026 24026 24026 24026 24026 24026 24026 24026 24026 24026 24026 24026 24026 24026 24026 24026 24026 24026 2 24026 24026 24026 24026 24026 24026 24026 24026 24026 24026 24026 24026 24026 24026 24026 3 24026 24026 24026 24026 24026 24026 24026 0 24026 24026 24026 24026 24026 24026 0 1 24026 3 24026 2 24026 24026 24026 24026 24026 24026 24026 24026 24026 24026 24026 24026 24026 24026 24026 24026 24026 24026 24026 24026 24026 24026 24026 24026 24026 24026 24026 24026 24026 24026 24026 24026 24026 24026 24026 24026 24026 24026 24026 24026 24026 24026 24026 24026 24026 24026 24026 24026 24026 24026 24026 24026 24026 24026 24026 24026 24026 24026 24026 3 24026 24026 24026 24026 24026 24026 
59 3000 24026 24026 24026 24026 24026 24026 24026 24026 24026 24026 24026 24026 24026 24026 24026 24026 24026 24026 24026 24026 24026 24026 24026 24026 24026 24026 2 24026 24026 24026 24026 24026 24026 24026 24026 24026 24026 24026 24026 24026 24026 24026 3 24026 24026 24026 24026 24026 24026 24026 4 24026 24026 24026 24026 24026 3 24026 0 1 24026 24026 2 24026 24026 24026 24026 24026 24026 24026 24026 24026 24026 24026 24026 24026 24026 24026 24026 24026 24026 24026 24026 24026 24026 24026 24026 24026 24026 24026 24026 24026 24026 24026 24026 24026 24026 24026 24026 24026 24026 24026 24026 24026 24026 24026 24026 24026 24026 24026 24026 24026 24026 24026 24026 24026 24026 24026 24026 24026 24026 24026 3 24026 24026 24026 24026 24026 
60 3000 24026 24026 24026 24026 24026 24026 24026 24026 24026 24026 24026 24026 24026 24026 24026 24026 24026 24026 24026 24026 24026 24026 24026 24026 24026 24026 24026 2 24026 24026 24026 24026 24026 24026 24026 24026 24026 24026 24026 24026 24026 24026 24026 2 24026 24026 24026 24026 24026 24026 24026 0 24026 24026 24026 24026 24026 0 4 0 24026 24026 24026 0 24026 24026 24026 24026 24026 24026 24026 24026 24026 24026 24026 24026 24026 24026 24026 24026 24026 24026 24026 24026 24026 24026 24026 24026 24026 24026 24026 24026 24026 24026 24026 24026 24026 24026 24026 24026 24026 24026 24026 24026 24026 24026 24026 24026 24026 24026 24026 24026 24026 24026 24026 24026 24026 24026 24026 24026 24026 24026 24026 2 24026 24026 24026 24026 
61 3000 24026 24026 24026 24026 24026 24026 24026 24026 24026 24026 24026 24026 24026 24026 24026 24026 24026 24026 24026 24026 24026 24026 24026 24026 24026 24026 24026 24026 1 24026 24026 24026 24026 24026 24026 24026 24026 24026 24026 24026 24026 24026 24026 24026 2 24026 24026 24026 24026 24026 24026 24026 0 24026 24026 24026 3 24026 24026 24026 3 0 1 24026 24026 24026 24026 24026 24026 24026 24026 24026 24026 24026 24026 24026 24026 24026 24026 24026 24026 24026 24026 24026 24026 24026 24026 24026 24026 24026 24026 24026 24026 24026 24026 24026 24026 24026 24026 24026 24026 24026 24026 24026 24026 24026 24026 24026 24026 24026 24026 24026 24026 24026 24026 24026 24026 24026 24026 24026 24026 24026 24026 24026 4 24026 24026 24026 
62 3000 24026 24026 24026 24026 24026 24026 24026 24026 24026 24026 24026 24026 24026 24026 24026 24026 24026 24026 24026 24026 24026 24026 24026 24026 24026 24026 24026 24026 24026 2 24026 24026 24026 24026 24026 24026 24026 24026 24026 24026 24026 24026 24026 24026 24026 3 24026 24026 24026 24026 24026 24026 24026 1 24026 24026 24026 0 24026 24026 3 2 24026 3 24026 24026 24026 24026 24026 24026 24026 24026 24026 24026 24026 24026 24026 24026 24026 24026 24026 24026 24026 24026 24026 24026 24026 24026 24026 24026 24026 24026 24026 24026 24026 24026 24026 24026 24026 24026 24026 24026 24026 24026 24026 24026 24026 24026 24026 24026 24026 24026 24026 24026 24026 24026 24026 24026 24026 24026 24026 24026 24026 24026 24026 3 24026 24026 
63 3000 24026 24026 24026 24026 24026 24026 24026 24026 24026 24026 24026 24026 24026 24026 24026 24026 24026 24026 24026 24026 24026 24026 24026 24026 24026 24026 24026 24026 24026 24026 0 24026 24026 24026 24026 24026 24026 24026 24026 24026 24026 24026 24026 24026 24026 24026 3 24026 24026 24026 24026 24026 24026 24026 1 24026 24026 24026 4 24026 1 24026 1 4 24026 24026 24026 24026 24026 24026 24026 24026 24026 24026 24026 24026 24026 24026 24026 24026 24026 24026 24026 24026 24026 24026 24026 24026 24026 24026 24026 24026 24026 24026 24026 24026 24026 24026 24026 24026 24026 24026 24026 24026 24026 24026 24026 24026 24026 24026 24026 24026 24026 24026 24026 24026 24026 24026 24026 24026 24026 24026 24026 24026 24026 24026 4 24026 
64 3000 24026 24026 24026 24026 24026 24026 24026 24026 24026 24026 24026 24026 24026 24026 24026 24026 24026 24026 24026 24026 24026 24026 24026 24026 24026 24026 24026 24026 24026 24026 24026 2 24026 24026 24026 24026 24026 24026 24026 24026 24026 24026 24026 24026 24026 24026 24026 0 24026 24026 24026 24026 24026 24026 24026 0 24026 24026 24026 1 24026 0 2 2 24026 24026 24026 24026 24026 24026 24026 24026 24026 24026 24026 24026 24026 24026 24026 24026 24026 24026 24026 24026 24026 24026 24026 24026 24026 24026 24026 24026 24026 24026 24026 24026 24026 24026 24026 24026 24026 24026 24026 24026 24026 24026 24026 24026 24026 24026 24026 24026 24026 24026 24026 24026 24026 24026 24026 24026 24026 24026 24026 24026 24026 24026 24026 2 
65 3000 1 24026 24026 24026 24026 24026 24026 24026 24026 24026 24026 24026 24026 24026 24026 24026 24026 24026 24026 24026 24026 24026 24026 24026 24026 24026 24026 24026 24026 24026 24026 24026 24026 24026 24026 24026 24026 24026 24026 24026 24026 24026 24026 24026 24026 24026 24026 24026 24026 24026 24026 24026 24026 24026 24026 24026 24026 24026 24026 24026 24026 24026 24026 24026 1 2 3 24026 4 24026 24026 24026 1 24026 24026 24026 24026 24026 24026 24026 3 24026 24026 24026 24026 24026 24026 24026 24026 24026 24026 24026 24026 24026 24026 24026 2 24026 24026 24026 24026 24026 24026 24026 24026 24026 24026 24026 24026 24026 24026 24026 24026 24026 24026 24026 24026 24026 24026 24026 24026 24026 24026 24026 24026 24026 24026 24026 
66 3000 24026 4 24026 24026 24026 24026 24026 24026 24026 24026 24026 24026 24026 24026 24026 24026 24026 24026 24026 24026 24026 24026 24026 24026 24026 24026 24026 24026 24026 24026 24026 24026 24026 24026 24026 24026 24026 24026 24026 24026 24026 24026 24026 24026 24026 24026 24026 24026 24026 24026 24026 24026 24026 24026 24026 24026 24026 24026 24026 24026 24026 24026 24026 24026 0 3 24026 1 24026 4 24026 24026 24026 0 24026 24026 24026 24026 24026 24026 24026 4 24026 24026 24026 24026 24026 24026 24026 24026 24026 24026 24026 24026 24026 24026 24026 2 24026 24026 24026 24026 24026 24026 24026 24026 24026 24026 24026 24026 24026 24026 24026 24026 24026 24026 24026 24026 24026 24026 24026 24026 24026 24026 24026 24026 24026 24026 
67 3000 24026 24026 3 24026 24026 24026 24026 24026 24026 24026 24026 24026 24026 24026 24026 24026 24026 24026 24026 24026 24026 24026 24026 24026 24026 24026 24026 24026 24026 24026 24026 24026 24026 24026 24026 24026 24026 24026 24026 24026 24026 24026 24026 24026 24026 24026 24026 24026 24026 24026 24026 24026 24026 24026 24026 24026 24026 24026 24026 24026 24026 24026 24026 24026 2 24026 2 3 24026 24026 4 24026 24026 24026 4 24026 24026 24026 24026 24026 24026 24026 4 24026 24026 24026 24026 24026 24026 24026 24026 24026 24026 24026 24026 24026 24026 24026 2 24026 24026 24026 24026 24026 24026 24026 24026 24026 24026 24026 24026 24026 24026 24026 24026 24026 24026 24026 24026 24026 24026 24026 24026 24026 24026 24026 24026 24026 
68 3000 24026 24026 24026 2 24026 24026 24026 24026 24026 24026 24026 24026 24026 24026 24026 24026 24026 24026 24026 24026 24026 24026 24026 24026 24026 24026 24026 24026 24026 24026 24026 24026 24026 24026 24026 24026 24026 24026 24026 24026 24026 24026 24026 24026 24026 24026 24026 24026 24026 24026 24026 24026 24026 24026 24026 24026 24026 24026 24026 24026 24026 24026 24026 24026 24026 2 1 4 24026 24026 24026 3 24026 24026 24026 2 24026 24026 24026 24026 24026 24026 24026 1 24026 24026 24026 24026 24026 24026 24026 24026 24026 24026 24026 24026 24026 24026 24026 4 24026 24026 24026 24026 24026 24026 24026 24026 24026 24026 24026 24026 24026 24026 24026 24026 24026 24026 24026 24026 24026 24026 24026 24026 24026 24026 24026 24026 
69 3000 24026 24026 24026 24026 3 24026 24026 24026 24026 24026 24026 24026 24026 24026 24026 24026 24026 24026 24026 24026 24026 24026 24026 24026 24026 24026 24026 24026 24026 24026 24026 24026 24026 24026 24026 24026 24026 24026 24026 24026 24026 24026 24026 24026 24026 24026 24026 24026 24026 24026 24026 24026 24026 24026 24026 24026 24026 24026 24026 24026 24026 24026 24026 24026 3 24026 24026 24026 0 0 3 24026 24026 24026 24026 24026 3 24026 24026 24026 24026 24026 24026 24026 1 24026 24026 24026 24026 24026 24026 24026 24026 24026 24026 24026 24026 24026 24026 24026 2 24026 24026 24026 24026 24026 24026 24026 24026 24026 24026 24026 24026 24026 24026 24026 24026 24026 24026 24026 24026 24026 24026 24026 24026 24026 24026 24026 
70 3000 24026 24026 24026 24026 24026 0 24026 24026 24026 24026 24026 24026 24026 24026 24026 24026 24026 24026 24026 24026 24026 24026 24026 24026 24026 24026 24026 24026 24026 24026 24026 24026 24026 24026 24026 24026 24026 24026 24026 24026 24026 24026 24026 24026 24026 24026 24026 24026 24026 24026 24026 24026 24026 24026 24026 24026 24026 24026 24026 24026 24026 24026 24026 24026 24026 3 24026 24026 2 0 24026 1 24026 24026 24026 24026 24026 3 24026 24026 24026 24026 24026 24026 24026 2 24026 24026 24026 24026 24026 24026 24026 24026 24026 24026 24026 24026 24026 24026 24026 3 24026 24026 24026 24026 24026 24026 24026 24026 24026 24026 24026 24026 24026 24026 24026 24026 24026 24026 24026 24026 24026 24026 24026 24026 24026 24026 
71 3000 24026 24026 24026 24026 24026 24026 2 24026 24026 24026 24026 24026 24026 24026 24026 24026 24026 24026 24026 24026 24026 24026 24026 24026 24026 24026 24026 24026 24026 24026 24026 24026 24026 24026 24026 24026 24026 24026 24026 24026 24026 24026 24026 24026 24026 24026 24026 24026 24026 24026 24026 24026 24026 24026 24026 24026 24026 24026 24026 24026 24026 24026 24026 24026 24026 24026 1 24026 4 24026 3 1 24026 24026 24026 24026 24026 24026 0 24026 24026 24026 24026 24026 24026 24026 0 24026 24026 24026 24026 24026 24026 24026 24026 24026 24026 24026 24026 24026 24026 24026 2 24026 24026 24026 24026 24026 24026 24026 24026 24026 24026 24026 24026 24026 24026 24026 24026 24026 24026 24026 24026 24026 24026 24026 24026 24026 
72 3000 24026 24026 24026 24026 24026 24026 24026 1 24026 24026 24026 24026 24026 24026 24026 24026 24026 24026 24026 24026 24026 24026 24026 24026 24026 24026 24026 24026 24026 24026 24026 24026 24026 24026 24026 24026 24026 24026 24026 24026 24026 24026 24026 24026 24026 24026 24026 24026 24026 24026 24026 24026 24026 24026 24026 24026 24026 24026 24026 24026 24026 24026 24026 24026 24026 24026 24026 3 24026 3 2 1 24026 24026 24026 24026 24026 24026 24026 3 24026 24026 24026 24026 24026 24026 24026 0 24026 24026 24026 24026 24026 24026 24026 24026 24026 24026 24026 24026 24026 24026 24026 1 24026 24026 24026 24026 24026 24026 24026 24026 24026 24026 24026 24026 24026 24026 24026 24026 24026 24026 24026 24026 24026 24026 24026 24026 
73 3000 24026 24026 24026 24026 24026 24026 24026 24026 0 24026 24026 24026 24026 24026 24026 24026 24026 24026 24026 24026 24026 24026 24026 24026 24026 24026 24026 24026 24026 24026 24026 24026 24026 24026 24026 24026 24026 24026 24026 24026 24026 24026 24026 24026 24026 24026 24026 24026 24026 24026 24026 24026 24026 24026 24026 24026 24026 24026 24026 24026 24026 24026 24026 24026 3 24026 24026 24026 24026 24026 24026 24026 0 1 3 24026 1 24026 24026 24026 24026 24026 24026 24026 24026 24026 24026 24026 2 24026 24026 24026 24026 24026 24026 24026 24026 24026 24026 24026 24026 24026 24026 24026 0 24026 24026 24026 24026 24026 24026 24026 24026 24026 24026 24026 24026 24026 24026 24026 24026 24026 24026 24026 24026 24026 24026 24026 
74 3000 24026 24026 24026 24026 24026 24026 24026 24026 24026 2 24026 24026 24026 24026 24026 24026 24026 24026 24026 24026 24026 24026 24026 24026 24026 24026 24026 24026 24026 24026 24026 24026 24026 24026 24026 24026 24026 24026 24026 24026 24026 24026 24026 24026 24026 24026 24026 24026 24026 24026 24026 24026 24026 24026 24026 24026 24026 24026 24026 24026 24026 24026 24026 24026 24026 3 24026 24026 24026 24026 24026 24026 0 4 24026 2 24026 0 24026 24026 24026 24026 24026 24026 24026 24026 24026 24026 24026 1 24026 24026 24026 24026 24026 24026 24026 24026 24026 24026 24026 24026 24026 24026 24026 3 24026 24026 24026 24026 24026 24026 24026 24026 24026 24026 24026 24026 24026 24026 24026 24026 24026 24026 24026 24026 24026 24026 
75 3000 24026 24026 24026 24026 24026 24026 24026 24026 24026 24026 3 24026 24026 24026 24026 24026 24026 24026 24026 24026 24026 24026 24026 24026 24026 24026 24026 24026 24026 24026 24026 24026 24026 24026 24026 24026 24026 24026 24026 24026 24026 24026 24026 24026 24026 24026 24026 24026 24026 24026 24026 24026 24026 24026 24026 24026 24026 24026 24026 24026 24026 24026 24026 24026 24026 24026 2 24026 24026 24026 24026 24026 4 24026 1 0 24026 24026 3 24026 24026 24026 24026 24026 24026 24026 24026 24026 24026 24026 3 24026 24026 24026 24026 24026 24026 24026 24026 24026 24026 24026 24026 24026 24026 24026 0 24026 24026 24026 24026 24026 24026 24026 24026 24026 24026 24026 24026 24026 24026 24026 24026 24026 24026 24026 24026 24026 
76 3000 24026 24026 24026 24026 24026 24026 24026 24026 24026 24026 24026 3 24026 24026 24026 24026 24026 24026 24026 24026 24026 24026 24026 24026 24026 24026 24026 24026 24026 24026 24026 24026 24026 24026 24026 24026 24026 24026 24026 24026 24026 24026 24026 24026 24026 24026 24026 24026 24026 24026 24026 24026 24026 24026 24026 24026 24026 24026 24026 24026 24026 24026 24026 24026 24026 24026 24026 0 24026 24026 24026 24026 24026 1 1 2 24026 24026 24026 2 24026 24026 24026 24026 24026 24026 24026 24026 24026 24026 24026 3 24026 24026 24026 24026 24026 24026 24026 24026 24026 24026 24026 24026 24026 24026 24026 3 24026 24026 24026 24026 24026 24026 24026 24026 24026 24026 24026 24026 24026 24026 24026 24026 24026 24026 24026 24026 
77 3000 24026 24026 24026 24026 24026 24026 24026 24026 24026 24026 24026 24026 4 24026 24026 24026 24026 24026 24026 24026 24026 24026 24026 24026 24026 24026 24026 24026 24026 24026 24026 24026 24026 24026 24026 24026 24026 24026 24026 24026 24026 24026 24026 24026 24026 24026 24026 24026 24026 24026 24026 24026 24026 24026 24026 24026 24026 24026 24026 24026 24026 24026 24026 24026 24026 24026 24026 24026 4 24026 24026 24026 1 24026 24026 24026 3 0 2 24026 24026 24026 24026 24026 24026 24026 24026 24026 24026 24026 24026 24026 3 24026 24026 24026 24026 24026 24026 24026 24026 24026 24026 24026 24026 24026 24026 24026 0 24026 24026 24026 24026 24026 24026 24026 24026 24026 24026 24026 24026 24026 24026 24026 24026 24026 24026 24026 
78 3000 24026 24026 24026 24026 24026 24026 24026 24026 24026 24026 24026 24026 24026 0 24026 24026 24026 24026 24026 24026 24026 24026 24026 24026 24026 24026 24026 24026 24026 24026 24026 24026 24026 24026 24026 24026 24026 24026 24026 24026 24026 24026 24026 24026 24026 24026 24026 24026 24026 24026 24026 24026 24026 24026 24026 24026 24026 24026 24026 24026 24026 24026 24026 24026 24026 24026 24026 24026 24026 3 24026 24026 24026 2 24026 24026 4 1 24026 4 24026 24026 24026 24026 24026 24026 24026 24026 24026 24026 24026 24026 24026 2 24026 24026 24026 24026 24026 24026 24026 24026 24026 24026 24026 24026 24026 24026 24026 3 24026 24026 24026 24026 24026 24026 24026 24026 24026 24026 24026 24026 24026 24026 24026 24026 24026 24026 
79 3000 24026 24026 24026 24026 24026 24026 24026 24026 24026 24026 24026 24026 24026 24026 2 24026 24026 24026 24026 24026 24026 24026 24026 24026 24026 24026 24026 24026 24026 24026 24026 24026 24026 24026 24026 24026 24026 24026 24026 24026 24026 24026 24026 24026 24026 24026 24026 24026 24026 24026 24026 24026 24026 24026 24026 24026 24026 24026 24026 24026 24026 24026 24026 24026 24026 24026 24026 24026 24026 24026 2 24026 24026 24026 0 24026 3 24026 0 0 24026 24026 24026 24026 24026 24026 24026 24026 24026 24026 24026 24026 24026 24026 2 24026 24026 24026 24026 24026 24026 24026 24026 24026 24026 24026 24026 24026 24026 24026 1 24026 24026 24026 24026 24026 24026 24026 24026 24026 24026 24026 24026 24026 24026 24026 24026 24026 
80 3000 24026 24026 24026 24026 24026 24026 24026 24026 24026 24026 24026 24026 24026 24026 24026 1 24026 24026 24026 24026 24026 24026 24026 24026 24026 24026 24026 24026 24026 24026 24026 24026 24026 24026 24026 24026 24026 24026 24026 24026 24026 24026 24026 24026 24026 24026 24026 24026 24026 24026 24026 24026 24026 24026 24026 24026 24026 24026 24026 24026 24026 24026 24026 24026 24026 24026 24026 24026 24026 24026 24026 2 24026 24026 24026 1 24026 3 0 3 24026 24026 24026 24026 24026 24026 24026 24026 24026 24026 24026 24026 24026 24026 24026 2 24026 24026 24026 24026 24026 24026 24026 24026 24026 24026 24026 24026 24026 24026 24026 0 24026 24026 24026 24026 24026 24026 24026 24026 24026 24026 24026 24026 24026 24026 24026 24026 
81 3000 24026 24026 24026 24026 24026 24026 24026 24026 24026 24026 24026 24026 24026 24026 24026 24026 1 24026 24026 24026 24026 24026 24026 24026 24026 24026 24026 24026 24026 24026 24026 24026 24026 24026 24026 24026 24026 24026 24026 24026 24026 24026 24026 24026 24026 24026 24026 24026 24026 24026 24026 24026 24026 24026 24026 24026 24026 24026 24026 24026 24026 24026 24026 24026 3 24026 24026 24026 24026 24026 24026 24026 24026 24026 24026 24026 24026 24026 24026 24026 2 0 0 24026 3 24026 24026 24026 0 24026 24026 24026 24026 24026 24026 24026 24026 24026 24026 24026 24026 24026 24026 24026 24026 24026 24026 24026 24026 24026 24026 24026 1 24026 24026 24026 24026 24026 24026 24026 24026 24026 24026 24026 24026 24026 24026 24026 
82 3000 24026 24026 24026 24026 24026 24026 24026 24026 24026 24026 24026 24026 24026 24026 24026 24026 24026 4 24026 24026 24026 24026 24026 24026 24026 24026 24026 24026 24026 24026 24026 24026 24026 24026 24026 24026 24026 24026 24026 24026 24026 24026 24026 24026 24026 24026 24026 24026 24026 24026 24026 24026 24026 24026 24026 24026 24026 24026 24026 24026 24026 24026 24026 24026 24026 0 24026 24026 24026 24026 24026 24026 24026 24026 24026 24026 24026 24026 24026 24026 1 0 24026 2 24026 1 24026 24026 24026 2 24026 24026 24026 24026 24026 24026 24026 24026 24026 24026 24026 24026 24026 24026 24026 24026 24026 24026 24026 24026 24026 24026 24026 0 24026 24026 24026 24026 24026 24026 24026 24026 24026 24026 24026 24026 24026 24026 
83 3000 24026 24026 24026 24026 24026 24026 24026 24026 24026 24026 24026 24026 24026 24026 24026 24026 24026 24026 1 24026 24026 24026 24026 24026 24026 24026 24026 24026 24026 24026 24026 24026 24026 24026 24026 24026 24026 24026 24026 24026 24026 24026 24026 24026 24026 24026 24026 24026 24026 24026 24026 24026 24026 24026 24026 24026 24026 24026 24026 24026 24026 24026 24026 24026 24026 24026 3 24026 24026 24026 24026 24026 24026 24026 24026 24026 24026 24026 24026 24026 4 24026 0 0 24026 24026 2 24026 24026 24026 0 24026 24026 24026 24026 24026 24026 24026 24026 24026 24026 24026 24026 24026 24026 24026 24026 24026 24026 24026 24026 24026 24026 24026 2 24026 24026 24026 24026 24026 24026 24026 24026 24026 24026 24026 24026 24026 
84 3000 24026 24026 24026 24026 24026 24026 24026 24026 24026 24026 24026 24026 24026 24026 24026 24026 24026 24026 24026 4 24026 24026 24026 24026 24026 24026 24026 24026 24026 24026 24026 24026 24026 24026 24026 24026 24026 24026 24026 24026 24026 24026 24026 24026 24026 24026 24026 24026 24026 24026 24026 24026 24026 24026 24026 24026 24026 24026 24026 24026 24026 24026 24026 24026 24026 24026 24026 3 24026 24026 24026 24026 24026 24026 24026 24026 24026 24026 24026 24026 24026 2 1 0 24026 24026 24026 1 24026 24026 24026 1 24026 24026 24026 24026 24026 24026 24026 24026 24026 24026 24026 24026 24026 24026 24026 24026 24026 24026 24026 24026 24026 24026 24026 3 24026 24026 24026 24026 24026 24026 24026 24026 24026 24026 24026 24026 
85 3000 24026 24026 24026 24026 24026 24026 24026 24026 24026 24026 24026 24026 24026 24026 24026 24026 24026 24026 24026 24026 1 24026 24026 24026 24026 24026 24026 24026 24026 24026 24026 24026 24026 24026 24026 24026 24026 24026 24026 24026 24026 24026 24026 24026 24026 24026 24026 24026 24026 24026 24026 24026 24026 24026 24026 24026 24026 24026 24026 24026 24026 24026 24026 24026 24026 24026 24026 24026 3 24026 24026 24026 24026 24026 24026 24026 24026 24026 24026 24026 1 24026 24026 24026 2 1 0 24026 24026 24026 24026 24026 2 24026 24026 24026 24026 24026 24026 24026 24026 24026 24026 24026 24026 24026 24026 24026 24026 24026 24026 24026 24026 24026 24026 24026 1 24026 24026 24026 24026 24026 24026 24026 24026 24026 24026 24026 
86 3000 24026 24026 24026 24026 24026 24026 24026 24026 24026 24026 24026 24026 24026 24026 24026 24026 24026 24026 24026 24026 24026 1 24026 24026 24026 24026 24026 24026 24026 24026 24026 24026 24026 24026 24026 24026 24026 24026 24026 24026 24026 24026 24026 24026 24026 24026 24026 24026 24026 24026 24026 24026 24026 24026 24026 24026 24026 24026 24026 24026 24026 24026 24026 24026 24026 24026 24026 24026 24026 2 24026 24026 24026 24026 24026 24026 24026 24026 24026 24026 24026 0 24026 24026 2 1 24026 3 24026 24026 24026 24026 24026 4 24026 24026 24026 24026 24026 24026 24026 24026 24026 24026 24026 24026 24026 24026 24026 24026 24026 24026 24026 24026 24026 24026 24026 0 24026 24026 24026 24026 24026 24026 24026 24026 24026 24026 
87 3000 24026 24026 24026 24026 24026 24026 24026 24026 24026 24026 24026 24026 24026 24026 24026 24026 24026 24026 24026 24026 24026 24026 4 24026 24026 24026 24026 24026 24026 24026 24026 24026 24026 24026 24026 24026 24026 24026 24026 24026 24026 24026 24026 24026 24026 24026 24026 24026 24026 24026 24026 24026 24026 24026 24026 24026 24026 24026 24026 24026 24026 24026 24026 24026 24026 24026 24026 24026 24026 24026 3 24026 24026 24026 24026 24026 24026 24026 24026 24026 24026 24026 2 24026 3 24026 0 0 24026 24026 24026 24026 24026 24026 2 24026 24026 24026 24026 24026 24026 24026 24026 24026 24026 24026 24026 24026 24026 24026 24026 24026 24026 24026 24026 24026 24026 24026 0 24026 24026 24026 24026 24026 24026 24026 24026 24026 
88 3000 24026 24026 24026 24026 24026 24026 24026 24026 24026 24026 24026 24026 24026 24026 24026 24026 24026 24026 24026 24026 24026 24026 24026 2 24026 24026 24026 24026 24026 24026 24026 24026 24026 24026 24026 24026 24026 24026 24026 24026 24026 24026 24026 24026 24026 24026 24026 24026 24026 24026 24026 24026 24026 24026 24026 24026 24026 24026 24026 24026 24026 24026 24026 24026 24026 24026 24026 24026 24026 24026 24026 3 24026 24026 24026 24026 24026 24026 24026 24026 24026 24026 24026 3 24026 2 0 0 24026 24026 24026 24026 24026 24026 24026 3 24026 24026 24026 24026 24026 24026 24026 24026 24026 24026 24026 24026 24026 24026 24026 24026 24026 24026 24026 24026 24026 24026 24026 3 24026 24026 24026 24026 24026 24026 24026 24026 
89 3000 24026 24026 24026 24026 24026 24026 24026 24026 24026 24026 24026 24026 24026 24026 24026 24026 24026 24026 24026 24026 24026 24026 24026 24026 2 24026 24026 24026 24026 24026 24026 24026 24026 24026 24026 24026 24026 24026 24026 24026 24026 24026 24026 24026 24026 24026 24026 24026 24026 24026 24026 24026 24026 24026 24026 24026 24026 24026 24026 24026 24026 24026 24026 24026 24026 24026 24026 24026 24026 24026 24026 24026 0 24026 24026 24026 24026 24026 24026 24026 3 24026 24026 24026 24026 24026 24026 24026 0 2 3 24026 4 24026 24026 24026 24026 24026 24026 24026 24026 24026 24026 24026 24026 24026 24026 24026 24026 24026 24026 24026 24026 24026 24026 24026 24026 24026 24026 24026 3 24026 24026 24026 24026 24026 24026 24026 
90 3000 24026 24026 24026 24026 24026 24026 24026 24026 24026 24026 24026 24026 24026 24026 24026 24026 24026 24026 24026 24026 24026 24026 24026 24026 24026 1 24026 24026 24026 24026 24026 24026 24026 24026 24026 24026 24026 24026 24026 24026 24026 24026 24026 24026 24026 24026 24026 24026 24026 24026 24026 24026 24026 24026 24026 24026 24026 24026 24026 24026 24026 24026 24026 24026 24026 24026 24026 24026 24026 24026 24026 24026 24026 2 24026 24026 24026 24026 24026 24026 24026 0 24026 24026 24026 24026 24026 24026 0 1 24026 4 24026 0 24026 24026 24026 24026 24026 24026 24026 24026 24026 24026 24026 24026 24026 24026 24026 24026 24026 24026 24026 24026 24026 24026 24026 24026 24026 24026 24026 4 24026 24026 24026 24026 24026 24026 
91 3000 24026 24026 24026 24026 24026 24026 24026 24026 24026 24026 24026 24026 24026 24026 24026 24026 24026 24026 24026 24026 24026 24026 24026 24026 24026 24026 1 24026 24026 24026 24026 24026 24026 24026 24026 24026 24026 24026 24026 24026 24026 24026 24026 24026 24026 24026 24026 24026 24026 24026 24026 24026 24026 24026 24026 24026 24026 24026 24026 24026 24026 24026 24026 24026 24026 24026 24026 24026 24026 24026 24026 24026 24026 24026 0 24026 24026 24026 24026 24026 24026 24026 4 24026 24026 24026 24026 24026 4 24026 1 2 24026 24026 3 24026 24026 24026 24026 24026 24026 24026 24026 24026 24026 24026 24026 24026 24026 24026 24026 24026 24026 24026 24026 24026 24026 24026 24026 24026 24026 24026 4 24026 24026 24026 24026 24026 
92 3000 24026 24026 24026 24026 24026 24026 24026 24026 24026 24026 24026 24026 24026 24026 24026 24026 24026 24026 24026 24026 24026 24026 24026 24026 24026 24026 24026 3 24026 24026 24026 24026 24026 24026 24026 24026 24026 24026 24026 24026 24026 24026 24026 24026 24026 24026 24026 24026 24026 24026 24026 24026 24026 24026 24026 24026 24026 24026 24026 24026 24026 24026 24026 24026 24026 24026 24026 24026 24026 24026 24026 24026 24026 24026 24026 0 24026 24026 24026 24026 24026 24026 24026 3 24026 24026 24026 24026 24026 2 0 4 24026 24026 24026 0 24026 24026 24026 24026 24026 24026 24026 24026 24026 24026 24026 24026 24026 24026 24026 24026 24026 24026 24026 24026 24026 24026 24026 24026 24026 24026 24026 3 24026 24026 24026 24026 
93 3000 24026 24026 24026 24026 24026 24026 24026 24026 24026 24026 24026 24026 24026 24026 24026 24026 24026 24026 24026 24026 24026 24026 24026 24026 24026 24026 24026 24026 4 24026 24026 24026 24026 24026 24026 24026 24026 24026 24026 24026 24026 24026 24026 24026 24026 24026 24026 24026 24026 24026 24026 24026 24026 24026 24026 24026 24026 24026 24026 24026 24026 24026 24026 24026 24026 24026 24026 24026 24026 24026 24026 24026 24026 24026 24026 24026 3 24026 24026 24026 24026 24026 24026 24026 0 24026 24026 24026 1 24026 24026 24026 0 3 0 24026 24026 24026 24026 24026 24026 24026 24026 24026 24026 24026 24026 24026 24026 24026 24026 24026 24026 24026 24026 24026 24026 24026 24026 24026 24026 24026 24026 24026 1 24026 24026 24026 
94 3000 24026 24026 24026 24026 24026 24026 24026 24026 24026 24026 24026 24026 24026 24026 24026 24026 24026 24026 24026 24026 24026 24026 24026 24026 24026 24026 24026 24026 24026 0 24026 24026 24026 24026 24026 24026 24026 24026 24026 24026 24026 24026 24026 24026 24026 24026 24026 24026 24026 24026 24026 24026 24026 24026 24026 24026 24026 24026 24026 24026 24026 24026 24026 24026 24026 24026 24026 24026 24026 24026 24026 24026 24026 24026 24026 24026 24026 2 24026 24026 24026 24026 24026 24026 24026 1 24026 24026 24026 1 24026 24026 4 1 24026 1 24026 24026 24026 24026 24026 24026 24026 24026 24026 24026 24026 24026 24026 24026 24026 24026 24026 24026 24026 24026 24026 24026 24026 24026 24026 24026 24026 24026 24026 3 24026 24026 
95 3000 24026 24026 24026 24026 24026 24026 24026 24026 24026 24026 24026 24026 24026 24026 24026 24026 24026 24026 24026 24026 24026 24026 24026 24026 24026 24026 24026 24026 24026 24026 3 24026 24026 24026 24026 24026 24026 24026 24026 24026 24026 24026 24026 24026 24026 24026 24026 24026 24026 24026 24026 24026 24026 24026 24026 24026 24026 24026 24026 24026 24026 24026 24026 24026 24026 24026 24026 24026 24026 24026 24026 24026 24026 24026 24026 24026 24026 24026 4 24026 24026 24026 24026 24026 24026 24026 2 24026 24026 24026 4 24026 3 24026 1 0 24026 24026 24026 24026 24026 24026 24026 24026 24026 24026 24026 24026 24026 24026 24026 24026 24026 24026 24026 24026 24026 24026 24026 24026 24026 24026 24026 24026 24026 24026 3 24026 
96 3000 24026 24026 24026 24026 24026 24026 24026 24026 24026 24026 24026 24026 24026 24026 24026 24026 24026 24026 24026 24026 24026 24026 24026 24026 24026 24026 24026 24026 24026 24026 24026 3 24026 24026 24026 24026 24026 24026 24026 24026 24026 24026 24026 24026 24026 24026 24026 24026 24026 24026 24026 24026 24026 24026 24026 24026 24026 24026 24026 24026 24026 24026 24026 24026 24026 24026 24026 24026 24026 24026 24026 24026 24026 24026 24026 24026 24026 24026 24026 2 24026 24026 24026 24026 24026 24026 24026 3 24026 24026 24026 3 24026 2 1 1 24026 24026 24026 24026 24026 24026 24026 24026 24026 24026 24026 24026 24026 24026 24026 24026 24026 24026 24026 24026 24026 24026 24026 24026 24026 24026 24026 24026 24026 24026 24026 2 
97 3000 24026 24026 24026 24026 24026 24026 24026 24026 24026 24026 24026 24026 24026 24026 24026 24026 24026 24026 24026 24026 24026 24026 24026 24026 24026 24026 24026 24026 24026 24026 24026 24026 2 24026 24026 24026 24026 24026 24026 24026 24026 24026 24026 24026 24026 24026 24026 24026 24026 24026 24026 24026 24026 24026 24026 24026 24026 24026 24026 24026 24026 24026 24026 24026 3 24026 24026 24026 24026 24026 24026 24026 24026 24026 24026 24026 24026 24026 24026 24026 24026 24026 24026 24026 24026 24026 24026 24026 24026 24026 24026 24026 24026 24026 24026 24026 2 4 4 24026 0 24026 24026 24026 1 24026 24026 24026 24026 24026 24026 24026 3 24026 24026 24026 24026 24026 24026 24026 24026 24026 24026 24026 24026 24026 24026 24026 
98 3000 24026 24026 24026 24026 24026 24026 24026 24026 24026 24026 24026 24026 24026 24026 24026 24026 24026 24026 24026 24026 24026 24026 24026 24026 24026 24026 24026 24026 24026 24026 24026 24026 24026 0 24026 24026 24026 24026 24026 24026 24026 24026 24026 24026 24026 24026 24026 24026 24026 24026 24026 24026 24026 24026 24026 24026 24026 24026 24026 24026 24026 24026 24026 24026 24026 0 24026 24026 24026 24026 24026 24026 24026 24026 24026 24026 24026 24026 24026 24026 24026 24026 24026 24026 24026 24026 24026 24026 24026 24026 24026 24026 24026 24026 24026 24026 1 1 24026 3 24026 3 24026 24026 24026 2 24026 24026 24026 24026 24026 24026 24026 0 24026 24026 24026 24026 24026 24026 24026 24026 24026 24026 24026 24026 24026 24026 
99 3000 24026 24026 24026 24026 24026 24026 24026 24026 24026 24026 24026 24026 24026 24026 24026 24026 24026 24026 24026 24026 24026 24026 24026 24026 24026 24026 24026 24026 24026 24026 24026 24026 24026 24026 0 24026 24026 24026 24026 24026 24026 24026 24026 24026 24026 24026 24026 24026 24026 24026 24026 24026 24026 24026 24026 24026 24026 24026 24026 24026 24026 24026 24026 24026 24026 24026 1 24026 24026 24026 24026 24026 24026 24026 24026 24026 24026 24026 24026 24026 24026 24026 24026 24026 24026 24026 24026 24026 24026 24026 24026 24026 24026 24026 24026 24026 0 24026 1 2 24026 24026 3 24026 24026 24026 0 24026 24026 24026 24026 24026 24026 24026 1 24026 24026 24026 24026 24026 24026 24026 24026 24026 24026 24026 24026 24026 
100 3000 24026 24026 24026 24026 24026 24026 24026 24026 24026 24026 24026 24026 24026 24026 24026 24026 24026 24026 24026 24026 24026 24026 24026 24026 24026 24026 24026 24026 24026 24026 24026 24026 24026 24026 24026 1 24026 24026 24026 24026 24026 24026 24026 24026 24026 24026 24026 24026 24026 24026 24026 24026 24026 24026 24026 24026 24026 24026 24026 24026 24026 24026 24026 24026 24026 24026 24026 0 24026 24026 24026 24026 24026 24026 24026 24026 24026 24026 24026 24026 24026 24026 24026 24026 24026 24026 24026 24026 24026 24026 24026 24026 24026 24026 24026 24026 24026 0 1 0 24026 24026 24026 1 24026 24026 24026 4 24026 24026 24026 24026 24026 24026 24026 2 24026 24026 24026 24026 24026 24026 24026 24026 24026 24026 24026 24026 
101 3000 24026 24026 24026 24026 24026 24026 24026 24026 24026 24026 24026 24026 24026 24026 24026 24026 24026 24026 24026 24026 24026 24026 24026 24026 24026 24026 24026 24026 24026 24026 24026 24026 24026 24026 24026 24026 1 24026 24026 24026 24026 24026 24026 24026 24026 24026 24026 24026 24026 24026 24026 24026 24026 24026 24026 24026 24026 24026 24026 24026 24026 24026 24026 24026 24026 24026 24026 24026 4 24026 24026 24026 24026 24026 24026 24026 24026 24026 24026 24026 24026 24026 24026 24026 24026 24026 24026 24026 24026 24026 24026 24026 24026 24026 24026 24026 4 24026 24026 24026 3 2 3 24026 24026 24026 24026 24026 1 24026 24026 24026 24026 24026 24026 24026 0 24026 24026 24026 24026 24026 24026 24026 24026 24026 24026 24026 
102 3000 24026 24026 24026 24026 24026 24026 24026 24026 24026 24026 24026 24026 24026 24026 24026 24026 24026 24026 24026 24026 24026 24026 24026 24026 24026 24026 24026 24026 24026 24026 24026 24026 24026 24026 24026 24026 24026 1 24026 24026 24026 24026 24026 24026 24026 24026 24026 24026 24026 24026 24026 24026 24026 24026 24026 24026 24026 24026 24026 24026 24026 24026 24026 24026 24026 24026 24026 24026 24026 4 24026 24026 24026 24026 24026 24026 24026 24026 24026 24026 24026 24026 24026 24026 24026 24026 24026 24026 24026 24026 24026 24026 24026 24026 24026 24026 24026 2 24026 24026 0 4 24026 1 24026 24026 24026 24026 24026 3 24026 24026 24026 24026 24026 24026 24026 2 24026 24026 24026 24026 24026 24026 24026 24026 24026 24026 
103 3000 24026 24026 24026 24026 24026 24026 24026 24026 24026 24026 24026 24026 24026 24026 24026 24026 24026 24026 24026 24026 24026 24026 24026 24026 24026 24026 24026 24026 24026 24026 24026 24026 24026 24026 24026 24026 24026 24026 1 24026 24026 24026 24026 24026 24026 24026 24026 24026 24026 24026 24026 24026 24026 24026 24026 24026 24026 24026 24026 24026 24026 24026 24026 24026 24026 24026 24026 24026 24026 24026 0 24026 24026 24026 24026 24026 24026 24026 24026 24026 24026 24026 24026 24026 24026 24026 24026 24026 24026 24026 24026 24026 24026 24026 24026 24026 24026 24026 2 24026 3 24026 3 4 24026 24026 24026 24026 24026 24026 0 24026 24026 24026 24026 24026 24026 24026 3 24026 24026 24026 24026 24026 24026 24026 24026 24026 
104 3000 24026 24026 24026 24026 24026 24026 24026 24026 24026 24026 24026 24026 24026 24026 24026 24026 24026 24026 24026 24026 24026 24026 24026 24026 24026 24026 24026 24026 24026 24026 24026 24026 24026 24026 24026 24026 24026 24026 24026 2 24026 24026 24026 24026 24026 24026 24026 24026 24026 24026 24026 24026 24026 24026 24026 24026 24026 24026 24026 24026 24026 24026 24026 24026 24026 24026 24026 24026 24026 24026 24026 3 24026 24026 24026 24026 24026 24026 24026 24026 24026 24026 24026 24026 24026 24026 24026 24026 24026 24026 24026 24026 24026 24026 24026 24026 24026 24026 24026 2 24026 0 2 3 24026 24026 24026 24026 24026 24026 24026 2 24026 24026 24026 24026 24026 24026 24026 4 24026 24026 24026 24026 24026 24026 24026 24026 
105 3000 24026 24026 24026 24026 24026 24026 24026 24026 24026 24026 24026 24026 24026 24026 24026 24026 24026 24026 24026 24026 24026 24026 24026 24026 24026 24026 24026 24026 24026 24026 24026 24026 24026 24026 24026 24026 24026 24026 24026 24026 1 24026 24026 24026 24026 24026 24026 24026 24026 24026 24026 24026 24026 24026 24026 24026 24026 24026 24026 24026 24026 24026 24026 24026 24026 24026 24026 24026 24026 24026 24026 24026 2 24026 24026 24026 24026 24026 24026 24026 24026 24026 24026 24026 24026 24026 24026 24026 24026 24026 24026 24026 24026 24026 24026 24026 2 24026 24026 24026 24026 24026 24026 24026 3 1 2 24026 2 24026 24026 24026 24026 24026 24026 24026 24026 24026 24026 24026 1 24026 24026 24026 24026 24026 24026 24026 
106 3000 24026 24026 24026 24026 24026 24026 24026 24026 24026 24026 24026 24026 24026 24026 24026 24026 24026 24026 24026 24026 24026 24026 24026 24026 24026 24026 24026 24026 24026 24026 24026 24026 24026 24026 24026 24026 24026 24026 24026 24026 24026 1 24026 24026 24026 24026 24026 24026 24026 24026 24026 24026 24026 24026 24026 24026 24026 24026 24026 24026 24026 24026 24026 24026 24026 24026 24026 24026 24026 24026 24026 24026 24026 2 24026 24026 24026 24026 24026 24026 24026 24026 24026 24026 24026 24026 24026 24026 24026 24026 24026 24026 24026 24026 24026 24026 24026 1 24026 24026 24026 24026 24026 24026 3 0 24026 3 24026 1 24026 24026 24026 24026 24026 24026 24026 24026 24026 24026 24026 2 24026 24026 24026 24026 24026 24026 
107 3000 24026 24026 24026 24026 24026 24026 24026 24026 24026 24026 24026 24026 24026 24026 24026 24026 24026 24026 24026 24026 24026 24026 24026 24026 24026 24026 24026 24026 24026 24026 24026 24026 24026 24026 24026 24026 24026 24026 24026 24026 24026 24026 4 24026 24026 24026 24026 24026 24026 24026 24026 24026 24026 24026 24026 24026 24026 24026 24026 24026 24026 24026 24026 24026 24026 24026 24026 24026 24026 24026 24026 24026 24026 24026 2 24026 24026 24026 24026 24026 24026 24026 24026 24026 24026 24026 24026 24026 24026 24026 24026 24026 24026 24026 24026 24026 24026 24026 4 24026 24026 24026 24026 24026 2 24026 2 3 24026 24026 4 24026 24026 24026 24026 24026 24026 24026 24026 24026 24026 24026 1 24026 24026 24026 24026 24026 
108 3000 24026 24026 24026 24026 24026 24026 24026 24026 24026 24026 24026 24026 24026 24026 24026 24026 24026 24026 24026 24026 24026 24026 24026 24026 24026 24026 24026 24026 24026 24026 24026 24026 24026 24026 24026 24026 24026 24026 24026 24026 24026 24026 24026 0 24026 24026 24026 24026 24026 24026 24026 24026 24026 24026 24026 24026 24026 24026 24026 24026 24026 24026 24026 24026 24026 24026 24026 24026 24026 24026 24026 24026 24026 24026 24026 4 24026 24026 24026 24026 24026 24026 24026 24026 24026 24026 24026 24026 24026 24026 24026 24026 24026 24026 24026 24026 24026 24026 24026 4 24026 24026 24026 24026 24026 4 1 0 24026 24026 24026 1 24026 24026 24026 24026 24026 24026 24026 24026 24026 24026 24026 3 24026 24026 24026 24026 
109 3000 24026 24026 24026 24026 24026 24026 24026 24026 24026 24026 24026 24026 24026 24026 24026 24026 24026 24026 24026 24026 24026 24026 24026 24026 24026 24026 24026 24026 24026 24026 24026 24026 24026 24026 24026 24026 24026 24026 24026 24026 24026 24026 24026 24026 4 24026 24026 24026 24026 24026 24026 24026 24026 24026 24026 24026 24026 24026 24026 24026 24026 24026 24026 24026 24026 24026 24026 24026 24026 24026 24026 24026 24026 24026 24026 24026 1 24026 24026 24026 24026 24026 24026 24026 24026 24026 24026 24026 24026 24026 24026 24026 24026 24026 24026 24026 24026 24026 24026 24026 4 24026 24026 24026 2 24026 24026 24026 4 2 2 24026 24026 24026 24026 24026 24026 24026 24026 24026 24026 24026 24026 24026 0 24026 24026 24026 
110 3000 24026 24026 24026 24026 24026 24026 24026 24026 24026 24026 24026 24026 24026 24026 24026 24026 24026 24026 24026 24026 24026 24026 24026 24026 24026 24026 24026 24026 24026 24026 24026 24026 24026 24026 24026 24026 24026 24026 24026 24026 24026 24026 24026 24026 24026 2 24026 24026 24026 24026 24026 24026 24026 24026 24026 24026 24026 24026 24026 24026 24026 24026 24026 24026 24026 24026 24026 24026 24026 24026 24026 24026 24026 24026 24026 24026 24026 2 24026 24026 24026 24026 24026 24026 24026 24026 24026 24026 24026 24026 24026 24026 24026 24026 24026 24026 24026 24026 24026 24026 24026 2 24026 24026 24026 4 24026 24026 0 4 24026 3 24026 24026 24026 24026 24026 24026 24026 24026 24026 24026 24026 24026 24026 2 24026 24026 
111 3000 24026 24026 24026 24026 24026 24026 24026 24026 24026 24026 24026 24026 24026 24026 24026 24026 24026 24026 24026 24026 24026 24026 24026 24026 24026 24026 24026 24026 24026 24026 24026 24026 24026 24026 24026 24026 24026 24026 24026 24026 24026 24026 24026 24026 24026 24026 4 24026 24026 24026 24026 24026 24026 24026 24026 24026 24026 24026 24026 24026 24026 24026 24026 24026 24026 24026 24026 24026 24026 24026 24026 24026 24026 24026 24026 24026 24026 24026 2 24026 24026 24026 24026 24026 24026 24026 24026 24026 24026 24026 24026 24026 24026 24026 24026 24026 24026 24026 24026 24026 24026 24026 3 24026 24026 24026 0 24026 2 24026 4 3 24026 24026 24026 24026 24026 24026 24026 24026 24026 24026 24026 24026 24026 24026 1 24026 
112 3000 24026 24026 24026 24026 24026 24026 24026 24026 24026 24026 24026 24026 24026 24026 24026 24026 24026 24026 24026 24026 24026 24026 24026 24026 24026 24026 24026 24026 24026 24026 24026 24026 24026 24026 24026 24026 24026 24026 24026 24026 24026 24026 24026 24026 24026 24026 24026 3 24026 24026 24026 24026 24026 24026 24026 24026 24026 24026 24026 24026 24026 24026 24026 24026 24026 24026 24026 24026 24026 24026 24026 24026 24026 24026 24026 24026 24026 24026 24026 3 24026 24026 24026 24026 24026 24026 24026 24026 24026 24026 24026 24026 24026 24026 24026 24026 24026 24026 24026 24026 24026 24026 24026 1 24026 24026 24026 3 24026 3 0 3 24026 24026 24026 24026 24026 24026 24026 24026 24026 24026 24026 24026 24026 24026 24026 4 
113 3000 24026 24026 24026 24026 24026 24026 24026 24026 24026 24026 24026 24026 24026 24026 24026 24026 24026 24026 24026 24026 24026 24026 24026 24026 24026 24026 24026 24026 24026 24026 24026 24026 24026 24026 24026 24026 24026 24026 24026 24026 24026 24026 24026 24026 24026 24026 24026 24026 3 24026 24026 24026 24026 24026 24026 24026 24026 24026 24026 24026 24026 24026 24026 24026 24026 24026 24026 24026 24026 24026 24026 24026 24026 24026 24026 24026 24026 24026 24026 24026 3 24026 24026 24026 24026 24026 24026 24026 24026 24026 24026 24026 24026 24026 24026 24026 4 24026 24026 24026 24026 24026 24026 24026 24026 24026 24026 24026 24026 24026 24026 24026 2 2 4 24026 4 24026 24026 24026 1 24026 24026 24026 24026 24026 24026 24026 
114 3000 24026 24026 24026 24026 24026 24026 24026 24026 24026 24026 24026 24026 24026 24026 24026 24026 24026 24026 24026 24026 24026 24026 24026 24026 24026 24026 24026 24026 24026 24026 24026 24026 24026 24026 24026 24026 24026 24026 24026 24026 24026 24026 24026 24026 24026 24026 24026 24026 24026 1 24026 24026 24026 24026 24026 24026 24026 24026 24026 24026 24026 24026 24026 24026 24026 24026 24026 24026 24026 24026 24026 24026 24026 24026 24026 24026 24026 24026 24026 24026 24026 3 24026 24026 24026 24026 24026 24026 24026 24026 24026 24026 24026 24026 24026 24026 24026 4 24026 24026 24026 24026 24026 24026 24026 24026 24026 24026 24026 24026 24026 24026 1 2 24026 1 24026 3 24026 24026 24026 4 24026 24026 24026 24026 24026 24026 
115 3000 24026 24026 24026 24026 24026 24026 24026 24026 24026 24026 24026 24026 24026 24026 24026 24026 24026 24026 24026 24026 24026 24026 24026 24026 24026 24026 24026 24026 24026 24026 24026 24026 24026 24026 24026 24026 24026 24026 24026 24026 24026 24026 24026 24026 24026 24026 24026 24026 24026 24026 2 24026 24026 24026 24026 24026 24026 24026 24026 24026 24026 24026 24026 24026 24026 24026 24026 24026 24026 24026 24026 24026 24026 24026 24026 24026 24026 24026 24026 24026 24026 24026 0 24026 24026 24026 24026 24026 24026 24026 24026 24026 24026 24026 24026 24026 24026 24026 2 24026 24026 24026 24026 24026 24026 24026 24026 24026 24026 24026 24026 24026 4 24026 4 1 24026 24026 4 24026 24026 24026 0 24026 24026 24026 24026 24026 
116 3000 24026 24026 24026 24026 24026 24026 24026 24026 24026 24026 24026 24026 24026 24026 24026 24026 24026 24026 24026 24026 24026 24026 24026 24026 24026 24026 24026 24026 24026 24026 24026 24026 24026 24026 24026 24026 24026 24026 24026 24026 24026 24026 24026 24026 24026 24026 24026 24026 24026 24026 24026 2 24026 24026 24026 24026 24026 24026 24026 24026 24026 24026 24026 24026 24026 24026 24026 24026 24026 24026 24026 24026 24026 24026 24026 24026 24026 24026 24026 24026 24026 24026 24026 4 24026 24026 24026 24026 24026 24026 24026 24026 24026 24026 24026 24026 24026 24026 24026 2 24026 24026 24026 24026 24026 24026 24026 24026 24026 24026 24026 24026 24026 0 2 1 24026 24026 24026 1 24026 24026 24026 0 24026 24026 24026 24026 
117 3000 24026 24026 24026 24026 24026 24026 24026 24026 24026 24026 24026 24026 24026 24026 24026 24026 24026 24026 24026 24026 24026 24026 24026 24026 24026 24026 24026 24026 24026 24026 24026 24026 24026 24026 24026 24026 24026 24026 24026 24026 24026 24026 24026 24026 24026 24026 24026 24026 24026 24026 24026 24026 0 24026 24026 24026 24026 24026 24026 24026 24026 24026 24026 24026 24026 24026 24026 24026 24026 24026 24026 24026 24026 24026 24026 24026 24026 24026 24026 24026 24026 24026 24026 24026 2 24026 24026 24026 24026 24026 24026 24026 24026 24026 24026 24026 24026 24026 24026 24026 1 24026 24026 24026 24026 24026 24026 24026 24026 24026 24026 24026 2 24026 24026 24026 3 4 1 24026 24026 24026 24026 24026 0 24026 24026 24026 
118 3000 24026 24026 24026 24026 24026 24026 24026 24026 24026 24026 24026 24026 24026 24026 24026 24026 24026 24026 24026 24026 24026 24026 24026 24026 24026 24026 24026 24026 24026 24026 24026 24026 24026 24026 24026 24026 24026 24026 24026 24026 24026 24026 24026 24026 24026 24026 24026 24026 24026 24026 24026 24026 24026 3 24026 24026 24026 24026 24026 24026 24026 24026 24026 24026 24026 24026 24026 24026 24026 24026 24026 24026 24026 24026 24026 24026 24026 24026 24026 24026 24026 24026 24026 24026 24026 1 24026 24026 24026 24026 24026 24026 24026 24026 24026 24026 24026 24026 24026 24026 24026 3 24026 24026 24026 24026 24026 24026 24026 24026 24026 24026 24026 3 24026 24026 1 1 24026 0 24026 24026 24026 24026 24026 1 24026 24026 
119 3000 24026 24026 24026 24026 24026 24026 24026 24026 24026 24026 24026 24026 24026 24026 24026 24026 24026 24026 24026 24026 24026 24026 24026 24026 24026 24026 24026 24026 24026 24026 24026 24026 24026 24026 24026 24026 24026 24026 24026 24026 24026 24026 24026 24026 24026 24026 24026 24026 24026 24026 24026 24026 24026 24026 4 24026 24026 24026 24026 24026 24026 24026 24026 24026 24026 24026 24026 24026 24026 24026 24026 24026 24026 24026 24026 24026 24026 24026 24026 24026 24026 24026 24026 24026 24026 24026 2 24026 24026 24026 24026 24026 24026 24026 24026 24026 24026 24026 24026 24026 24026 24026 1 24026 24026 24026 24026 24026 24026 24026 24026 24026 24026 24026 3 24026 2 24026 3 2 24026 24026 24026 24026 24026 24026 1 24026 
120 3000 24026 24026 24026 24026 24026 24026 24026 24026 24026 24026 24026 24026 24026 24026 24026 24026 24026 24026 24026 24026 24026 24026 24026 24026 24026 24026 24026 24026 24026 24026 24026 24026 24026 24026 24026 24026 24026 24026 24026 24026 24026 24026 24026 24026 24026 24026 24026 24026 24026 24026 24026 24026 24026 24026 24026 2 24026 24026 24026 24026 24026 24026 24026 24026 24026 24026 24026 24026 24026 24026 24026 24026 24026 24026 24026 24026 24026 24026 24026 24026 24026 24026 24026 24026 24026 24026 24026 3 24026 24026 24026 24026 24026 24026 24026 24026 24026 24026 24026 24026 24026 24026 24026 1 24026 24026 24026 24026 24026 24026 24026 24026 24026 24026 24026 1 24026 4 1 1 24026 24026 24026 24026 24026 24026 24026 2 
121 3000 24026 24026 24026 24026 24026 24026 24026 24026 24026 24026 24026 24026 24026 24026 24026 24026 24026 24026 24026 24026 24026 24026 24026 24026 24026 24026 24026 24026 24026 24026 24026 24026 24026 24026 24026 24026 24026 24026 24026 24026 24026 24026 24026 24026 24026 24026 24026 24026 24026 24026 24026 24026 24026 24026 24026 24026 2 24026 24026 24026 24026 24026 24026 24026 24026 24026 24026 24026 24026 24026 24026 24026 24026 24026 24026 24026 24026 24026 24026 24026 24026 24026 24026 24026 24026 24026 24026 24026 0 24026 24026 24026 24026 24026 24026 24026 24026 24026 24026 24026 24026 24026 24026 24026 3 24026 24026 24026 24026 24026 24026 24026 1 24026 24026 24026 24026 24026 24026 24026 4 4 0 24026 2 24026 24026 24026 
122 3000 24026 24026 24026 24026 24026 24026 24026 24026 24026 24026 24026 24026 24026 24026 24026 24026 24026 24026 24026 24026 24026 24026 24026 24026 24026 24026 24026 24026 24026 24026 24026 24026 24026 24026 24026 24026 24026 24026 24026 24026 24026 24026 24026 24026 24026 24026 24026 24026 24026 24026 24026 24026 24026 24026 24026 24026 24026 3 24026 24026 24026 24026 24026 24026 24026 24026 24026 24026 24026 24026 24026 24026 24026 24026 24026 24026 24026 24026 24026 24026 24026 24026 24026 24026 24026 24026 24026 24026 24026 2 24026 24026 24026 24026 24026 24026 24026 24026 24026 24026 24026 24026 24026 24026 24026 1 24026 24026 24026 24026 24026 24026 24026 2 24026 24026 24026 24026 24026 24026 4 3 24026 4 24026 3 24026 24026 
123 3000 24026 24026 24026 24026 24026 24026 24026 24026 24026 24026 24026 24026 24026 24026 24026 24026 24026 24026 24026 24026 24026 24026 24026 24026 24026 24026 24026 24026 24026 24026 24026 24026 24026 24026 24026 24026 24026 24026 24026 24026 24026 24026 24026 24026 24026 24026 24026 24026 24026 24026 24026 24026 24026 24026 24026 24026 24026 24026 3 24026 24026 24026 24026 24026 24026 24026 24026 24026 24026 24026 24026 24026 24026 24026 24026 24026 24026 24026 24026 24026 24026 24026 24026 24026 24026 24026 24026 24026 24026 24026 3 24026 24026 24026 24026 24026 24026 24026 24026 24026 24026 24026 24026 24026 24026 24026 4 24026 24026 24026 24026 24026 24026 24026 4 24026 24026 24026 24026 24026 4 24026 3 0 24026 24026 0 24026 
124 3000 24026 24026 24026 24026 24026 24026 24026 24026 24026 24026 24026 24026 24026 24026 24026 24026 24026 24026 24026 24026 24026 24026 24026 24026 24026 24026 24026 24026 24026 24026 24026 24026 24026 24026 24026 24026 24026 24026 24026 24026 24026 24026 24026 24026 24026 24026 24026 24026 24026 24026 24026 24026 24026 24026 24026 24026 24026 24026 24026 3 24026 24026 24026 24026 24026 24026 24026 24026 24026 24026 24026 24026 24026 24026 24026 24026 24026 24026 24026 24026 24026 24026 24026 24026 24026 24026 24026 24026 24026 24026 24026 3 24026 24026 24026 24026 24026 24026 24026 24026 24026 24026 24026 24026 24026 24026 24026 3 24026 24026 24026 24026 24026 24026 24026 2 24026 24026 24026 24026 24026 1 4 0 24026 24026 24026 3 
125 3000 24026 24026 24026 24026 24026 24026 24026 24026 24026 24026 24026 24026 24026 24026 24026 24026 24026 24026 24026 24026 24026 24026 24026 24026 24026 24026 24026 24026 24026 24026 24026 24026 24026 24026 24026 24026 24026 24026 24026 24026 24026 24026 24026 24026 24026 24026 24026 24026 24026 24026 24026 24026 24026 24026 24026 24026 24026 24026 24026 24026 4 24026 24026 24026 24026 24026 24026 24026 24026 24026 24026 24026 24026 24026 24026 24026 24026 24026 24026 24026 24026 24026 24026 24026 24026 24026 24026 24026 24026 24026 24026 24026 1 24026 24026 24026 24026 24026 24026 24026 24026 24026 24026 24026 24026 24026 24026 24026 2 24026 24026 24026 24026 24026 24026 24026 3 24026 24026 24026 0 24026 24026 24026 0 4 3 24026 
126 3000 24026 24026 24026 24026 24026 24026 24026 24026 24026 24026 24026 24026 24026 24026 24026 24026 24026 24026 24026 24026 24026 24026 24026 24026 24026 24026 24026 24026 24026 24026 24026 24026 24026 24026 24026 24026 24026 24026 24026 24026 24026 24026 24026 24026 24026 24026 24026 24026 24026 24026 24026 24026 24026 24026 24026 24026 24026 24026 24026 24026 24026 3 24026 24026 24026 24026 24026 24026 24026 24026 24026 24026 24026 24026 24026 24026 24026 24026 24026 24026 24026 24026 24026 24026 24026 24026 24026 24026 24026 24026 24026 24026 24026 3 24026 24026 24026 24026 24026 24026 24026 24026 24026 24026 24026 24026 24026 24026 24026 3 24026 24026 24026 24026 24026 24026 24026 1 24026 24026 24026 4 24026 24026 1 0 24026 2 
127 3000 24026 24026 24026 24026 24026 24026 24026 24026 24026 24026 24026 24026 24026 24026 24026 24026 24026 24026 24026 24026 24026 24026 24026 24026 24026 24026 24026 24026 24026 24026 24026 24026 24026 24026 24026 24026 24026 24026 24026 24026 24026 24026 24026 24026 24026 24026 24026 24026 24026 24026 24026 24026 24026 24026 24026 24026 24026 24026 24026 24026 24026 24026 4 24026 24026 24026 24026 24026 24026 24026 24026 24026 24026 24026 24026 24026 24026 24026 24026 24026 24026 24026 24026 24026 24026 24026 24026 24026 24026 24026 24026 24026 24026 24026 4 24026 24026 24026 24026 24026 24026 24026 24026 24026 24026 24026 24026 24026 24026 24026 0 24026 24026 24026 24026 24026 24026 24026 0 24026 24026 24026 4 24026 4 24026 3 3 
128 3000 24026 24026 24026 24026 24026 24026 24026 24026 24026 24026 24026 24026 24026 24026 24026 24026 24026 24026 24026 24026 24026 24026 24026 24026 24026 24026 24026 24026 24026 24026 24026 24026 24026 24026 24026 24026 24026 24026 24026 24026 24026 24026 24026 24026 24026 24026 24026 24026 24026 24026 24026 24026 24026 24026 24026 24026 24026 24026 24026 24026 24026 24026 24026 3 24026 24026 24026 24026 24026 24026 24026 24026 24026 24026 24026 24026 24026 24026 24026 24026 24026 24026 24026 24026 24026 24026 24026 24026 24026 24026 24026 24026 24026 24026 24026 4 24026 24026 24026 24026 24026 24026 24026 24026 24026 24026 24026 24026 24026 24026 24026 3 24026 24026 24026 24026 24026 24026 24026 1 24026 24026 24026 4 24026 1 1 3 
