FILE: 1634PCodesS.txt
128 128 0 
1 3000 1 0 0 24029 4 24029 24029 24029 3 24029 24029 24029 24029 24029 24029 24029 3 24029 24029 24029 24029 24029 24029 24029 24029 24029 24029 24029 24029 24029 24029 24029 4 24029 24029 24029 24029 24029 24029 24029 24029 24029 24029 24029 24029 24029 24029 24029 24029 24029 24029 24029 24029 24029 24029 24029 24029 24029 24029 24029 24029 24029 24029 24029 3 24029 24029 24029 24029 24029 24029 24029 24029 24029 24029 24029 24029 24029 24029 24029 24029 24029 24029 24029 24029 24029 24029 24029 24029 24029 24029 24029 24029 24029 24029 24029 24029 24029 24029 24029 24029 24029 24029 24029 24029 24029 24029 24029 24029 24029 24029 24029 24029 24029 24029 24029 24029 24029 24029 24029 24029 24029 24029 24029 24029 24029 24029 24029 
2 3000 4 0 24029 2 24029 1 24029 24029 24029 4 24029 24029 24029 24029 24029 24029 24029 0 24029 24029 24029 24029 24029 24029 24029 24029 24029 24029 24029 24029 24029 24029 24029 1 24029 24029 24029 24029 24029 24029 24029 24029 24029 24029 24029 24029 24029 24029 24029 24029 24029 24029 24029 24029 24029 24029 24029 24029 24029 24029 24029 24029 24029 24029 24029 1 24029 24029 24029 24029 24029 24029 24029 24029 24029 24029 24029 24029 24029 24029 24029 24029 24029 24029 24029 24029 24029 24029 24029 24029 24029 24029 24029 24029 24029 24029 24029 24029 24029 24029 24029 24029 24029 24029 24029 24029 24029 24029 24029 24029 24029 24029 24029 24029 24029 24029 24029 24029 24029 24029 24029 24029 24029 24029 24029 24029 24029 24029 
3 3000 1 24029 1 3 24029 24029 2 24029 24029 24029 2 24029 24029 24029 24029 24029 24029 24029 1 24029 24029 24029 24029 24029 24029 24029 24029 24029 24029 24029 24029 24029 24029 24029 1 24029 24029 24029 24029 24029 24029 24029 24029 24029 24029 24029 24029 24029 24029 24029 24029 24029 24029 24029 24029 24029 24029 24029 24029 24029 24029 24029 24029 24029 24029 24029 1 24029 24029 24029 24029 24029 24029 24029 24029 24029 24029 24029 24029 24029 24029 24029 24029 24029 24029 24029 24029 24029 24029 24029 24029 24029 24029 24029 24029 24029 24029 24029 24029 24029 24029 24029 24029 24029 24029 24029 24029 24029 24029 24029 24029 24029 24029 24029 24029 24029 24029 24029 24029 24029 24029 24029 24029 24029 24029 24029 24029 24029 
4 3000 24029 4 4 1 24029 24029 24029 2 24029 24029 24029 3 24029 24029 24029 24029 24029 24029 24029 2 24029 24029 24029 24029 24029 24029 24029 24029 24029 24029 24029 24029 24029 24029 24029 0 24029 24029 24029 24029 24029 24029 24029 24029 24029 24029 24029 24029 24029 24029 24029 24029 24029 24029 24029 24029 24029 24029 24029 24029 24029 24029 24029 24029 24029 24029 24029 2 24029 24029 24029 24029 24029 24029 24029 24029 24029 24029 24029 24029 24029 24029 24029 24029 24029 24029 24029 24029 24029 24029 24029 24029 24029 24029 24029 24029 24029 24029 24029 24029 24029 24029 24029 24029 24029 24029 24029 24029 24029 24029 24029 24029 24029 24029 24029 24029 24029 24029 24029 24029 24029 24029 24029 24029 24029 24029 24029 24029 
5 3000 2 24029 24029 24029 0 3 0 24029 24029 24029 24029 24029 3 24029 24029 24029 24029 24029 24029 24029 4 24029 24029 24029 24029 24029 24029 24029 24029 24029 24029 24029 24029 24029 24029 24029 4 24029 24029 24029 24029 24029 24029 24029 24029 24029 24029 24029 24029 24029 24029 24029 24029 24029 24029 24029 24029 24029 24029 24029 24029 24029 24029 24029 24029 24029 24029 24029 3 24029 24029 24029 24029 24029 24029 24029 24029 24029 24029 24029 24029 24029 24029 24029 24029 24029 24029 24029 24029 24029 24029 24029 24029 24029 24029 24029 24029 24029 24029 24029 24029 24029 24029 24029 24029 24029 24029 24029 24029 24029 24029 24029 24029 24029 24029 24029 24029 24029 24029 24029 24029 24029 24029 24029 24029 24029 24029 24029 
6 3000 24029 3 24029 24029 3 3 24029 0 24029 24029 24029 24029 24029 2 24029 24029 24029 24029 24029 24029 24029 3 24029 24029 24029 24029 24029 24029 24029 24029 24029 24029 24029 24029 24029 24029 24029 1 24029 24029 24029 24029 24029 24029 24029 24029 24029 24029 24029 24029 24029 24029 24029 24029 24029 24029 24029 24029 24029 24029 24029 24029 24029 24029 24029 24029 24029 24029 24029 3 24029 24029 24029 24029 24029 24029 24029 24029 24029 24029 24029 24029 24029 24029 24029 24029 24029 24029 24029 24029 24029 24029 24029 24029 24029 24029 24029 24029 24029 24029 24029 24029 24029 24029 24029 24029 24029 24029 24029 24029 24029 24029 24029 24029 24029 24029 24029 24029 24029 24029 24029 24029 24029 24029 24029 24029 24029 24029 
7 3000 24029 24029 4 24029 1 24029 4 0 24029 24029 24029 24029 24029 24029 2 24029 24029 24029 24029 24029 24029 24029 0 24029 24029 24029 24029 24029 24029 24029 24029 24029 24029 24029 24029 24029 24029 24029 1 24029 24029 24029 24029 24029 24029 24029 24029 24029 24029 24029 24029 24029 24029 24029 24029 24029 24029 24029 24029 24029 24029 24029 24029 24029 24029 24029 24029 24029 24029 24029 1 24029 24029 24029 24029 24029 24029 24029 24029 24029 24029 24029 24029 24029 24029 24029 24029 24029 24029 24029 24029 24029 24029 24029 24029 24029 24029 24029 24029 24029 24029 24029 24029 24029 24029 24029 24029 24029 24029 24029 24029 24029 24029 24029 24029 24029 24029 24029 24029 24029 24029 24029 24029 24029 24029 24029 24029 24029 
8 3000 24029 24029 24029 1 24029 4 0 1 24029 24029 24029 24029 24029 24029 24029 2 24029 24029 24029 24029 24029 24029 24029 2 24029 24029 24029 24029 24029 24029 24029 24029 24029 24029 24029 24029 24029 24029 24029 4 24029 24029 24029 24029 24029 24029 24029 24029 24029 24029 24029 24029 24029 24029 24029 24029 24029 24029 24029 24029 24029 24029 24029 24029 24029 24029 24029 24029 24029 24029 24029 3 24029 24029 24029 24029 24029 24029 24029 24029 24029 24029 24029 24029 24029 24029 24029 24029 24029 24029 24029 24029 24029 24029 24029 24029 24029 24029 24029 24029 24029 24029 24029 24029 24029 24029 24029 24029 24029 24029 24029 24029 24029 24029 24029 24029 24029 24029 24029 24029 24029 24029 24029 24029 24029 24029 24029 24029 
9 3000 3 24029 24029 24029 24029 24029 24029 24029 4 3 1 24029 0 24029 24029 24029 24029 24029 24029 24029 24029 24029 24029 24029 0 24029 24029 24029 24029 24029 24029 24029 24029 24029 24029 24029 24029 24029 24029 24029 2 24029 24029 24029 24029 24029 24029 24029 24029 24029 24029 24029 24029 24029 24029 24029 24029 24029 24029 24029 24029 24029 24029 24029 24029 24029 24029 24029 24029 24029 24029 24029 0 24029 24029 24029 24029 24029 24029 24029 24029 24029 24029 24029 24029 24029 24029 24029 24029 24029 24029 24029 24029 24029 24029 24029 24029 24029 24029 24029 24029 24029 24029 24029 24029 24029 24029 24029 24029 24029 24029 24029 24029 24029 24029 24029 24029 24029 24029 24029 24029 24029 24029 24029 24029 24029 24029 24029 
10 3000 24029 4 24029 24029 24029 24029 24029 24029 2 2 24029 3 24029 0 24029 24029 24029 24029 24029 24029 24029 24029 24029 24029 24029 2 24029 24029 24029 24029 24029 24029 24029 24029 24029 24029 24029 24029 24029 24029 24029 3 24029 24029 24029 24029 24029 24029 24029 24029 24029 24029 24029 24029 24029 24029 24029 24029 24029 24029 24029 24029 24029 24029 24029 24029 24029 24029 24029 24029 24029 24029 24029 0 24029 24029 24029 24029 24029 24029 24029 24029 24029 24029 24029 24029 24029 24029 24029 24029 24029 24029 24029 24029 24029 24029 24029 24029 24029 24029 24029 24029 24029 24029 24029 24029 24029 24029 24029 24029 24029 24029 24029 24029 24029 24029 24029 24029 24029 24029 24029 24029 24029 24029 24029 24029 24029 24029 
11 3000 24029 24029 4 24029 24029 24029 24029 24029 0 24029 4 3 24029 24029 0 24029 24029 24029 24029 24029 24029 24029 24029 24029 24029 24029 3 24029 24029 24029 24029 24029 24029 24029 24029 24029 24029 24029 24029 24029 24029 24029 2 24029 24029 24029 24029 24029 24029 24029 24029 24029 24029 24029 24029 24029 24029 24029 24029 24029 24029 24029 24029 24029 24029 24029 24029 24029 24029 24029 24029 24029 24029 24029 0 24029 24029 24029 24029 24029 24029 24029 24029 24029 24029 24029 24029 24029 24029 24029 24029 24029 24029 24029 24029 24029 24029 24029 24029 24029 24029 24029 24029 24029 24029 24029 24029 24029 24029 24029 24029 24029 24029 24029 24029 24029 24029 24029 24029 24029 24029 24029 24029 24029 24029 24029 24029 24029 
12 3000 24029 24029 24029 2 24029 24029 24029 24029 24029 0 4 3 24029 24029 24029 0 24029 24029 24029 24029 24029 24029 24029 24029 24029 24029 24029 3 24029 24029 24029 24029 24029 24029 24029 24029 24029 24029 24029 24029 24029 24029 24029 2 24029 24029 24029 24029 24029 24029 24029 24029 24029 24029 24029 24029 24029 24029 24029 24029 24029 24029 24029 24029 24029 24029 24029 24029 24029 24029 24029 24029 24029 24029 24029 1 24029 24029 24029 24029 24029 24029 24029 24029 24029 24029 24029 24029 24029 24029 24029 24029 24029 24029 24029 24029 24029 24029 24029 24029 24029 24029 24029 24029 24029 24029 24029 24029 24029 24029 24029 24029 24029 24029 24029 24029 24029 24029 24029 24029 24029 24029 24029 24029 24029 24029 24029 24029 
13 3000 24029 24029 24029 24029 0 24029 24029 24029 2 24029 24029 24029 1 2 4 24029 24029 24029 24029 24029 24029 24029 24029 24029 24029 24029 24029 24029 0 24029 24029 24029 24029 24029 24029 24029 24029 24029 24029 24029 24029 24029 24029 24029 1 24029 24029 24029 24029 24029 24029 24029 24029 24029 24029 24029 24029 24029 24029 24029 24029 24029 24029 24029 24029 24029 24029 24029 24029 24029 24029 24029 24029 24029 24029 24029 3 24029 24029 24029 24029 24029 24029 24029 24029 24029 24029 24029 24029 24029 24029 24029 24029 24029 24029 24029 24029 24029 24029 24029 24029 24029 24029 24029 24029 24029 24029 24029 24029 24029 24029 24029 24029 24029 24029 24029 24029 24029 24029 24029 24029 24029 24029 24029 24029 24029 24029 24029 
14 3000 24029 24029 24029 24029 24029 4 24029 24029 24029 1 24029 24029 2 1 24029 4 24029 24029 24029 24029 24029 24029 24029 24029 24029 24029 24029 24029 24029 0 24029 24029 24029 24029 24029 24029 24029 24029 24029 24029 24029 24029 24029 24029 24029 0 24029 24029 24029 24029 24029 24029 24029 24029 24029 24029 24029 24029 24029 24029 24029 24029 24029 24029 24029 24029 24029 24029 24029 24029 24029 24029 24029 24029 24029 24029 24029 3 24029 24029 24029 24029 24029 24029 24029 24029 24029 24029 24029 24029 24029 24029 24029 24029 24029 24029 24029 24029 24029 24029 24029 24029 24029 24029 24029 24029 24029 24029 24029 24029 24029 24029 24029 24029 24029 24029 24029 24029 24029 24029 24029 24029 24029 24029 24029 24029 24029 24029 
15 3000 24029 24029 24029 24029 24029 24029 1 24029 24029 24029 2 24029 1 24029 4 1 24029 24029 24029 24029 24029 24029 24029 24029 24029 24029 24029 24029 24029 24029 2 24029 24029 24029 24029 24029 24029 24029 24029 24029 24029 24029 24029 24029 24029 24029 4 24029 24029 24029 24029 24029 24029 24029 24029 24029 24029 24029 24029 24029 24029 24029 24029 24029 24029 24029 24029 24029 24029 24029 24029 24029 24029 24029 24029 24029 24029 24029 1 24029 24029 24029 24029 24029 24029 24029 24029 24029 24029 24029 24029 24029 24029 24029 24029 24029 24029 24029 24029 24029 24029 24029 24029 24029 24029 24029 24029 24029 24029 24029 24029 24029 24029 24029 24029 24029 24029 24029 24029 24029 24029 24029 24029 24029 24029 24029 24029 24029 
16 3000 24029 24029 24029 24029 24029 24029 24029 4 24029 24029 24029 4 24029 3 3 0 24029 24029 24029 24029 24029 24029 24029 24029 24029 24029 24029 24029 24029 24029 24029 4 24029 24029 24029 24029 24029 24029 24029 24029 24029 24029 24029 24029 24029 24029 24029 4 24029 24029 24029 24029 24029 24029 24029 24029 24029 24029 24029 24029 24029 24029 24029 24029 24029 24029 24029 24029 24029 24029 24029 24029 24029 24029 24029 24029 24029 24029 24029 2 24029 24029 24029 24029 24029 24029 24029 24029 24029 24029 24029 24029 24029 24029 24029 24029 24029 24029 24029 24029 24029 24029 24029 24029 24029 24029 24029 24029 24029 24029 24029 24029 24029 24029 24029 24029 24029 24029 24029 24029 24029 24029 24029 24029 24029 24029 24029 24029 
17 3000 1 24029 24029 24029 24029 24029 24029 24029 24029 24029 24029 24029 24029 24029 24029 24029 1 4 2 24029 1 24029 24029 24029 4 24029 24029 24029 24029 24029 24029 24029 24029 24029 24029 24029 24029 24029 24029 24029 24029 24029 24029 24029 24029 24029 24029 24029 3 24029 24029 24029 24029 24029 24029 24029 24029 24029 24029 24029 24029 24029 24029 24029 24029 24029 24029 24029 24029 24029 24029 24029 24029 24029 24029 24029 24029 24029 24029 24029 1 24029 24029 24029 24029 24029 24029 24029 24029 24029 24029 24029 24029 24029 24029 24029 24029 24029 24029 24029 24029 24029 24029 24029 24029 24029 24029 24029 24029 24029 24029 24029 24029 24029 24029 24029 24029 24029 24029 24029 24029 24029 24029 24029 24029 24029 24029 24029 
18 3000 24029 3 24029 24029 24029 24029 24029 24029 24029 24029 24029 24029 24029 24029 24029 24029 0 2 24029 2 24029 3 24029 24029 24029 4 24029 24029 24029 24029 24029 24029 24029 24029 24029 24029 24029 24029 24029 24029 24029 24029 24029 24029 24029 24029 24029 24029 24029 1 24029 24029 24029 24029 24029 24029 24029 24029 24029 24029 24029 24029 24029 24029 24029 24029 24029 24029 24029 24029 24029 24029 24029 24029 24029 24029 24029 24029 24029 24029 24029 3 24029 24029 24029 24029 24029 24029 24029 24029 24029 24029 24029 24029 24029 24029 24029 24029 24029 24029 24029 24029 24029 24029 24029 24029 24029 24029 24029 24029 24029 24029 24029 24029 24029 24029 24029 24029 24029 24029 24029 24029 24029 24029 24029 24029 24029 24029 
19 3000 24029 24029 1 24029 24029 24029 24029 24029 24029 24029 24029 24029 24029 24029 24029 24029 3 24029 4 1 24029 24029 3 24029 24029 24029 1 24029 24029 24029 24029 24029 24029 24029 24029 24029 24029 24029 24029 24029 24029 24029 24029 24029 24029 24029 24029 24029 24029 24029 0 24029 24029 24029 24029 24029 24029 24029 24029 24029 24029 24029 24029 24029 24029 24029 24029 24029 24029 24029 24029 24029 24029 24029 24029 24029 24029 24029 24029 24029 24029 24029 3 24029 24029 24029 24029 24029 24029 24029 24029 24029 24029 24029 24029 24029 24029 24029 24029 24029 24029 24029 24029 24029 24029 24029 24029 24029 24029 24029 24029 24029 24029 24029 24029 24029 24029 24029 24029 24029 24029 24029 24029 24029 24029 24029 24029 24029 
20 3000 24029 24029 24029 0 24029 24029 24029 24029 24029 24029 24029 24029 24029 24029 24029 24029 24029 1 1 2 24029 24029 24029 0 24029 24029 24029 3 24029 24029 24029 24029 24029 24029 24029 24029 24029 24029 24029 24029 24029 24029 24029 24029 24029 24029 24029 24029 24029 24029 24029 0 24029 24029 24029 24029 24029 24029 24029 24029 24029 24029 24029 24029 24029 24029 24029 24029 24029 24029 24029 24029 24029 24029 24029 24029 24029 24029 24029 24029 24029 24029 24029 0 24029 24029 24029 24029 24029 24029 24029 24029 24029 24029 24029 24029 24029 24029 24029 24029 24029 24029 24029 24029 24029 24029 24029 24029 24029 24029 24029 24029 24029 24029 24029 24029 24029 24029 24029 24029 24029 24029 24029 24029 24029 24029 24029 24029 
21 3000 24029 24029 24029 24029 4 24029 24029 24029 24029 24029 24029 24029 24029 24029 24029 24029 3 24029 24029 24029 0 1 4 24029 24029 24029 24029 24029 2 24029 24029 24029 24029 24029 24029 24029 24029 24029 24029 24029 24029 24029 24029 24029 24029 24029 24029 24029 24029 24029 24029 24029 0 24029 24029 24029 24029 24029 24029 24029 24029 24029 24029 24029 24029 24029 24029 24029 24029 24029 24029 24029 24029 24029 24029 24029 24029 24029 24029 24029 24029 24029 24029 24029 3 24029 24029 24029 24029 24029 24029 24029 24029 24029 24029 24029 24029 24029 24029 24029 24029 24029 24029 24029 24029 24029 24029 24029 24029 24029 24029 24029 24029 24029 24029 24029 24029 24029 24029 24029 24029 24029 24029 24029 24029 24029 24029 24029 
22 3000 24029 24029 24029 24029 24029 0 24029 24029 24029 24029 24029 24029 24029 24029 24029 24029 24029 3 24029 24029 2 1 24029 3 24029 24029 24029 24029 24029 0 24029 24029 24029 24029 24029 24029 24029 24029 24029 24029 24029 24029 24029 24029 24029 24029 24029 24029 24029 24029 24029 24029 24029 3 24029 24029 24029 24029 24029 24029 24029 24029 24029 24029 24029 24029 24029 24029 24029 24029 24029 24029 24029 24029 24029 24029 24029 24029 24029 24029 24029 24029 24029 24029 24029 1 24029 24029 24029 24029 24029 24029 24029 24029 24029 24029 24029 24029 24029 24029 24029 24029 24029 24029 24029 24029 24029 24029 24029 24029 24029 24029 24029 24029 24029 24029 24029 24029 24029 24029 24029 24029 24029 24029 24029 24029 24029 24029 
23 3000 24029 24029 24029 24029 24029 24029 4 24029 24029 24029 24029 24029 24029 24029 24029 24029 24029 24029 3 24029 1 24029 1 3 24029 24029 24029 24029 24029 24029 4 24029 24029 24029 24029 24029 24029 24029 24029 24029 24029 24029 24029 24029 24029 24029 24029 24029 24029 24029 24029 24029 24029 24029 0 24029 24029 24029 24029 24029 24029 24029 24029 24029 24029 24029 24029 24029 24029 24029 24029 24029 24029 24029 24029 24029 24029 24029 24029 24029 24029 24029 24029 24029 24029 24029 1 24029 24029 24029 24029 24029 24029 24029 24029 24029 24029 24029 24029 24029 24029 24029 24029 24029 24029 24029 24029 24029 24029 24029 24029 24029 24029 24029 24029 24029 24029 24029 24029 24029 24029 24029 24029 24029 24029 24029 24029 24029 
24 3000 24029 24029 24029 24029 24029 24029 24029 3 24029 24029 24029 24029 24029 24029 24029 24029 24029 24029 24029 2 24029 4 1 4 24029 24029 24029 24029 24029 24029 24029 1 24029 24029 24029 24029 24029 24029 24029 24029 24029 24029 24029 24029 24029 24029 24029 24029 24029 24029 24029 24029 24029 24029 24029 1 24029 24029 24029 24029 24029 24029 24029 24029 24029 24029 24029 24029 24029 24029 24029 24029 24029 24029 24029 24029 24029 24029 24029 24029 24029 24029 24029 24029 24029 24029 24029 1 24029 24029 24029 24029 24029 24029 24029 24029 24029 24029 24029 24029 24029 24029 24029 24029 24029 24029 24029 24029 24029 24029 24029 24029 24029 24029 24029 24029 24029 24029 24029 24029 24029 24029 24029 24029 24029 24029 24029 24029 
25 3000 24029 24029 24029 24029 24029 24029 24029 24029 2 24029 24029 24029 24029 24029 24029 24029 2 24029 24029 24029 24029 24029 24029 24029 3 1 3 24029 0 24029 24029 24029 24029 24029 24029 24029 24029 24029 24029 24029 24029 24029 24029 24029 24029 24029 24029 24029 24029 24029 24029 24029 24029 24029 24029 24029 1 24029 24029 24029 24029 24029 24029 24029 24029 24029 24029 24029 24029 24029 24029 24029 24029 24029 24029 24029 24029 24029 24029 24029 24029 24029 24029 24029 24029 24029 24029 24029 2 24029 24029 24029 24029 24029 24029 24029 24029 24029 24029 24029 24029 24029 24029 24029 24029 24029 24029 24029 24029 24029 24029 24029 24029 24029 24029 24029 24029 24029 24029 24029 24029 24029 24029 24029 24029 24029 24029 24029 
26 3000 24029 24029 24029 24029 24029 24029 24029 24029 24029 2 24029 24029 24029 24029 24029 24029 24029 0 24029 24029 24029 24029 24029 24029 4 4 24029 2 24029 1 24029 24029 24029 24029 24029 24029 24029 24029 24029 24029 24029 24029 24029 24029 24029 24029 24029 24029 24029 24029 24029 24029 24029 24029 24029 24029 24029 4 24029 24029 24029 24029 24029 24029 24029 24029 24029 24029 24029 24029 24029 24029 24029 24029 24029 24029 24029 24029 24029 24029 24029 24029 24029 24029 24029 24029 24029 24029 24029 0 24029 24029 24029 24029 24029 24029 24029 24029 24029 24029 24029 24029 24029 24029 24029 24029 24029 24029 24029 24029 24029 24029 24029 24029 24029 24029 24029 24029 24029 24029 24029 24029 24029 24029 24029 24029 24029 24029 
27 3000 24029 24029 24029 24029 24029 24029 24029 24029 24029 24029 2 24029 24029 24029 24029 24029 24029 24029 3 24029 24029 24029 24029 24029 2 24029 0 3 24029 24029 3 24029 24029 24029 24029 24029 24029 24029 24029 24029 24029 24029 24029 24029 24029 24029 24029 24029 24029 24029 24029 24029 24029 24029 24029 24029 24029 24029 4 24029 24029 24029 24029 24029 24029 24029 24029 24029 24029 24029 24029 24029 24029 24029 24029 24029 24029 24029 24029 24029 24029 24029 24029 24029 24029 24029 24029 24029 24029 24029 2 24029 24029 24029 24029 24029 24029 24029 24029 24029 24029 24029 24029 24029 24029 24029 24029 24029 24029 24029 24029 24029 24029 24029 24029 24029 24029 24029 24029 24029 24029 24029 24029 24029 24029 24029 24029 24029 
28 3000 24029 24029 24029 24029 24029 24029 24029 24029 24029 24029 24029 1 24029 24029 24029 24029 24029 24029 24029 1 24029 24029 24029 24029 24029 3 0 0 24029 24029 24029 3 24029 24029 24029 24029 24029 24029 24029 24029 24029 24029 24029 24029 24029 24029 24029 24029 24029 24029 24029 24029 24029 24029 24029 24029 24029 24029 24029 3 24029 24029 24029 24029 24029 24029 24029 24029 24029 24029 24029 24029 24029 24029 24029 24029 24029 24029 24029 24029 24029 24029 24029 24029 24029 24029 24029 24029 24029 24029 24029 2 24029 24029 24029 24029 24029 24029 24029 24029 24029 24029 24029 24029 24029 24029 24029 24029 24029 24029 24029 24029 24029 24029 24029 24029 24029 24029 24029 24029 24029 24029 24029 24029 24029 24029 24029 24029 
29 3000 24029 24029 24029 24029 24029 24029 24029 24029 24029 24029 24029 24029 2 24029 24029 24029 24029 24029 24029 24029 1 24029 24029 24029 3 24029 24029 24029 0 3 2 24029 24029 24029 24029 24029 24029 24029 24029 24029 24029 24029 24029 24029 24029 24029 24029 24029 24029 24029 24029 24029 24029 24029 24029 24029 24029 24029 24029 24029 2 24029 24029 24029 24029 24029 24029 24029 24029 24029 24029 24029 24029 24029 24029 24029 24029 24029 24029 24029 24029 24029 24029 24029 24029 24029 24029 24029 24029 24029 24029 24029 1 24029 24029 24029 24029 24029 24029 24029 24029 24029 24029 24029 24029 24029 24029 24029 24029 24029 24029 24029 24029 24029 24029 24029 24029 24029 24029 24029 24029 24029 24029 24029 24029 24029 24029 24029 
30 3000 24029 24029 24029 24029 24029 24029 24029 24029 24029 24029 24029 24029 24029 4 24029 24029 24029 24029 24029 24029 24029 0 24029 24029 24029 1 24029 24029 4 1 24029 3 24029 24029 24029 24029 24029 24029 24029 24029 24029 24029 24029 24029 24029 24029 24029 24029 24029 24029 24029 24029 24029 24029 24029 24029 24029 24029 24029 24029 24029 1 24029 24029 24029 24029 24029 24029 24029 24029 24029 24029 24029 24029 24029 24029 24029 24029 24029 24029 24029 24029 24029 24029 24029 24029 24029 24029 24029 24029 24029 24029 24029 2 24029 24029 24029 24029 24029 24029 24029 24029 24029 24029 24029 24029 24029 24029 24029 24029 24029 24029 24029 24029 24029 24029 24029 24029 24029 24029 24029 24029 24029 24029 24029 24029 24029 24029 
31 3000 24029 24029 24029 24029 24029 24029 24029 24029 24029 24029 24029 24029 24029 24029 0 24029 24029 24029 24029 24029 24029 24029 2 24029 24029 24029 2 24029 0 24029 4 1 24029 24029 24029 24029 24029 24029 24029 24029 24029 24029 24029 24029 24029 24029 24029 24029 24029 24029 24029 24029 24029 24029 24029 24029 24029 24029 24029 24029 24029 24029 1 24029 24029 24029 24029 24029 24029 24029 24029 24029 24029 24029 24029 24029 24029 24029 24029 24029 24029 24029 24029 24029 24029 24029 24029 24029 24029 24029 24029 24029 24029 24029 2 24029 24029 24029 24029 24029 24029 24029 24029 24029 24029 24029 24029 24029 24029 24029 24029 24029 24029 24029 24029 24029 24029 24029 24029 24029 24029 24029 24029 24029 24029 24029 24029 24029 
32 3000 24029 24029 24029 24029 24029 24029 24029 24029 24029 24029 24029 24029 24029 24029 24029 3 24029 24029 24029 24029 24029 24029 24029 2 24029 24029 24029 0 24029 3 1 3 24029 24029 24029 24029 24029 24029 24029 24029 24029 24029 24029 24029 24029 24029 24029 24029 24029 24029 24029 24029 24029 24029 24029 24029 24029 24029 24029 24029 24029 24029 24029 4 24029 24029 24029 24029 24029 24029 24029 24029 24029 24029 24029 24029 24029 24029 24029 24029 24029 24029 24029 24029 24029 24029 24029 24029 24029 24029 24029 24029 24029 24029 24029 4 24029 24029 24029 24029 24029 24029 24029 24029 24029 24029 24029 24029 24029 24029 24029 24029 24029 24029 24029 24029 24029 24029 24029 24029 24029 24029 24029 24029 24029 24029 24029 24029 
33 3000 4 24029 24029 24029 24029 24029 24029 24029 24029 24029 24029 24029 24029 24029 24029 24029 24029 24029 24029 24029 24029 24029 24029 24029 24029 24029 24029 24029 24029 24029 24029 24029 1 0 0 24029 0 24029 24029 24029 3 24029 24029 24029 24029 24029 24029 24029 4 24029 24029 24029 24029 24029 24029 24029 24029 24029 24029 24029 24029 24029 24029 24029 24029 24029 24029 24029 24029 24029 24029 24029 24029 24029 24029 24029 24029 24029 24029 24029 24029 24029 24029 24029 24029 24029 24029 24029 24029 24029 24029 24029 24029 24029 24029 24029 0 24029 24029 24029 24029 24029 24029 24029 24029 24029 24029 24029 24029 24029 24029 24029 24029 24029 24029 24029 24029 24029 24029 24029 24029 24029 24029 24029 24029 24029 24029 24029 
34 3000 24029 2 24029 24029 24029 24029 24029 24029 24029 24029 24029 24029 24029 24029 24029 24029 24029 24029 24029 24029 24029 24029 24029 24029 24029 24029 24029 24029 24029 24029 24029 24029 2 1 24029 2 24029 2 24029 24029 24029 0 24029 24029 24029 24029 24029 24029 24029 4 24029 24029 24029 24029 24029 24029 24029 24029 24029 24029 24029 24029 24029 24029 24029 24029 24029 24029 24029 24029 24029 24029 24029 24029 24029 24029 24029 24029 24029 24029 24029 24029 24029 24029 24029 24029 24029 24029 24029 24029 24029 24029 24029 24029 24029 24029 24029 2 24029 24029 24029 24029 24029 24029 24029 24029 24029 24029 24029 24029 24029 24029 24029 24029 24029 24029 24029 24029 24029 24029 24029 24029 24029 24029 24029 24029 24029 24029 
35 3000 24029 24029 0 24029 24029 24029 24029 24029 24029 24029 24029 24029 24029 24029 24029 24029 24029 24029 24029 24029 24029 24029 24029 24029 24029 24029 24029 24029 24029 24029 24029 24029 3 24029 4 1 24029 24029 2 24029 24029 24029 1 24029 24029 24029 24029 24029 24029 24029 0 24029 24029 24029 24029 24029 24029 24029 24029 24029 24029 24029 24029 24029 24029 24029 24029 24029 24029 24029 24029 24029 24029 24029 24029 24029 24029 24029 24029 24029 24029 24029 24029 24029 24029 24029 24029 24029 24029 24029 24029 24029 24029 24029 24029 24029 24029 24029 3 24029 24029 24029 24029 24029 24029 24029 24029 24029 24029 24029 24029 24029 24029 24029 24029 24029 24029 24029 24029 24029 24029 24029 24029 24029 24029 24029 24029 24029 
36 3000 24029 24029 24029 2 24029 24029 24029 24029 24029 24029 24029 24029 24029 24029 24029 24029 24029 24029 24029 24029 24029 24029 24029 24029 24029 24029 24029 24029 24029 24029 24029 24029 24029 4 0 4 24029 24029 24029 0 24029 24029 24029 4 24029 24029 24029 24029 24029 24029 24029 2 24029 24029 24029 24029 24029 24029 24029 24029 24029 24029 24029 24029 24029 24029 24029 24029 24029 24029 24029 24029 24029 24029 24029 24029 24029 24029 24029 24029 24029 24029 24029 24029 24029 24029 24029 24029 24029 24029 24029 24029 24029 24029 24029 24029 24029 24029 24029 1 24029 24029 24029 24029 24029 24029 24029 24029 24029 24029 24029 24029 24029 24029 24029 24029 24029 24029 24029 24029 24029 24029 24029 24029 24029 24029 24029 24029 
37 3000 24029 24029 24029 24029 1 24029 24029 24029 24029 24029 24029 24029 24029 24029 24029 24029 24029 24029 24029 24029 24029 24029 24029 24029 24029 24029 24029 24029 24029 24029 24029 24029 4 24029 24029 24029 4 3 1 24029 24029 24029 24029 24029 3 24029 24029 24029 24029 24029 24029 24029 3 24029 24029 24029 24029 24029 24029 24029 24029 24029 24029 24029 24029 24029 24029 24029 24029 24029 24029 24029 24029 24029 24029 24029 24029 24029 24029 24029 24029 24029 24029 24029 24029 24029 24029 24029 24029 24029 24029 24029 24029 24029 24029 24029 24029 24029 24029 24029 4 24029 24029 24029 24029 24029 24029 24029 24029 24029 24029 24029 24029 24029 24029 24029 24029 24029 24029 24029 24029 24029 24029 24029 24029 24029 24029 24029 
38 3000 24029 24029 24029 24029 24029 3 24029 24029 24029 24029 24029 24029 24029 24029 24029 24029 24029 24029 24029 24029 24029 24029 24029 24029 24029 24029 24029 24029 24029 24029 24029 24029 24029 2 24029 24029 0 1 24029 1 24029 24029 24029 24029 24029 0 24029 24029 24029 24029 24029 24029 24029 3 24029 24029 24029 24029 24029 24029 24029 24029 24029 24029 24029 24029 24029 24029 24029 24029 24029 24029 24029 24029 24029 24029 24029 24029 24029 24029 24029 24029 24029 24029 24029 24029 24029 24029 24029 24029 24029 24029 24029 24029 24029 24029 24029 24029 24029 24029 24029 3 24029 24029 24029 24029 24029 24029 24029 24029 24029 24029 24029 24029 24029 24029 24029 24029 24029 24029 24029 24029 24029 24029 24029 24029 24029 24029 
39 3000 24029 24029 24029 24029 24029 24029 4 24029 24029 24029 24029 24029 24029 24029 24029 24029 24029 24029 24029 24029 24029 24029 24029 24029 24029 24029 24029 24029 24029 24029 24029 24029 24029 24029 0 24029 0 24029 4 3 24029 24029 24029 24029 24029 24029 0 24029 24029 24029 24029 24029 24029 24029 1 24029 24029 24029 24029 24029 24029 24029 24029 24029 24029 24029 24029 24029 24029 24029 24029 24029 24029 24029 24029 24029 24029 24029 24029 24029 24029 24029 24029 24029 24029 24029 24029 24029 24029 24029 24029 24029 24029 24029 24029 24029 24029 24029 24029 24029 24029 24029 4 24029 24029 24029 24029 24029 24029 24029 24029 24029 24029 24029 24029 24029 24029 24029 24029 24029 24029 24029 24029 24029 24029 24029 24029 24029 
40 3000 24029 24029 24029 24029 24029 24029 24029 2 24029 24029 24029 24029 24029 24029 24029 24029 24029 24029 24029 24029 24029 24029 24029 24029 24029 24029 24029 24029 24029 24029 24029 24029 24029 24029 24029 4 24029 1 2 2 24029 24029 24029 24029 24029 24029 24029 2 24029 24029 24029 24029 24029 24029 24029 4 24029 24029 24029 24029 24029 24029 24029 24029 24029 24029 24029 24029 24029 24029 24029 24029 24029 24029 24029 24029 24029 24029 24029 24029 24029 24029 24029 24029 24029 24029 24029 24029 24029 24029 24029 24029 24029 24029 24029 24029 24029 24029 24029 24029 24029 24029 24029 1 24029 24029 24029 24029 24029 24029 24029 24029 24029 24029 24029 24029 24029 24029 24029 24029 24029 24029 24029 24029 24029 24029 24029 24029 
41 3000 24029 24029 24029 24029 24029 24029 24029 24029 1 24029 24029 24029 24029 24029 24029 24029 24029 24029 24029 24029 24029 24029 24029 24029 24029 24029 24029 24029 24029 24029 24029 24029 4 24029 24029 24029 24029 24029 24029 24029 0 4 2 24029 0 24029 24029 24029 24029 24029 24029 24029 24029 24029 24029 24029 2 24029 24029 24029 24029 24029 24029 24029 24029 24029 24029 24029 24029 24029 24029 24029 24029 24029 24029 24029 24029 24029 24029 24029 24029 24029 24029 24029 24029 24029 24029 24029 24029 24029 24029 24029 24029 24029 24029 24029 24029 24029 24029 24029 24029 24029 24029 24029 3 24029 24029 24029 24029 24029 24029 24029 24029 24029 24029 24029 24029 24029 24029 24029 24029 24029 24029 24029 24029 24029 24029 24029 
42 3000 24029 24029 24029 24029 24029 24029 24029 24029 24029 4 24029 24029 24029 24029 24029 24029 24029 24029 24029 24029 24029 24029 24029 24029 24029 24029 24029 24029 24029 24029 24029 24029 24029 4 24029 24029 24029 24029 24029 24029 4 4 24029 4 24029 1 24029 24029 24029 24029 24029 24029 24029 24029 24029 24029 24029 3 24029 24029 24029 24029 24029 24029 24029 24029 24029 24029 24029 24029 24029 24029 24029 24029 24029 24029 24029 24029 24029 24029 24029 24029 24029 24029 24029 24029 24029 24029 24029 24029 24029 24029 24029 24029 24029 24029 24029 24029 24029 24029 24029 24029 24029 24029 24029 1 24029 24029 24029 24029 24029 24029 24029 24029 24029 24029 24029 24029 24029 24029 24029 24029 24029 24029 24029 24029 24029 24029 
43 3000 24029 24029 24029 24029 24029 24029 24029 24029 24029 24029 2 24029 24029 24029 24029 24029 24029 24029 24029 24029 24029 24029 24029 24029 24029 24029 24029 24029 24029 24029 24029 24029 24029 24029 4 24029 24029 24029 24029 24029 1 24029 3 3 24029 24029 3 24029 24029 24029 24029 24029 24029 24029 24029 24029 24029 24029 3 24029 24029 24029 24029 24029 24029 24029 24029 24029 24029 24029 24029 24029 24029 24029 24029 24029 24029 24029 24029 24029 24029 24029 24029 24029 24029 24029 24029 24029 24029 24029 24029 24029 24029 24029 24029 24029 24029 24029 24029 24029 24029 24029 24029 24029 24029 24029 3 24029 24029 24029 24029 24029 24029 24029 24029 24029 24029 24029 24029 24029 24029 24029 24029 24029 24029 24029 24029 24029 
44 3000 24029 24029 24029 24029 24029 24029 24029 24029 24029 24029 24029 2 24029 24029 24029 24029 24029 24029 24029 24029 24029 24029 24029 24029 24029 24029 24029 24029 24029 24029 24029 24029 24029 24029 24029 1 24029 24029 24029 24029 24029 0 0 4 24029 24029 24029 3 24029 24029 24029 24029 24029 24029 24029 24029 24029 24029 24029 3 24029 24029 24029 24029 24029 24029 24029 24029 24029 24029 24029 24029 24029 24029 24029 24029 24029 24029 24029 24029 24029 24029 24029 24029 24029 24029 24029 24029 24029 24029 24029 24029 24029 24029 24029 24029 24029 24029 24029 24029 24029 24029 24029 24029 24029 24029 24029 3 24029 24029 24029 24029 24029 24029 24029 24029 24029 24029 24029 24029 24029 24029 24029 24029 24029 24029 24029 24029 
45 3000 24029 24029 24029 24029 24029 24029 24029 24029 24029 24029 24029 24029 3 24029 24029 24029 24029 24029 24029 24029 24029 24029 24029 24029 24029 24029 24029 24029 24029 24029 24029 24029 24029 24029 24029 24029 3 24029 24029 24029 0 24029 24029 24029 1 2 2 24029 24029 24029 24029 24029 24029 24029 24029 24029 24029 24029 24029 24029 0 24029 24029 24029 24029 24029 24029 24029 24029 24029 24029 24029 24029 24029 24029 24029 24029 24029 24029 24029 24029 24029 24029 24029 24029 24029 24029 24029 24029 24029 24029 24029 24029 24029 24029 24029 24029 24029 24029 24029 24029 24029 24029 24029 24029 24029 24029 24029 1 24029 24029 24029 24029 24029 24029 24029 24029 24029 24029 24029 24029 24029 24029 24029 24029 24029 24029 24029 
46 3000 24029 24029 24029 24029 24029 24029 24029 24029 24029 24029 24029 24029 24029 3 24029 24029 24029 24029 24029 24029 24029 24029 24029 24029 24029 24029 24029 24029 24029 24029 24029 24029 24029 24029 24029 24029 24029 4 24029 24029 24029 0 24029 24029 3 3 24029 4 24029 24029 24029 24029 24029 24029 24029 24029 24029 24029 24029 24029 24029 0 24029 24029 24029 24029 24029 24029 24029 24029 24029 24029 24029 24029 24029 24029 24029 24029 24029 24029 24029 24029 24029 24029 24029 24029 24029 24029 24029 24029 24029 24029 24029 24029 24029 24029 24029 24029 24029 24029 24029 24029 24029 24029 24029 24029 24029 24029 24029 2 24029 24029 24029 24029 24029 24029 24029 24029 24029 24029 24029 24029 24029 24029 24029 24029 24029 24029 
47 3000 24029 24029 24029 24029 24029 24029 24029 24029 24029 24029 24029 24029 24029 24029 3 24029 24029 24029 24029 24029 24029 24029 24029 24029 24029 24029 24029 24029 24029 24029 24029 24029 24029 24029 24029 24029 24029 24029 1 24029 24029 24029 2 24029 2 24029 2 3 24029 24029 24029 24029 24029 24029 24029 24029 24029 24029 24029 24029 24029 24029 4 24029 24029 24029 24029 24029 24029 24029 24029 24029 24029 24029 24029 24029 24029 24029 24029 24029 24029 24029 24029 24029 24029 24029 24029 24029 24029 24029 24029 24029 24029 24029 24029 24029 24029 24029 24029 24029 24029 24029 24029 24029 24029 24029 24029 24029 24029 24029 0 24029 24029 24029 24029 24029 24029 24029 24029 24029 24029 24029 24029 24029 24029 24029 24029 24029 
48 3000 24029 24029 24029 24029 24029 24029 24029 24029 24029 24029 24029 24029 24029 24029 24029 1 24029 24029 24029 24029 24029 24029 24029 24029 24029 24029 24029 24029 24029 24029 24029 24029 24029 24029 24029 24029 24029 24029 24029 0 24029 24029 24029 0 24029 4 3 1 24029 24029 24029 24029 24029 24029 24029 24029 24029 24029 24029 24029 24029 24029 24029 4 24029 24029 24029 24029 24029 24029 24029 24029 24029 24029 24029 24029 24029 24029 24029 24029 24029 24029 24029 24029 24029 24029 24029 24029 24029 24029 24029 24029 24029 24029 24029 24029 24029 24029 24029 24029 24029 24029 24029 24029 24029 24029 24029 24029 24029 24029 24029 2 24029 24029 24029 24029 24029 24029 24029 24029 24029 24029 24029 24029 24029 24029 24029 24029 
49 3000 24029 24029 24029 24029 24029 24029 24029 24029 24029 24029 24029 24029 24029 24029 24029 24029 2 24029 24029 24029 24029 24029 24029 24029 24029 24029 24029 24029 24029 24029 24029 24029 2 24029 24029 24029 24029 24029 24029 24029 24029 24029 24029 24029 24029 24029 24029 24029 4 1 3 24029 0 24029 24029 24029 1 24029 24029 24029 24029 24029 24029 24029 24029 24029 24029 24029 24029 24029 24029 24029 24029 24029 24029 24029 24029 24029 24029 24029 24029 24029 24029 24029 24029 24029 24029 24029 24029 24029 24029 24029 24029 24029 24029 24029 24029 24029 24029 24029 24029 24029 24029 24029 24029 24029 24029 24029 24029 24029 24029 24029 3 24029 24029 24029 24029 24029 24029 24029 24029 24029 24029 24029 24029 24029 24029 24029 
50 3000 24029 24029 24029 24029 24029 24029 24029 24029 24029 24029 24029 24029 24029 24029 24029 24029 24029 1 24029 24029 24029 24029 24029 24029 24029 24029 24029 24029 24029 24029 24029 24029 24029 1 24029 24029 24029 24029 24029 24029 24029 24029 24029 24029 24029 24029 24029 24029 3 2 24029 2 24029 4 24029 24029 24029 3 24029 24029 24029 24029 24029 24029 24029 24029 24029 24029 24029 24029 24029 24029 24029 24029 24029 24029 24029 24029 24029 24029 24029 24029 24029 24029 24029 24029 24029 24029 24029 24029 24029 24029 24029 24029 24029 24029 24029 24029 24029 24029 24029 24029 24029 24029 24029 24029 24029 24029 24029 24029 24029 24029 24029 2 24029 24029 24029 24029 24029 24029 24029 24029 24029 24029 24029 24029 24029 24029 
51 3000 24029 24029 24029 24029 24029 24029 24029 24029 24029 24029 24029 24029 24029 24029 24029 24029 24029 24029 3 24029 24029 24029 24029 24029 24029 24029 24029 24029 24029 24029 24029 24029 24029 24029 3 24029 24029 24029 24029 24029 24029 24029 24029 24029 24029 24029 24029 24029 0 24029 4 0 24029 24029 0 24029 24029 24029 1 24029 24029 24029 24029 24029 24029 24029 24029 24029 24029 24029 24029 24029 24029 24029 24029 24029 24029 24029 24029 24029 24029 24029 24029 24029 24029 24029 24029 24029 24029 24029 24029 24029 24029 24029 24029 24029 24029 24029 24029 24029 24029 24029 24029 24029 24029 24029 24029 24029 24029 24029 24029 24029 24029 24029 4 24029 24029 24029 24029 24029 24029 24029 24029 24029 24029 24029 24029 24029 
52 3000 24029 24029 24029 24029 24029 24029 24029 24029 24029 24029 24029 24029 24029 24029 24029 24029 24029 24029 24029 2 24029 24029 24029 24029 24029 24029 24029 24029 24029 24029 24029 24029 24029 24029 24029 3 24029 24029 24029 24029 24029 24029 24029 24029 24029 24029 24029 24029 24029 0 2 4 24029 24029 24029 4 24029 24029 24029 1 24029 24029 24029 24029 24029 24029 24029 24029 24029 24029 24029 24029 24029 24029 24029 24029 24029 24029 24029 24029 24029 24029 24029 24029 24029 24029 24029 24029 24029 24029 24029 24029 24029 24029 24029 24029 24029 24029 24029 24029 24029 24029 24029 24029 24029 24029 24029 24029 24029 24029 24029 24029 24029 24029 24029 4 24029 24029 24029 24029 24029 24029 24029 24029 24029 24029 24029 24029 
53 3000 24029 24029 24029 24029 24029 24029 24029 24029 24029 24029 24029 24029 24029 24029 24029 24029 24029 24029 24029 24029 1 24029 24029 24029 24029 24029 24029 24029 24029 24029 24029 24029 24029 24029 24029 24029 0 24029 24029 24029 24029 24029 24029 24029 24029 24029 24029 24029 0 24029 24029 24029 0 4 3 24029 24029 24029 24029 24029 4 24029 24029 24029 24029 24029 24029 24029 24029 24029 24029 24029 24029 24029 24029 24029 24029 24029 24029 24029 24029 24029 24029 24029 24029 24029 24029 24029 24029 24029 24029 24029 24029 24029 24029 24029 24029 24029 24029 24029 24029 24029 24029 24029 24029 24029 24029 24029 24029 24029 24029 24029 24029 24029 24029 24029 3 24029 24029 24029 24029 24029 24029 24029 24029 24029 24029 24029 
54 3000 24029 24029 24029 24029 24029 24029 24029 24029 24029 24029 24029 24029 24029 24029 24029 24029 24029 24029 24029 24029 24029 2 24029 24029 24029 24029 24029 24029 24029 24029 24029 24029 24029 24029 24029 24029 24029 0 24029 24029 24029 24029 24029 24029 24029 24029 24029 24029 24029 3 24029 24029 0 2 24029 0 24029 24029 24029 24029 24029 4 24029 24029 24029 24029 24029 24029 24029 24029 24029 24029 24029 24029 24029 24029 24029 24029 24029 24029 24029 24029 24029 24029 24029 24029 24029 24029 24029 24029 24029 24029 24029 24029 24029 24029 24029 24029 24029 24029 24029 24029 24029 24029 24029 24029 24029 24029 24029 24029 24029 24029 24029 24029 24029 24029 24029 4 24029 24029 24029 24029 24029 24029 24029 24029 24029 24029 
55 3000 24029 24029 24029 24029 24029 24029 24029 24029 24029 24029 24029 24029 24029 24029 24029 24029 24029 24029 24029 24029 24029 24029 3 24029 24029 24029 24029 24029 24029 24029 24029 24029 24029 24029 24029 24029 24029 24029 4 24029 24029 24029 24029 24029 24029 24029 24029 24029 24029 24029 3 24029 3 24029 3 0 24029 24029 24029 24029 24029 24029 1 24029 24029 24029 24029 24029 24029 24029 24029 24029 24029 24029 24029 24029 24029 24029 24029 24029 24029 24029 24029 24029 24029 24029 24029 24029 24029 24029 24029 24029 24029 24029 24029 24029 24029 24029 24029 24029 24029 24029 24029 24029 24029 24029 24029 24029 24029 24029 24029 24029 24029 24029 24029 24029 24029 24029 2 24029 24029 24029 24029 24029 24029 24029 24029 24029 
56 3000 24029 24029 24029 24029 24029 24029 24029 24029 24029 24029 24029 24029 24029 24029 24029 24029 24029 24029 24029 24029 24029 24029 24029 3 24029 24029 24029 24029 24029 24029 24029 24029 24029 24029 24029 24029 24029 24029 24029 0 24029 24029 24029 24029 24029 24029 24029 24029 24029 24029 24029 2 24029 4 2 4 24029 24029 24029 24029 24029 24029 24029 4 24029 24029 24029 24029 24029 24029 24029 24029 24029 24029 24029 24029 24029 24029 24029 24029 24029 24029 24029 24029 24029 24029 24029 24029 24029 24029 24029 24029 24029 24029 24029 24029 24029 24029 24029 24029 24029 24029 24029 24029 24029 24029 24029 24029 24029 24029 24029 24029 24029 24029 24029 24029 24029 24029 24029 0 24029 24029 24029 24029 24029 24029 24029 24029 
57 3000 24029 24029 24029 24029 24029 24029 24029 24029 24029 24029 24029 24029 24029 24029 24029 24029 24029 24029 24029 24029 24029 24029 24029 24029 0 24029 24029 24029 24029 24029 24029 24029 24029 24029 24029 24029 24029 24029 24029 24029 1 24029 24029 24029 24029 24029 24029 24029 4 24029 24029 24029 24029 24029 24029 24029 1 1 1 24029 2 24029 24029 24029 24029 24029 24029 24029 24029 24029 24029 24029 24029 24029 24029 24029 24029 24029 24029 24029 24029 24029 24029 24029 24029 24029 24029 24029 24029 24029 24029 24029 24029 24029 24029 24029 24029 24029 24029 24029 24029 24029 24029 24029 24029 24029 24029 24029 24029 24029 24029 24029 24029 24029 24029 24029 24029 24029 24029 24029 4 24029 24029 24029 24029 24029 24029 24029 
58 3000 24029 24029 24029 24029 24029 24029 24029 24029 24029 24029 24029 24029 24029 24029 24029 24029 24029 24029 24029 24029 24029 24029 24029 24029 24029 4 24029 24029 24029 24029 24029 24029 24029 24029 24029 24029 24029 24029 24029 24029 24029 2 24029 24029 24029 24029 24029 24029 24029 0 24029 24029 24029 24029 24029 24029 4 4 24029 4 24029 1 24029 24029 24029 24029 24029 24029 24029 24029 24029 24029 24029 24029 24029 24029 24029 24029 24029 24029 24029 24029 24029 24029 24029 24029 24029 24029 24029 24029 24029 24029 24029 24029 24029 24029 24029 24029 24029 24029 24029 24029 24029 24029 24029 24029 24029 24029 24029 24029 24029 24029 24029 24029 24029 24029 24029 24029 24029 24029 24029 0 24029 24029 24029 24029 24029 24029 
59 3000 24029 24029 24029 24029 24029 24029 24029 24029 24029 24029 24029 24029 24029 24029 24029 24029 24029 24029 24029 24029 24029 24029 24029 24029 24029 24029 3 24029 24029 24029 24029 24029 24029 24029 24029 24029 24029 24029 24029 24029 24029 24029 2 24029 24029 24029 24029 24029 24029 24029 2 24029 24029 24029 24029 24029 0 24029 1 0 24029 24029 3 24029 24029 24029 24029 24029 24029 24029 24029 24029 24029 24029 24029 24029 24029 24029 24029 24029 24029 24029 24029 24029 24029 24029 24029 24029 24029 24029 24029 24029 24029 24029 24029 24029 24029 24029 24029 24029 24029 24029 24029 24029 24029 24029 24029 24029 24029 24029 24029 24029 24029 24029 24029 24029 24029 24029 24029 24029 24029 24029 1 24029 24029 24029 24029 24029 
60 3000 24029 24029 24029 24029 24029 24029 24029 24029 24029 24029 24029 24029 24029 24029 24029 24029 24029 24029 24029 24029 24029 24029 24029 24029 24029 24029 24029 0 24029 24029 24029 24029 24029 24029 24029 24029 24029 24029 24029 24029 24029 24029 24029 4 24029 24029 24029 24029 24029 24029 24029 2 24029 24029 24029 24029 24029 2 4 2 24029 24029 24029 0 24029 24029 24029 24029 24029 24029 24029 24029 24029 24029 24029 24029 24029 24029 24029 24029 24029 24029 24029 24029 24029 24029 24029 24029 24029 24029 24029 24029 24029 24029 24029 24029 24029 24029 24029 24029 24029 24029 24029 24029 24029 24029 24029 24029 24029 24029 24029 24029 24029 24029 24029 24029 24029 24029 24029 24029 24029 24029 24029 2 24029 24029 24029 24029 
61 3000 24029 24029 24029 24029 24029 24029 24029 24029 24029 24029 24029 24029 24029 24029 24029 24029 24029 24029 24029 24029 24029 24029 24029 24029 24029 24029 24029 24029 4 24029 24029 24029 24029 24029 24029 24029 24029 24029 24029 24029 24029 24029 24029 24029 4 24029 24029 24029 24029 24029 24029 24029 1 24029 24029 24029 3 24029 24029 24029 2 2 4 24029 24029 24029 24029 24029 24029 24029 24029 24029 24029 24029 24029 24029 24029 24029 24029 24029 24029 24029 24029 24029 24029 24029 24029 24029 24029 24029 24029 24029 24029 24029 24029 24029 24029 24029 24029 24029 24029 24029 24029 24029 24029 24029 24029 24029 24029 24029 24029 24029 24029 24029 24029 24029 24029 24029 24029 24029 24029 24029 24029 24029 2 24029 24029 24029 
62 3000 24029 24029 24029 24029 24029 24029 24029 24029 24029 24029 24029 24029 24029 24029 24029 24029 24029 24029 24029 24029 24029 24029 24029 24029 24029 24029 24029 24029 24029 4 24029 24029 24029 24029 24029 24029 24029 24029 24029 24029 24029 24029 24029 24029 24029 1 24029 24029 24029 24029 24029 24029 24029 4 24029 24029 24029 4 24029 24029 2 2 24029 0 24029 24029 24029 24029 24029 24029 24029 24029 24029 24029 24029 24029 24029 24029 24029 24029 24029 24029 24029 24029 24029 24029 24029 24029 24029 24029 24029 24029 24029 24029 24029 24029 24029 24029 24029 24029 24029 24029 24029 24029 24029 24029 24029 24029 24029 24029 24029 24029 24029 24029 24029 24029 24029 24029 24029 24029 24029 24029 24029 24029 24029 4 24029 24029 
63 3000 24029 24029 24029 24029 24029 24029 24029 24029 24029 24029 24029 24029 24029 24029 24029 24029 24029 24029 24029 24029 24029 24029 24029 24029 24029 24029 24029 24029 24029 24029 0 24029 24029 24029 24029 24029 24029 24029 24029 24029 24029 24029 24029 24029 24029 24029 2 24029 24029 24029 24029 24029 24029 24029 1 24029 24029 24029 2 24029 2 24029 2 3 24029 24029 24029 24029 24029 24029 24029 24029 24029 24029 24029 24029 24029 24029 24029 24029 24029 24029 24029 24029 24029 24029 24029 24029 24029 24029 24029 24029 24029 24029 24029 24029 24029 24029 24029 24029 24029 24029 24029 24029 24029 24029 24029 24029 24029 24029 24029 24029 24029 24029 24029 24029 24029 24029 24029 24029 24029 24029 24029 24029 24029 24029 1 24029 
64 3000 24029 24029 24029 24029 24029 24029 24029 24029 24029 24029 24029 24029 24029 24029 24029 24029 24029 24029 24029 24029 24029 24029 24029 24029 24029 24029 24029 24029 24029 24029 24029 4 24029 24029 24029 24029 24029 24029 24029 24029 24029 24029 24029 24029 24029 24029 24029 0 24029 24029 24029 24029 24029 24029 24029 2 24029 24029 24029 0 24029 0 2 1 24029 24029 24029 24029 24029 24029 24029 24029 24029 24029 24029 24029 24029 24029 24029 24029 24029 24029 24029 24029 24029 24029 24029 24029 24029 24029 24029 24029 24029 24029 24029 24029 24029 24029 24029 24029 24029 24029 24029 24029 24029 24029 24029 24029 24029 24029 24029 24029 24029 24029 24029 24029 24029 24029 24029 24029 24029 24029 24029 24029 24029 24029 24029 3 
65 3000 1 24029 24029 24029 24029 24029 24029 24029 24029 24029 24029 24029 24029 24029 24029 24029 24029 24029 24029 24029 24029 24029 24029 24029 24029 24029 24029 24029 24029 24029 24029 24029 24029 24029 24029 24029 24029 24029 24029 24029 24029 24029 24029 24029 24029 24029 24029 24029 24029 24029 24029 24029 24029 24029 24029 24029 24029 24029 24029 24029 24029 24029 24029 24029 1 0 3 24029 3 24029 24029 24029 0 24029 24029 24029 24029 24029 24029 24029 0 24029 24029 24029 24029 24029 24029 24029 24029 24029 24029 24029 24029 24029 24029 24029 0 24029 24029 24029 24029 24029 24029 24029 24029 24029 24029 24029 24029 24029 24029 24029 24029 24029 24029 24029 24029 24029 24029 24029 24029 24029 24029 24029 24029 24029 24029 24029 
66 3000 24029 1 24029 24029 24029 24029 24029 24029 24029 24029 24029 24029 24029 24029 24029 24029 24029 24029 24029 24029 24029 24029 24029 24029 24029 24029 24029 24029 24029 24029 24029 24029 24029 24029 24029 24029 24029 24029 24029 24029 24029 24029 24029 24029 24029 24029 24029 24029 24029 24029 24029 24029 24029 24029 24029 24029 24029 24029 24029 24029 24029 24029 24029 24029 4 1 24029 1 24029 0 24029 24029 24029 0 24029 24029 24029 24029 24029 24029 24029 1 24029 24029 24029 24029 24029 24029 24029 24029 24029 24029 24029 24029 24029 24029 24029 1 24029 24029 24029 24029 24029 24029 24029 24029 24029 24029 24029 24029 24029 24029 24029 24029 24029 24029 24029 24029 24029 24029 24029 24029 24029 24029 24029 24029 24029 24029 
67 3000 24029 24029 4 24029 24029 24029 24029 24029 24029 24029 24029 24029 24029 24029 24029 24029 24029 24029 24029 24029 24029 24029 24029 24029 24029 24029 24029 24029 24029 24029 24029 24029 24029 24029 24029 24029 24029 24029 24029 24029 24029 24029 24029 24029 24029 24029 24029 24029 24029 24029 24029 24029 24029 24029 24029 24029 24029 24029 24029 24029 24029 24029 24029 24029 1 24029 1 1 24029 24029 1 24029 24029 24029 1 24029 24029 24029 24029 24029 24029 24029 3 24029 24029 24029 24029 24029 24029 24029 24029 24029 24029 24029 24029 24029 24029 24029 3 24029 24029 24029 24029 24029 24029 24029 24029 24029 24029 24029 24029 24029 24029 24029 24029 24029 24029 24029 24029 24029 24029 24029 24029 24029 24029 24029 24029 24029 
68 3000 24029 24029 24029 1 24029 24029 24029 24029 24029 24029 24029 24029 24029 24029 24029 24029 24029 24029 24029 24029 24029 24029 24029 24029 24029 24029 24029 24029 24029 24029 24029 24029 24029 24029 24029 24029 24029 24029 24029 24029 24029 24029 24029 24029 24029 24029 24029 24029 24029 24029 24029 24029 24029 24029 24029 24029 24029 24029 24029 24029 24029 24029 24029 24029 24029 1 4 3 24029 24029 24029 3 24029 24029 24029 3 24029 24029 24029 24029 24029 24029 24029 0 24029 24029 24029 24029 24029 24029 24029 24029 24029 24029 24029 24029 24029 24029 24029 2 24029 24029 24029 24029 24029 24029 24029 24029 24029 24029 24029 24029 24029 24029 24029 24029 24029 24029 24029 24029 24029 24029 24029 24029 24029 24029 24029 24029 
69 3000 24029 24029 24029 24029 4 24029 24029 24029 24029 24029 24029 24029 24029 24029 24029 24029 24029 24029 24029 24029 24029 24029 24029 24029 24029 24029 24029 24029 24029 24029 24029 24029 24029 24029 24029 24029 24029 24029 24029 24029 24029 24029 24029 24029 24029 24029 24029 24029 24029 24029 24029 24029 24029 24029 24029 24029 24029 24029 24029 24029 24029 24029 24029 24029 3 24029 24029 24029 3 1 3 24029 24029 24029 24029 24029 4 24029 24029 24029 24029 24029 24029 24029 2 24029 24029 24029 24029 24029 24029 24029 24029 24029 24029 24029 24029 24029 24029 24029 0 24029 24029 24029 24029 24029 24029 24029 24029 24029 24029 24029 24029 24029 24029 24029 24029 24029 24029 24029 24029 24029 24029 24029 24029 24029 24029 24029 
70 3000 24029 24029 24029 24029 24029 4 24029 24029 24029 24029 24029 24029 24029 24029 24029 24029 24029 24029 24029 24029 24029 24029 24029 24029 24029 24029 24029 24029 24029 24029 24029 24029 24029 24029 24029 24029 24029 24029 24029 24029 24029 24029 24029 24029 24029 24029 24029 24029 24029 24029 24029 24029 24029 24029 24029 24029 24029 24029 24029 24029 24029 24029 24029 24029 24029 4 24029 24029 3 2 24029 4 24029 24029 24029 24029 24029 2 24029 24029 24029 24029 24029 24029 24029 0 24029 24029 24029 24029 24029 24029 24029 24029 24029 24029 24029 24029 24029 24029 24029 0 24029 24029 24029 24029 24029 24029 24029 24029 24029 24029 24029 24029 24029 24029 24029 24029 24029 24029 24029 24029 24029 24029 24029 24029 24029 24029 
71 3000 24029 24029 24029 24029 24029 24029 2 24029 24029 24029 24029 24029 24029 24029 24029 24029 24029 24029 24029 24029 24029 24029 24029 24029 24029 24029 24029 24029 24029 24029 24029 24029 24029 24029 24029 24029 24029 24029 24029 24029 24029 24029 24029 24029 24029 24029 24029 24029 24029 24029 24029 24029 24029 24029 24029 24029 24029 24029 24029 24029 24029 24029 24029 24029 24029 24029 4 24029 2 24029 2 2 24029 24029 24029 24029 24029 24029 4 24029 24029 24029 24029 24029 24029 24029 4 24029 24029 24029 24029 24029 24029 24029 24029 24029 24029 24029 24029 24029 24029 24029 3 24029 24029 24029 24029 24029 24029 24029 24029 24029 24029 24029 24029 24029 24029 24029 24029 24029 24029 24029 24029 24029 24029 24029 24029 24029 
72 3000 24029 24029 24029 24029 24029 24029 24029 1 24029 24029 24029 24029 24029 24029 24029 24029 24029 24029 24029 24029 24029 24029 24029 24029 24029 24029 24029 24029 24029 24029 24029 24029 24029 24029 24029 24029 24029 24029 24029 24029 24029 24029 24029 24029 24029 24029 24029 24029 24029 24029 24029 24029 24029 24029 24029 24029 24029 24029 24029 24029 24029 24029 24029 24029 24029 24029 24029 3 24029 3 4 1 24029 24029 24029 24029 24029 24029 24029 2 24029 24029 24029 24029 24029 24029 24029 1 24029 24029 24029 24029 24029 24029 24029 24029 24029 24029 24029 24029 24029 24029 24029 2 24029 24029 24029 24029 24029 24029 24029 24029 24029 24029 24029 24029 24029 24029 24029 24029 24029 24029 24029 24029 24029 24029 24029 24029 
73 3000 24029 24029 24029 24029 24029 24029 24029 24029 1 24029 24029 24029 24029 24029 24029 24029 24029 24029 24029 24029 24029 24029 24029 24029 24029 24029 24029 24029 24029 24029 24029 24029 24029 24029 24029 24029 24029 24029 24029 24029 24029 24029 24029 24029 24029 24029 24029 24029 24029 24029 24029 24029 24029 24029 24029 24029 24029 24029 24029 24029 24029 24029 24029 24029 2 24029 24029 24029 24029 24029 24029 24029 1 4 0 24029 4 24029 24029 24029 24029 24029 24029 24029 24029 24029 24029 24029 4 24029 24029 24029 24029 24029 24029 24029 24029 24029 24029 24029 24029 24029 24029 24029 4 24029 24029 24029 24029 24029 24029 24029 24029 24029 24029 24029 24029 24029 24029 24029 24029 24029 24029 24029 24029 24029 24029 24029 
74 3000 24029 24029 24029 24029 24029 24029 24029 24029 24029 0 24029 24029 24029 24029 24029 24029 24029 24029 24029 24029 24029 24029 24029 24029 24029 24029 24029 24029 24029 24029 24029 24029 24029 24029 24029 24029 24029 24029 24029 24029 24029 24029 24029 24029 24029 24029 24029 24029 24029 24029 24029 24029 24029 24029 24029 24029 24029 24029 24029 24029 24029 24029 24029 24029 24029 4 24029 24029 24029 24029 24029 24029 0 4 24029 2 24029 0 24029 24029 24029 24029 24029 24029 24029 24029 24029 24029 24029 0 24029 24029 24029 24029 24029 24029 24029 24029 24029 24029 24029 24029 24029 24029 24029 2 24029 24029 24029 24029 24029 24029 24029 24029 24029 24029 24029 24029 24029 24029 24029 24029 24029 24029 24029 24029 24029 24029 
75 3000 24029 24029 24029 24029 24029 24029 24029 24029 24029 24029 0 24029 24029 24029 24029 24029 24029 24029 24029 24029 24029 24029 24029 24029 24029 24029 24029 24029 24029 24029 24029 24029 24029 24029 24029 24029 24029 24029 24029 24029 24029 24029 24029 24029 24029 24029 24029 24029 24029 24029 24029 24029 24029 24029 24029 24029 24029 24029 24029 24029 24029 24029 24029 24029 24029 24029 4 24029 24029 24029 24029 24029 3 24029 1 0 24029 24029 2 24029 24029 24029 24029 24029 24029 24029 24029 24029 24029 24029 4 24029 24029 24029 24029 24029 24029 24029 24029 24029 24029 24029 24029 24029 24029 24029 2 24029 24029 24029 24029 24029 24029 24029 24029 24029 24029 24029 24029 24029 24029 24029 24029 24029 24029 24029 24029 24029 
76 3000 24029 24029 24029 24029 24029 24029 24029 24029 24029 24029 24029 2 24029 24029 24029 24029 24029 24029 24029 24029 24029 24029 24029 24029 24029 24029 24029 24029 24029 24029 24029 24029 24029 24029 24029 24029 24029 24029 24029 24029 24029 24029 24029 24029 24029 24029 24029 24029 24029 24029 24029 24029 24029 24029 24029 24029 24029 24029 24029 24029 24029 24029 24029 24029 24029 24029 24029 3 24029 24029 24029 24029 24029 3 3 1 24029 24029 24029 4 24029 24029 24029 24029 24029 24029 24029 24029 24029 24029 24029 4 24029 24029 24029 24029 24029 24029 24029 24029 24029 24029 24029 24029 24029 24029 24029 3 24029 24029 24029 24029 24029 24029 24029 24029 24029 24029 24029 24029 24029 24029 24029 24029 24029 24029 24029 24029 
77 3000 24029 24029 24029 24029 24029 24029 24029 24029 24029 24029 24029 24029 3 24029 24029 24029 24029 24029 24029 24029 24029 24029 24029 24029 24029 24029 24029 24029 24029 24029 24029 24029 24029 24029 24029 24029 24029 24029 24029 24029 24029 24029 24029 24029 24029 24029 24029 24029 24029 24029 24029 24029 24029 24029 24029 24029 24029 24029 24029 24029 24029 24029 24029 24029 24029 24029 24029 24029 4 24029 24029 24029 0 24029 24029 24029 2 3 1 24029 24029 24029 24029 24029 24029 24029 24029 24029 24029 24029 24029 24029 1 24029 24029 24029 24029 24029 24029 24029 24029 24029 24029 24029 24029 24029 24029 24029 3 24029 24029 24029 24029 24029 24029 24029 24029 24029 24029 24029 24029 24029 24029 24029 24029 24029 24029 24029 
78 3000 24029 24029 24029 24029 24029 24029 24029 24029 24029 24029 24029 24029 24029 4 24029 24029 24029 24029 24029 24029 24029 24029 24029 24029 24029 24029 24029 24029 24029 24029 24029 24029 24029 24029 24029 24029 24029 24029 24029 24029 24029 24029 24029 24029 24029 24029 24029 24029 24029 24029 24029 24029 24029 24029 24029 24029 24029 24029 24029 24029 24029 24029 24029 24029 24029 24029 24029 24029 24029 3 24029 24029 24029 0 24029 24029 1 3 24029 2 24029 24029 24029 24029 24029 24029 24029 24029 24029 24029 24029 24029 24029 0 24029 24029 24029 24029 24029 24029 24029 24029 24029 24029 24029 24029 24029 24029 24029 4 24029 24029 24029 24029 24029 24029 24029 24029 24029 24029 24029 24029 24029 24029 24029 24029 24029 24029 
79 3000 24029 24029 24029 24029 24029 24029 24029 24029 24029 24029 24029 24029 24029 24029 0 24029 24029 24029 24029 24029 24029 24029 24029 24029 24029 24029 24029 24029 24029 24029 24029 24029 24029 24029 24029 24029 24029 24029 24029 24029 24029 24029 24029 24029 24029 24029 24029 24029 24029 24029 24029 24029 24029 24029 24029 24029 24029 24029 24029 24029 24029 24029 24029 24029 24029 24029 24029 24029 24029 24029 2 24029 24029 24029 4 24029 2 24029 2 0 24029 24029 24029 24029 24029 24029 24029 24029 24029 24029 24029 24029 24029 24029 3 24029 24029 24029 24029 24029 24029 24029 24029 24029 24029 24029 24029 24029 24029 24029 4 24029 24029 24029 24029 24029 24029 24029 24029 24029 24029 24029 24029 24029 24029 24029 24029 24029 
80 3000 24029 24029 24029 24029 24029 24029 24029 24029 24029 24029 24029 24029 24029 24029 24029 3 24029 24029 24029 24029 24029 24029 24029 24029 24029 24029 24029 24029 24029 24029 24029 24029 24029 24029 24029 24029 24029 24029 24029 24029 24029 24029 24029 24029 24029 24029 24029 24029 24029 24029 24029 24029 24029 24029 24029 24029 24029 24029 24029 24029 24029 24029 24029 24029 24029 24029 24029 24029 24029 24029 24029 2 24029 24029 24029 1 24029 2 2 1 24029 24029 24029 24029 24029 24029 24029 24029 24029 24029 24029 24029 24029 24029 24029 3 24029 24029 24029 24029 24029 24029 24029 24029 24029 24029 24029 24029 24029 24029 24029 2 24029 24029 24029 24029 24029 24029 24029 24029 24029 24029 24029 24029 24029 24029 24029 24029 
81 3000 24029 24029 24029 24029 24029 24029 24029 24029 24029 24029 24029 24029 24029 24029 24029 24029 0 24029 24029 24029 24029 24029 24029 24029 24029 24029 24029 24029 24029 24029 24029 24029 24029 24029 24029 24029 24029 24029 24029 24029 24029 24029 24029 24029 24029 24029 24029 24029 24029 24029 24029 24029 24029 24029 24029 24029 24029 24029 24029 24029 24029 24029 24029 24029 0 24029 24029 24029 24029 24029 24029 24029 24029 24029 24029 24029 24029 24029 24029 24029 4 3 2 24029 1 24029 24029 24029 0 24029 24029 24029 24029 24029 24029 24029 24029 24029 24029 24029 24029 24029 24029 24029 24029 24029 24029 24029 24029 24029 24029 24029 1 24029 24029 24029 24029 24029 24029 24029 24029 24029 24029 24029 24029 24029 24029 24029 
82 3000 24029 24029 24029 24029 24029 24029 24029 24029 24029 24029 24029 24029 24029 24029 24029 24029 24029 1 24029 24029 24029 24029 24029 24029 24029 24029 24029 24029 24029 24029 24029 24029 24029 24029 24029 24029 24029 24029 24029 24029 24029 24029 24029 24029 24029 24029 24029 24029 24029 24029 24029 24029 24029 24029 24029 24029 24029 24029 24029 24029 24029 24029 24029 24029 24029 1 24029 24029 24029 24029 24029 24029 24029 24029 24029 24029 24029 24029 24029 24029 1 0 24029 2 24029 3 24029 24029 24029 0 24029 24029 24029 24029 24029 24029 24029 24029 24029 24029 24029 24029 24029 24029 24029 24029 24029 24029 24029 24029 24029 24029 24029 3 24029 24029 24029 24029 24029 24029 24029 24029 24029 24029 24029 24029 24029 24029 
83 3000 24029 24029 24029 24029 24029 24029 24029 24029 24029 24029 24029 24029 24029 24029 24029 24029 24029 24029 4 24029 24029 24029 24029 24029 24029 24029 24029 24029 24029 24029 24029 24029 24029 24029 24029 24029 24029 24029 24029 24029 24029 24029 24029 24029 24029 24029 24029 24029 24029 24029 24029 24029 24029 24029 24029 24029 24029 24029 24029 24029 24029 24029 24029 24029 24029 24029 4 24029 24029 24029 24029 24029 24029 24029 24029 24029 24029 24029 24029 24029 2 24029 4 2 24029 24029 1 24029 24029 24029 3 24029 24029 24029 24029 24029 24029 24029 24029 24029 24029 24029 24029 24029 24029 24029 24029 24029 24029 24029 24029 24029 24029 24029 1 24029 24029 24029 24029 24029 24029 24029 24029 24029 24029 24029 24029 24029 
84 3000 24029 24029 24029 24029 24029 24029 24029 24029 24029 24029 24029 24029 24029 24029 24029 24029 24029 24029 24029 3 24029 24029 24029 24029 24029 24029 24029 24029 24029 24029 24029 24029 24029 24029 24029 24029 24029 24029 24029 24029 24029 24029 24029 24029 24029 24029 24029 24029 24029 24029 24029 24029 24029 24029 24029 24029 24029 24029 24029 24029 24029 24029 24029 24029 24029 24029 24029 3 24029 24029 24029 24029 24029 24029 24029 24029 24029 24029 24029 24029 24029 3 4 0 24029 24029 24029 0 24029 24029 24029 1 24029 24029 24029 24029 24029 24029 24029 24029 24029 24029 24029 24029 24029 24029 24029 24029 24029 24029 24029 24029 24029 24029 24029 3 24029 24029 24029 24029 24029 24029 24029 24029 24029 24029 24029 24029 
85 3000 24029 24029 24029 24029 24029 24029 24029 24029 24029 24029 24029 24029 24029 24029 24029 24029 24029 24029 24029 24029 3 24029 24029 24029 24029 24029 24029 24029 24029 24029 24029 24029 24029 24029 24029 24029 24029 24029 24029 24029 24029 24029 24029 24029 24029 24029 24029 24029 24029 24029 24029 24029 24029 24029 24029 24029 24029 24029 24029 24029 24029 24029 24029 24029 24029 24029 24029 24029 2 24029 24029 24029 24029 24029 24029 24029 24029 24029 24029 24029 2 24029 24029 24029 4 2 4 24029 24029 24029 24029 24029 0 24029 24029 24029 24029 24029 24029 24029 24029 24029 24029 24029 24029 24029 24029 24029 24029 24029 24029 24029 24029 24029 24029 24029 1 24029 24029 24029 24029 24029 24029 24029 24029 24029 24029 24029 
86 3000 24029 24029 24029 24029 24029 24029 24029 24029 24029 24029 24029 24029 24029 24029 24029 24029 24029 24029 24029 24029 24029 3 24029 24029 24029 24029 24029 24029 24029 24029 24029 24029 24029 24029 24029 24029 24029 24029 24029 24029 24029 24029 24029 24029 24029 24029 24029 24029 24029 24029 24029 24029 24029 24029 24029 24029 24029 24029 24029 24029 24029 24029 24029 24029 24029 24029 24029 24029 24029 0 24029 24029 24029 24029 24029 24029 24029 24029 24029 24029 24029 4 24029 24029 4 1 24029 2 24029 24029 24029 24029 24029 2 24029 24029 24029 24029 24029 24029 24029 24029 24029 24029 24029 24029 24029 24029 24029 24029 24029 24029 24029 24029 24029 24029 24029 2 24029 24029 24029 24029 24029 24029 24029 24029 24029 24029 
87 3000 24029 24029 24029 24029 24029 24029 24029 24029 24029 24029 24029 24029 24029 24029 24029 24029 24029 24029 24029 24029 24029 24029 3 24029 24029 24029 24029 24029 24029 24029 24029 24029 24029 24029 24029 24029 24029 24029 24029 24029 24029 24029 24029 24029 24029 24029 24029 24029 24029 24029 24029 24029 24029 24029 24029 24029 24029 24029 24029 24029 24029 24029 24029 24029 24029 24029 24029 24029 24029 24029 2 24029 24029 24029 24029 24029 24029 24029 24029 24029 24029 24029 0 24029 0 24029 3 3 24029 24029 24029 24029 24029 24029 1 24029 24029 24029 24029 24029 24029 24029 24029 24029 24029 24029 24029 24029 24029 24029 24029 24029 24029 24029 24029 24029 24029 24029 3 24029 24029 24029 24029 24029 24029 24029 24029 24029 
88 3000 24029 24029 24029 24029 24029 24029 24029 24029 24029 24029 24029 24029 24029 24029 24029 24029 24029 24029 24029 24029 24029 24029 24029 3 24029 24029 24029 24029 24029 24029 24029 24029 24029 24029 24029 24029 24029 24029 24029 24029 24029 24029 24029 24029 24029 24029 24029 24029 24029 24029 24029 24029 24029 24029 24029 24029 24029 24029 24029 24029 24029 24029 24029 24029 24029 24029 24029 24029 24029 24029 24029 2 24029 24029 24029 24029 24029 24029 24029 24029 24029 24029 24029 1 24029 0 4 4 24029 24029 24029 24029 24029 24029 24029 4 24029 24029 24029 24029 24029 24029 24029 24029 24029 24029 24029 24029 24029 24029 24029 24029 24029 24029 24029 24029 24029 24029 24029 0 24029 24029 24029 24029 24029 24029 24029 24029 
89 3000 24029 24029 24029 24029 24029 24029 24029 24029 24029 24029 24029 24029 24029 24029 24029 24029 24029 24029 24029 24029 24029 24029 24029 24029 3 24029 24029 24029 24029 24029 24029 24029 24029 24029 24029 24029 24029 24029 24029 24029 24029 24029 24029 24029 24029 24029 24029 24029 24029 24029 24029 24029 24029 24029 24029 24029 24029 24029 24029 24029 24029 24029 24029 24029 24029 24029 24029 24029 24029 24029 24029 24029 3 24029 24029 24029 24029 24029 24029 24029 0 24029 24029 24029 24029 24029 24029 24029 2 0 4 24029 1 24029 24029 24029 24029 24029 24029 24029 24029 24029 24029 24029 24029 24029 24029 24029 24029 24029 24029 24029 24029 24029 24029 24029 24029 24029 24029 24029 2 24029 24029 24029 24029 24029 24029 24029 
90 3000 24029 24029 24029 24029 24029 24029 24029 24029 24029 24029 24029 24029 24029 24029 24029 24029 24029 24029 24029 24029 24029 24029 24029 24029 24029 0 24029 24029 24029 24029 24029 24029 24029 24029 24029 24029 24029 24029 24029 24029 24029 24029 24029 24029 24029 24029 24029 24029 24029 24029 24029 24029 24029 24029 24029 24029 24029 24029 24029 24029 24029 24029 24029 24029 24029 24029 24029 24029 24029 24029 24029 24029 24029 1 24029 24029 24029 24029 24029 24029 24029 4 24029 24029 24029 24029 24029 24029 3 0 24029 3 24029 2 24029 24029 24029 24029 24029 24029 24029 24029 24029 24029 24029 24029 24029 24029 24029 24029 24029 24029 24029 24029 24029 24029 24029 24029 24029 24029 24029 4 24029 24029 24029 24029 24029 24029 
91 3000 24029 24029 24029 24029 24029 24029 24029 24029 24029 24029 24029 24029 24029 24029 24029 24029 24029 24029 24029 24029 24029 24029 24029 24029 24029 24029 2 24029 24029 24029 24029 24029 24029 24029 24029 24029 24029 24029 24029 24029 24029 24029 24029 24029 24029 24029 24029 24029 24029 24029 24029 24029 24029 24029 24029 24029 24029 24029 24029 24029 24029 24029 24029 24029 24029 24029 24029 24029 24029 24029 24029 24029 24029 24029 3 24029 24029 24029 24029 24029 24029 24029 2 24029 24029 24029 24029 24029 4 24029 3 3 24029 24029 3 24029 24029 24029 24029 24029 24029 24029 24029 24029 24029 24029 24029 24029 24029 24029 24029 24029 24029 24029 24029 24029 24029 24029 24029 24029 24029 24029 3 24029 24029 24029 24029 24029 
92 3000 24029 24029 24029 24029 24029 24029 24029 24029 24029 24029 24029 24029 24029 24029 24029 24029 24029 24029 24029 24029 24029 24029 24029 24029 24029 24029 24029 4 24029 24029 24029 24029 24029 24029 24029 24029 24029 24029 24029 24029 24029 24029 24029 24029 24029 24029 24029 24029 24029 24029 24029 24029 24029 24029 24029 24029 24029 24029 24029 24029 24029 24029 24029 24029 24029 24029 24029 24029 24029 24029 24029 24029 24029 24029 24029 2 24029 24029 24029 24029 24029 24029 24029 2 24029 24029 24029 24029 24029 2 3 4 24029 24029 24029 4 24029 24029 24029 24029 24029 24029 24029 24029 24029 24029 24029 24029 24029 24029 24029 24029 24029 24029 24029 24029 24029 24029 24029 24029 24029 24029 24029 0 24029 24029 24029 24029 
93 3000 24029 24029 24029 24029 24029 24029 24029 24029 24029 24029 24029 24029 24029 24029 24029 24029 24029 24029 24029 24029 24029 24029 24029 24029 24029 24029 24029 24029 1 24029 24029 24029 24029 24029 24029 24029 24029 24029 24029 24029 24029 24029 24029 24029 24029 24029 24029 24029 24029 24029 24029 24029 24029 24029 24029 24029 24029 24029 24029 24029 24029 24029 24029 24029 24029 24029 24029 24029 24029 24029 24029 24029 24029 24029 24029 24029 2 24029 24029 24029 24029 24029 24029 24029 4 24029 24029 24029 0 24029 24029 24029 0 1 0 24029 24029 24029 24029 24029 24029 24029 24029 24029 24029 24029 24029 24029 24029 24029 24029 24029 24029 24029 24029 24029 24029 24029 24029 24029 24029 24029 24029 24029 1 24029 24029 24029 
94 3000 24029 24029 24029 24029 24029 24029 24029 24029 24029 24029 24029 24029 24029 24029 24029 24029 24029 24029 24029 24029 24029 24029 24029 24029 24029 24029 24029 24029 24029 3 24029 24029 24029 24029 24029 24029 24029 24029 24029 24029 24029 24029 24029 24029 24029 24029 24029 24029 24029 24029 24029 24029 24029 24029 24029 24029 24029 24029 24029 24029 24029 24029 24029 24029 24029 24029 24029 24029 24029 24029 24029 24029 24029 24029 24029 24029 24029 4 24029 24029 24029 24029 24029 24029 24029 4 24029 24029 24029 1 24029 24029 0 2 24029 4 24029 24029 24029 24029 24029 24029 24029 24029 24029 24029 24029 24029 24029 24029 24029 24029 24029 24029 24029 24029 24029 24029 24029 24029 24029 24029 24029 24029 24029 3 24029 24029 
95 3000 24029 24029 24029 24029 24029 24029 24029 24029 24029 24029 24029 24029 24029 24029 24029 24029 24029 24029 24029 24029 24029 24029 24029 24029 24029 24029 24029 24029 24029 24029 4 24029 24029 24029 24029 24029 24029 24029 24029 24029 24029 24029 24029 24029 24029 24029 24029 24029 24029 24029 24029 24029 24029 24029 24029 24029 24029 24029 24029 24029 24029 24029 24029 24029 24029 24029 24029 24029 24029 24029 24029 24029 24029 24029 24029 24029 24029 24029 3 24029 24029 24029 24029 24029 24029 24029 4 24029 24029 24029 3 24029 4 24029 0 0 24029 24029 24029 24029 24029 24029 24029 24029 24029 24029 24029 24029 24029 24029 24029 24029 24029 24029 24029 24029 24029 24029 24029 24029 24029 24029 24029 24029 24029 24029 4 24029 
96 3000 24029 24029 24029 24029 24029 24029 24029 24029 24029 24029 24029 24029 24029 24029 24029 24029 24029 24029 24029 24029 24029 24029 24029 24029 24029 24029 24029 24029 24029 24029 24029 3 24029 24029 24029 24029 24029 24029 24029 24029 24029 24029 24029 24029 24029 24029 24029 24029 24029 24029 24029 24029 24029 24029 24029 24029 24029 24029 24029 24029 24029 24029 24029 24029 24029 24029 24029 24029 24029 24029 24029 24029 24029 24029 24029 24029 24029 24029 24029 4 24029 24029 24029 24029 24029 24029 24029 3 24029 24029 24029 0 24029 2 1 1 24029 24029 24029 24029 24029 24029 24029 24029 24029 24029 24029 24029 24029 24029 24029 24029 24029 24029 24029 24029 24029 24029 24029 24029 24029 24029 24029 24029 24029 24029 24029 1 
97 3000 24029 24029 24029 24029 24029 24029 24029 24029 24029 24029 24029 24029 24029 24029 24029 24029 24029 24029 24029 24029 24029 24029 24029 24029 24029 24029 24029 24029 24029 24029 24029 24029 4 24029 24029 24029 24029 24029 24029 24029 24029 24029 24029 24029 24029 24029 24029 24029 24029 24029 24029 24029 24029 24029 24029 24029 24029 24029 24029 24029 24029 24029 24029 24029 4 24029 24029 24029 24029 24029 24029 24029 24029 24029 24029 24029 24029 24029 24029 24029 24029 24029 24029 24029 24029 24029 24029 24029 24029 24029 24029 24029 24029 24029 24029 24029 4 2 3 24029 1 24029 24029 24029 0 24029 24029 24029 24029 24029 24029 24029 1 24029 24029 24029 24029 24029 24029 24029 24029 24029 24029 24029 24029 24029 24029 24029 
98 3000 24029 24029 24029 24029 24029 24029 24029 24029 24029 24029 24029 24029 24029 24029 24029 24029 24029 24029 24029 24029 24029 24029 24029 24029 24029 24029 24029 24029 24029 24029 24029 24029 24029 0 24029 24029 24029 24029 24029 24029 24029 24029 24029 24029 24029 24029 24029 24029 24029 24029 24029 24029 24029 24029 24029 24029 24029 24029 24029 24029 24029 24029 24029 24029 24029 0 24029 24029 24029 24029 24029 24029 24029 24029 24029 24029 24029 24029 24029 24029 24029 24029 24029 24029 24029 24029 24029 24029 24029 24029 24029 24029 24029 24029 24029 24029 3 4 24029 0 24029 0 24029 24029 24029 2 24029 24029 24029 24029 24029 24029 24029 1 24029 24029 24029 24029 24029 24029 24029 24029 24029 24029 24029 24029 24029 24029 
99 3000 24029 24029 24029 24029 24029 24029 24029 24029 24029 24029 24029 24029 24029 24029 24029 24029 24029 24029 24029 24029 24029 24029 24029 24029 24029 24029 24029 24029 24029 24029 24029 24029 24029 24029 0 24029 24029 24029 24029 24029 24029 24029 24029 24029 24029 24029 24029 24029 24029 24029 24029 24029 24029 24029 24029 24029 24029 24029 24029 24029 24029 24029 24029 24029 24029 24029 0 24029 24029 24029 24029 24029 24029 24029 24029 24029 24029 24029 24029 24029 24029 24029 24029 24029 24029 24029 24029 24029 24029 24029 24029 24029 24029 24029 24029 24029 2 24029 3 0 24029 24029 4 24029 24029 24029 0 24029 24029 24029 24029 24029 24029 24029 0 24029 24029 24029 24029 24029 24029 24029 24029 24029 24029 24029 24029 24029 
100 3000 24029 24029 24029 24029 24029 24029 24029 24029 24029 24029 24029 24029 24029 24029 24029 24029 24029 24029 24029 24029 24029 24029 24029 24029 24029 24029 24029 24029 24029 24029 24029 24029 24029 24029 24029 0 24029 24029 24029 24029 24029 24029 24029 24029 24029 24029 24029 24029 24029 24029 24029 24029 24029 24029 24029 24029 24029 24029 24029 24029 24029 24029 24029 24029 24029 24029 24029 2 24029 24029 24029 24029 24029 24029 24029 24029 24029 24029 24029 24029 24029 24029 24029 24029 24029 24029 24029 24029 24029 24029 24029 24029 24029 24029 24029 24029 24029 3 4 0 24029 24029 24029 4 24029 24029 24029 4 24029 24029 24029 24029 24029 24029 24029 2 24029 24029 24029 24029 24029 24029 24029 24029 24029 24029 24029 24029 
101 3000 24029 24029 24029 24029 24029 24029 24029 24029 24029 24029 24029 24029 24029 24029 24029 24029 24029 24029 24029 24029 24029 24029 24029 24029 24029 24029 24029 24029 24029 24029 24029 24029 24029 24029 24029 24029 1 24029 24029 24029 24029 24029 24029 24029 24029 24029 24029 24029 24029 24029 24029 24029 24029 24029 24029 24029 24029 24029 24029 24029 24029 24029 24029 24029 24029 24029 24029 24029 3 24029 24029 24029 24029 24029 24029 24029 24029 24029 24029 24029 24029 24029 24029 24029 24029 24029 24029 24029 24029 24029 24029 24029 24029 24029 24029 24029 3 24029 24029 24029 4 3 0 24029 24029 24029 24029 24029 1 24029 24029 24029 24029 24029 24029 24029 0 24029 24029 24029 24029 24029 24029 24029 24029 24029 24029 24029 
102 3000 24029 24029 24029 24029 24029 24029 24029 24029 24029 24029 24029 24029 24029 24029 24029 24029 24029 24029 24029 24029 24029 24029 24029 24029 24029 24029 24029 24029 24029 24029 24029 24029 24029 24029 24029 24029 24029 2 24029 24029 24029 24029 24029 24029 24029 24029 24029 24029 24029 24029 24029 24029 24029 24029 24029 24029 24029 24029 24029 24029 24029 24029 24029 24029 24029 24029 24029 24029 24029 0 24029 24029 24029 24029 24029 24029 24029 24029 24029 24029 24029 24029 24029 24029 24029 24029 24029 24029 24029 24029 24029 24029 24029 24029 24029 24029 24029 4 24029 24029 1 2 24029 3 24029 24029 24029 24029 24029 3 24029 24029 24029 24029 24029 24029 24029 1 24029 24029 24029 24029 24029 24029 24029 24029 24029 24029 
103 3000 24029 24029 24029 24029 24029 24029 24029 24029 24029 24029 24029 24029 24029 24029 24029 24029 24029 24029 24029 24029 24029 24029 24029 24029 24029 24029 24029 24029 24029 24029 24029 24029 24029 24029 24029 24029 24029 24029 3 24029 24029 24029 24029 24029 24029 24029 24029 24029 24029 24029 24029 24029 24029 24029 24029 24029 24029 24029 24029 24029 24029 24029 24029 24029 24029 24029 24029 24029 24029 24029 4 24029 24029 24029 24029 24029 24029 24029 24029 24029 24029 24029 24029 24029 24029 24029 24029 24029 24029 24029 24029 24029 24029 24029 24029 24029 24029 24029 3 24029 2 24029 2 2 24029 24029 24029 24029 24029 24029 3 24029 24029 24029 24029 24029 24029 24029 0 24029 24029 24029 24029 24029 24029 24029 24029 24029 
104 3000 24029 24029 24029 24029 24029 24029 24029 24029 24029 24029 24029 24029 24029 24029 24029 24029 24029 24029 24029 24029 24029 24029 24029 24029 24029 24029 24029 24029 24029 24029 24029 24029 24029 24029 24029 24029 24029 24029 24029 4 24029 24029 24029 24029 24029 24029 24029 24029 24029 24029 24029 24029 24029 24029 24029 24029 24029 24029 24029 24029 24029 24029 24029 24029 24029 24029 24029 24029 24029 24029 24029 0 24029 24029 24029 24029 24029 24029 24029 24029 24029 24029 24029 24029 24029 24029 24029 24029 24029 24029 24029 24029 24029 24029 24029 24029 24029 24029 24029 0 24029 4 4 0 24029 24029 24029 24029 24029 24029 24029 3 24029 24029 24029 24029 24029 24029 24029 3 24029 24029 24029 24029 24029 24029 24029 24029 
105 3000 24029 24029 24029 24029 24029 24029 24029 24029 24029 24029 24029 24029 24029 24029 24029 24029 24029 24029 24029 24029 24029 24029 24029 24029 24029 24029 24029 24029 24029 24029 24029 24029 24029 24029 24029 24029 24029 24029 24029 24029 1 24029 24029 24029 24029 24029 24029 24029 24029 24029 24029 24029 24029 24029 24029 24029 24029 24029 24029 24029 24029 24029 24029 24029 24029 24029 24029 24029 24029 24029 24029 24029 3 24029 24029 24029 24029 24029 24029 24029 24029 24029 24029 24029 24029 24029 24029 24029 24029 24029 24029 24029 24029 24029 24029 24029 1 24029 24029 24029 24029 24029 24029 24029 1 0 2 24029 1 24029 24029 24029 24029 24029 24029 24029 24029 24029 24029 24029 4 24029 24029 24029 24029 24029 24029 24029 
106 3000 24029 24029 24029 24029 24029 24029 24029 24029 24029 24029 24029 24029 24029 24029 24029 24029 24029 24029 24029 24029 24029 24029 24029 24029 24029 24029 24029 24029 24029 24029 24029 24029 24029 24029 24029 24029 24029 24029 24029 24029 24029 3 24029 24029 24029 24029 24029 24029 24029 24029 24029 24029 24029 24029 24029 24029 24029 24029 24029 24029 24029 24029 24029 24029 24029 24029 24029 24029 24029 24029 24029 24029 24029 0 24029 24029 24029 24029 24029 24029 24029 24029 24029 24029 24029 24029 24029 24029 24029 24029 24029 24029 24029 24029 24029 24029 24029 4 24029 24029 24029 24029 24029 24029 3 4 24029 3 24029 4 24029 24029 24029 24029 24029 24029 24029 24029 24029 24029 24029 1 24029 24029 24029 24029 24029 24029 
107 3000 24029 24029 24029 24029 24029 24029 24029 24029 24029 24029 24029 24029 24029 24029 24029 24029 24029 24029 24029 24029 24029 24029 24029 24029 24029 24029 24029 24029 24029 24029 24029 24029 24029 24029 24029 24029 24029 24029 24029 24029 24029 24029 3 24029 24029 24029 24029 24029 24029 24029 24029 24029 24029 24029 24029 24029 24029 24029 24029 24029 24029 24029 24029 24029 24029 24029 24029 24029 24029 24029 24029 24029 24029 24029 0 24029 24029 24029 24029 24029 24029 24029 24029 24029 24029 24029 24029 24029 24029 24029 24029 24029 24029 24029 24029 24029 24029 24029 4 24029 24029 24029 24029 24029 4 24029 2 1 24029 24029 0 24029 24029 24029 24029 24029 24029 24029 24029 24029 24029 24029 3 24029 24029 24029 24029 24029 
108 3000 24029 24029 24029 24029 24029 24029 24029 24029 24029 24029 24029 24029 24029 24029 24029 24029 24029 24029 24029 24029 24029 24029 24029 24029 24029 24029 24029 24029 24029 24029 24029 24029 24029 24029 24029 24029 24029 24029 24029 24029 24029 24029 24029 0 24029 24029 24029 24029 24029 24029 24029 24029 24029 24029 24029 24029 24029 24029 24029 24029 24029 24029 24029 24029 24029 24029 24029 24029 24029 24029 24029 24029 24029 24029 24029 0 24029 24029 24029 24029 24029 24029 24029 24029 24029 24029 24029 24029 24029 24029 24029 24029 24029 24029 24029 24029 24029 24029 24029 2 24029 24029 24029 24029 24029 0 4 1 24029 24029 24029 4 24029 24029 24029 24029 24029 24029 24029 24029 24029 24029 24029 0 24029 24029 24029 24029 
109 3000 24029 24029 24029 24029 24029 24029 24029 24029 24029 24029 24029 24029 24029 24029 24029 24029 24029 24029 24029 24029 24029 24029 24029 24029 24029 24029 24029 24029 24029 24029 24029 24029 24029 24029 24029 24029 24029 24029 24029 24029 24029 24029 24029 24029 1 24029 24029 24029 24029 24029 24029 24029 24029 24029 24029 24029 24029 24029 24029 24029 24029 24029 24029 24029 24029 24029 24029 24029 24029 24029 24029 24029 24029 24029 24029 24029 4 24029 24029 24029 24029 24029 24029 24029 24029 24029 24029 24029 24029 24029 24029 24029 24029 24029 24029 24029 24029 24029 24029 24029 2 24029 24029 24029 2 24029 24029 24029 4 2 2 24029 24029 24029 24029 24029 24029 24029 24029 24029 24029 24029 24029 24029 3 24029 24029 24029 
110 3000 24029 24029 24029 24029 24029 24029 24029 24029 24029 24029 24029 24029 24029 24029 24029 24029 24029 24029 24029 24029 24029 24029 24029 24029 24029 24029 24029 24029 24029 24029 24029 24029 24029 24029 24029 24029 24029 24029 24029 24029 24029 24029 24029 24029 24029 4 24029 24029 24029 24029 24029 24029 24029 24029 24029 24029 24029 24029 24029 24029 24029 24029 24029 24029 24029 24029 24029 24029 24029 24029 24029 24029 24029 24029 24029 24029 24029 1 24029 24029 24029 24029 24029 24029 24029 24029 24029 24029 24029 24029 24029 24029 24029 24029 24029 24029 24029 24029 24029 24029 24029 2 24029 24029 24029 3 24029 24029 2 3 24029 2 24029 24029 24029 24029 24029 24029 24029 24029 24029 24029 24029 24029 24029 3 24029 24029 
111 3000 24029 24029 24029 24029 24029 24029 24029 24029 24029 24029 24029 24029 24029 24029 24029 24029 24029 24029 24029 24029 24029 24029 24029 24029 24029 24029 24029 24029 24029 24029 24029 24029 24029 24029 24029 24029 24029 24029 24029 24029 24029 24029 24029 24029 24029 24029 0 24029 24029 24029 24029 24029 24029 24029 24029 24029 24029 24029 24029 24029 24029 24029 24029 24029 24029 24029 24029 24029 24029 24029 24029 24029 24029 24029 24029 24029 24029 24029 3 24029 24029 24029 24029 24029 24029 24029 24029 24029 24029 24029 24029 24029 24029 24029 24029 24029 24029 24029 24029 24029 24029 24029 3 24029 24029 24029 1 24029 2 24029 2 4 24029 24029 24029 24029 24029 24029 24029 24029 24029 24029 24029 24029 24029 24029 0 24029 
112 3000 24029 24029 24029 24029 24029 24029 24029 24029 24029 24029 24029 24029 24029 24029 24029 24029 24029 24029 24029 24029 24029 24029 24029 24029 24029 24029 24029 24029 24029 24029 24029 24029 24029 24029 24029 24029 24029 24029 24029 24029 24029 24029 24029 24029 24029 24029 24029 0 24029 24029 24029 24029 24029 24029 24029 24029 24029 24029 24029 24029 24029 24029 24029 24029 24029 24029 24029 24029 24029 24029 24029 24029 24029 24029 24029 24029 24029 24029 24029 0 24029 24029 24029 24029 24029 24029 24029 24029 24029 24029 24029 24029 24029 24029 24029 24029 24029 24029 24029 24029 24029 24029 24029 4 24029 24029 24029 4 24029 3 3 1 24029 24029 24029 24029 24029 24029 24029 24029 24029 24029 24029 24029 24029 24029 24029 4 
113 3000 24029 24029 24029 24029 24029 24029 24029 24029 24029 24029 24029 24029 24029 24029 24029 24029 24029 24029 24029 24029 24029 24029 24029 24029 24029 24029 24029 24029 24029 24029 24029 24029 24029 24029 24029 24029 24029 24029 24029 24029 24029 24029 24029 24029 24029 24029 24029 24029 0 24029 24029 24029 24029 24029 24029 24029 24029 24029 24029 24029 24029 24029 24029 24029 24029 24029 24029 24029 24029 24029 24029 24029 24029 24029 24029 24029 24029 24029 24029 24029 1 24029 24029 24029 24029 24029 24029 24029 24029 24029 24029 24029 24029 24029 24029 24029 1 24029 24029 24029 24029 24029 24029 24029 24029 24029 24029 24029 24029 24029 24029 24029 1 2 2 24029 1 24029 24029 24029 4 24029 24029 24029 24029 24029 24029 24029 
114 3000 24029 24029 24029 24029 24029 24029 24029 24029 24029 24029 24029 24029 24029 24029 24029 24029 24029 24029 24029 24029 24029 24029 24029 24029 24029 24029 24029 24029 24029 24029 24029 24029 24029 24029 24029 24029 24029 24029 24029 24029 24029 24029 24029 24029 24029 24029 24029 24029 24029 0 24029 24029 24029 24029 24029 24029 24029 24029 24029 24029 24029 24029 24029 24029 24029 24029 24029 24029 24029 24029 24029 24029 24029 24029 24029 24029 24029 24029 24029 24029 24029 0 24029 24029 24029 24029 24029 24029 24029 24029 24029 24029 24029 24029 24029 24029 24029 3 24029 24029 24029 24029 24029 24029 24029 24029 24029 24029 24029 24029 24029 24029 4 4 24029 4 24029 1 24029 24029 24029 4 24029 24029 24029 24029 24029 24029 
115 3000 24029 24029 24029 24029 24029 24029 24029 24029 24029 24029 24029 24029 24029 24029 24029 24029 24029 24029 24029 24029 24029 24029 24029 24029 24029 24029 24029 24029 24029 24029 24029 24029 24029 24029 24029 24029 24029 24029 24029 24029 24029 24029 24029 24029 24029 24029 24029 24029 24029 24029 4 24029 24029 24029 24029 24029 24029 24029 24029 24029 24029 24029 24029 24029 24029 24029 24029 24029 24029 24029 24029 24029 24029 24029 24029 24029 24029 24029 24029 24029 24029 24029 1 24029 24029 24029 24029 24029 24029 24029 24029 24029 24029 24029 24029 24029 24029 24029 2 24029 24029 24029 24029 24029 24029 24029 24029 24029 24029 24029 24029 24029 2 24029 4 3 24029 24029 1 24029 24029 24029 4 24029 24029 24029 24029 24029 
116 3000 24029 24029 24029 24029 24029 24029 24029 24029 24029 24029 24029 24029 24029 24029 24029 24029 24029 24029 24029 24029 24029 24029 24029 24029 24029 24029 24029 24029 24029 24029 24029 24029 24029 24029 24029 24029 24029 24029 24029 24029 24029 24029 24029 24029 24029 24029 24029 24029 24029 24029 24029 2 24029 24029 24029 24029 24029 24029 24029 24029 24029 24029 24029 24029 24029 24029 24029 24029 24029 24029 24029 24029 24029 24029 24029 24029 24029 24029 24029 24029 24029 24029 24029 1 24029 24029 24029 24029 24029 24029 24029 24029 24029 24029 24029 24029 24029 24029 24029 0 24029 24029 24029 24029 24029 24029 24029 24029 24029 24029 24029 24029 24029 0 0 0 24029 24029 24029 2 24029 24029 24029 1 24029 24029 24029 24029 
117 3000 24029 24029 24029 24029 24029 24029 24029 24029 24029 24029 24029 24029 24029 24029 24029 24029 24029 24029 24029 24029 24029 24029 24029 24029 24029 24029 24029 24029 24029 24029 24029 24029 24029 24029 24029 24029 24029 24029 24029 24029 24029 24029 24029 24029 24029 24029 24029 24029 24029 24029 24029 24029 3 24029 24029 24029 24029 24029 24029 24029 24029 24029 24029 24029 24029 24029 24029 24029 24029 24029 24029 24029 24029 24029 24029 24029 24029 24029 24029 24029 24029 24029 24029 24029 4 24029 24029 24029 24029 24029 24029 24029 24029 24029 24029 24029 24029 24029 24029 24029 0 24029 24029 24029 24029 24029 24029 24029 24029 24029 24029 24029 0 24029 24029 24029 1 2 3 24029 24029 24029 24029 24029 1 24029 24029 24029 
118 3000 24029 24029 24029 24029 24029 24029 24029 24029 24029 24029 24029 24029 24029 24029 24029 24029 24029 24029 24029 24029 24029 24029 24029 24029 24029 24029 24029 24029 24029 24029 24029 24029 24029 24029 24029 24029 24029 24029 24029 24029 24029 24029 24029 24029 24029 24029 24029 24029 24029 24029 24029 24029 24029 4 24029 24029 24029 24029 24029 24029 24029 24029 24029 24029 24029 24029 24029 24029 24029 24029 24029 24029 24029 24029 24029 24029 24029 24029 24029 24029 24029 24029 24029 24029 24029 3 24029 24029 24029 24029 24029 24029 24029 24029 24029 24029 24029 24029 24029 24029 24029 4 24029 24029 24029 24029 24029 24029 24029 24029 24029 24029 24029 3 24029 24029 1 1 24029 2 24029 24029 24029 24029 24029 3 24029 24029 
119 3000 24029 24029 24029 24029 24029 24029 24029 24029 24029 24029 24029 24029 24029 24029 24029 24029 24029 24029 24029 24029 24029 24029 24029 24029 24029 24029 24029 24029 24029 24029 24029 24029 24029 24029 24029 24029 24029 24029 24029 24029 24029 24029 24029 24029 24029 24029 24029 24029 24029 24029 24029 24029 24029 24029 0 24029 24029 24029 24029 24029 24029 24029 24029 24029 24029 24029 24029 24029 24029 24029 24029 24029 24029 24029 24029 24029 24029 24029 24029 24029 24029 24029 24029 24029 24029 24029 0 24029 24029 24029 24029 24029 24029 24029 24029 24029 24029 24029 24029 24029 24029 24029 0 24029 24029 24029 24029 24029 24029 24029 24029 24029 24029 24029 0 24029 3 24029 3 4 24029 24029 24029 24029 24029 24029 0 24029 
120 3000 24029 24029 24029 24029 24029 24029 24029 24029 24029 24029 24029 24029 24029 24029 24029 24029 24029 24029 24029 24029 24029 24029 24029 24029 24029 24029 24029 24029 24029 24029 24029 24029 24029 24029 24029 24029 24029 24029 24029 24029 24029 24029 24029 24029 24029 24029 24029 24029 24029 24029 24029 24029 24029 24029 24029 0 24029 24029 24029 24029 24029 24029 24029 24029 24029 24029 24029 24029 24029 24029 24029 24029 24029 24029 24029 24029 24029 24029 24029 24029 24029 24029 24029 24029 24029 24029 24029 3 24029 24029 24029 24029 24029 24029 24029 24029 24029 24029 24029 24029 24029 24029 24029 4 24029 24029 24029 24029 24029 24029 24029 24029 24029 24029 24029 0 24029 0 0 0 24029 24029 24029 24029 24029 24029 24029 4 
121 3000 24029 24029 24029 24029 24029 24029 24029 24029 24029 24029 24029 24029 24029 24029 24029 24029 24029 24029 24029 24029 24029 24029 24029 24029 24029 24029 24029 24029 24029 24029 24029 24029 24029 24029 24029 24029 24029 24029 24029 24029 24029 24029 24029 24029 24029 24029 24029 24029 24029 24029 24029 24029 24029 24029 24029 24029 3 24029 24029 24029 24029 24029 24029 24029 24029 24029 24029 24029 24029 24029 24029 24029 24029 24029 24029 24029 24029 24029 24029 24029 24029 24029 24029 24029 24029 24029 24029 24029 2 24029 24029 24029 24029 24029 24029 24029 24029 24029 24029 24029 24029 24029 24029 24029 3 24029 24029 24029 24029 24029 24029 24029 3 24029 24029 24029 24029 24029 24029 24029 1 3 1 24029 4 24029 24029 24029 
122 3000 24029 24029 24029 24029 24029 24029 24029 24029 24029 24029 24029 24029 24029 24029 24029 24029 24029 24029 24029 24029 24029 24029 24029 24029 24029 24029 24029 24029 24029 24029 24029 24029 24029 24029 24029 24029 24029 24029 24029 24029 24029 24029 24029 24029 24029 24029 24029 24029 24029 24029 24029 24029 24029 24029 24029 24029 24029 2 24029 24029 24029 24029 24029 24029 24029 24029 24029 24029 24029 24029 24029 24029 24029 24029 24029 24029 24029 24029 24029 24029 24029 24029 24029 24029 24029 24029 24029 24029 24029 1 24029 24029 24029 24029 24029 24029 24029 24029 24029 24029 24029 24029 24029 24029 24029 0 24029 24029 24029 24029 24029 24029 24029 4 24029 24029 24029 24029 24029 24029 0 3 24029 1 24029 4 24029 24029 
123 3000 24029 24029 24029 24029 24029 24029 24029 24029 24029 24029 24029 24029 24029 24029 24029 24029 24029 24029 24029 24029 24029 24029 24029 24029 24029 24029 24029 24029 24029 24029 24029 24029 24029 24029 24029 24029 24029 24029 24029 24029 24029 24029 24029 24029 24029 24029 24029 24029 24029 24029 24029 24029 24029 24029 24029 24029 24029 24029 3 24029 24029 24029 24029 24029 24029 24029 24029 24029 24029 24029 24029 24029 24029 24029 24029 24029 24029 24029 24029 24029 24029 24029 24029 24029 24029 24029 24029 24029 24029 24029 4 24029 24029 24029 24029 24029 24029 24029 24029 24029 24029 24029 24029 24029 24029 24029 4 24029 24029 24029 24029 24029 24029 24029 0 24029 24029 24029 24029 24029 1 24029 4 0 24029 24029 3 24029 
124 3000 24029 24029 24029 24029 24029 24029 24029 24029 24029 24029 24029 24029 24029 24029 24029 24029 24029 24029 24029 24029 24029 24029 24029 24029 24029 24029 24029 24029 24029 24029 24029 24029 24029 24029 24029 24029 24029 24029 24029 24029 24029 24029 24029 24029 24029 24029 24029 24029 24029 24029 24029 24029 24029 24029 24029 24029 24029 24029 24029 2 24029 24029 24029 24029 24029 24029 24029 24029 24029 24029 24029 24029 24029 24029 24029 24029 24029 24029 24029 24029 24029 24029 24029 24029 24029 24029 24029 24029 24029 24029 24029 0 24029 24029 24029 24029 24029 24029 24029 24029 24029 24029 24029 24029 24029 24029 24029 3 24029 24029 24029 24029 24029 24029 24029 1 24029 24029 24029 24029 24029 3 0 3 24029 24029 24029 2 
125 3000 24029 24029 24029 24029 24029 24029 24029 24029 24029 24029 24029 24029 24029 24029 24029 24029 24029 24029 24029 24029 24029 24029 24029 24029 24029 24029 24029 24029 24029 24029 24029 24029 24029 24029 24029 24029 24029 24029 24029 24029 24029 24029 24029 24029 24029 24029 24029 24029 24029 24029 24029 24029 24029 24029 24029 24029 24029 24029 24029 24029 4 24029 24029 24029 24029 24029 24029 24029 24029 24029 24029 24029 24029 24029 24029 24029 24029 24029 24029 24029 24029 24029 24029 24029 24029 24029 24029 24029 24029 24029 24029 24029 0 24029 24029 24029 24029 24029 24029 24029 24029 24029 24029 24029 24029 24029 24029 24029 3 24029 24029 24029 24029 24029 24029 24029 2 24029 24029 24029 4 24029 24029 24029 0 2 1 24029 
126 3000 24029 24029 24029 24029 24029 24029 24029 24029 24029 24029 24029 24029 24029 24029 24029 24029 24029 24029 24029 24029 24029 24029 24029 24029 24029 24029 24029 24029 24029 24029 24029 24029 24029 24029 24029 24029 24029 24029 24029 24029 24029 24029 24029 24029 24029 24029 24029 24029 24029 24029 24029 24029 24029 24029 24029 24029 24029 24029 24029 24029 24029 4 24029 24029 24029 24029 24029 24029 24029 24029 24029 24029 24029 24029 24029 24029 24029 24029 24029 24029 24029 24029 24029 24029 24029 24029 24029 24029 24029 24029 24029 24029 24029 1 24029 24029 24029 24029 24029 24029 24029 24029 24029 24029 24029 24029 24029 24029 24029 0 24029 24029 24029 24029 24029 24029 24029 2 24029 24029 24029 2 24029 24029 3 3 24029 2 
127 3000 24029 24029 24029 24029 24029 24029 24029 24029 24029 24029 24029 24029 24029 24029 24029 24029 24029 24029 24029 24029 24029 24029 24029 24029 24029 24029 24029 24029 24029 24029 24029 24029 24029 24029 24029 24029 24029 24029 24029 24029 24029 24029 24029 24029 24029 24029 24029 24029 24029 24029 24029 24029 24029 24029 24029 24029 24029 24029 24029 24029 24029 24029 4 24029 24029 24029 24029 24029 24029 24029 24029 24029 24029 24029 24029 24029 24029 24029 24029 24029 24029 24029 24029 24029 24029 24029 24029 24029 24029 24029 24029 24029 24029 24029 4 24029 24029 24029 24029 24029 24029 24029 24029 24029 24029 24029 24029 24029 24029 24029 0 24029 24029 24029 24029 24029 24029 24029 4 24029 24029 24029 3 24029 2 24029 1 4 
128 3000 24029 24029 24029 24029 24029 24029 24029 24029 24029 24029 24029 24029 24029 24029 24029 24029 24029 24029 24029 24029 24029 24029 24029 24029 24029 24029 24029 24029 24029 24029 24029 24029 24029 24029 24029 24029 24029 24029 24029 24029 24029 24029 24029 24029 24029 24029 24029 24029 24029 24029 24029 24029 24029 24029 24029 24029 24029 24029 24029 24029 24029 24029 24029 0 24029 24029 24029 24029 24029 24029 24029 24029 24029 24029 24029 24029 24029 24029 24029 24029 24029 24029 24029 24029 24029 24029 24029 24029 24029 24029 24029 24029 24029 24029 24029 4 24029 24029 24029 24029 24029 24029 24029 24029 24029 24029 24029 24029 24029 24029 24029 1 24029 24029 24029 24029 24029 24029 24029 4 24029 24029 24029 0 24029 0 0 4 
