FILE: 2134PCodesS.txt
128 128 0 
1 3000 0 1 4 24025 4 24025 24025 24025 3 24025 24025 24025 24025 24025 24025 24025 4 24025 24025 24025 24025 24025 24025 24025 24025 24025 24025 24025 24025 24025 24025 24025 4 24025 24025 24025 24025 24025 24025 24025 24025 24025 24025 24025 24025 24025 24025 24025 24025 24025 24025 24025 24025 24025 24025 24025 24025 24025 24025 24025 24025 24025 24025 24025 1 24025 24025 24025 24025 24025 24025 24025 24025 24025 24025 24025 24025 24025 24025 24025 24025 24025 24025 24025 24025 24025 24025 24025 24025 24025 24025 24025 24025 24025 24025 24025 24025 24025 24025 24025 24025 24025 24025 24025 24025 24025 24025 24025 24025 24025 24025 24025 24025 24025 24025 24025 24025 24025 24025 24025 24025 24025 24025 24025 24025 24025 24025 24025 
2 3000 3 0 24025 3 24025 1 24025 24025 24025 0 24025 24025 24025 24025 24025 24025 24025 1 24025 24025 24025 24025 24025 24025 24025 24025 24025 24025 24025 24025 24025 24025 24025 0 24025 24025 24025 24025 24025 24025 24025 24025 24025 24025 24025 24025 24025 24025 24025 24025 24025 24025 24025 24025 24025 24025 24025 24025 24025 24025 24025 24025 24025 24025 24025 4 24025 24025 24025 24025 24025 24025 24025 24025 24025 24025 24025 24025 24025 24025 24025 24025 24025 24025 24025 24025 24025 24025 24025 24025 24025 24025 24025 24025 24025 24025 24025 24025 24025 24025 24025 24025 24025 24025 24025 24025 24025 24025 24025 24025 24025 24025 24025 24025 24025 24025 24025 24025 24025 24025 24025 24025 24025 24025 24025 24025 24025 24025 
3 3000 1 24025 4 0 24025 24025 4 24025 24025 24025 4 24025 24025 24025 24025 24025 24025 24025 4 24025 24025 24025 24025 24025 24025 24025 24025 24025 24025 24025 24025 24025 24025 24025 4 24025 24025 24025 24025 24025 24025 24025 24025 24025 24025 24025 24025 24025 24025 24025 24025 24025 24025 24025 24025 24025 24025 24025 24025 24025 24025 24025 24025 24025 24025 24025 3 24025 24025 24025 24025 24025 24025 24025 24025 24025 24025 24025 24025 24025 24025 24025 24025 24025 24025 24025 24025 24025 24025 24025 24025 24025 24025 24025 24025 24025 24025 24025 24025 24025 24025 24025 24025 24025 24025 24025 24025 24025 24025 24025 24025 24025 24025 24025 24025 24025 24025 24025 24025 24025 24025 24025 24025 24025 24025 24025 24025 24025 
4 3000 24025 0 3 1 24025 24025 24025 1 24025 24025 24025 2 24025 24025 24025 24025 24025 24025 24025 1 24025 24025 24025 24025 24025 24025 24025 24025 24025 24025 24025 24025 24025 24025 24025 0 24025 24025 24025 24025 24025 24025 24025 24025 24025 24025 24025 24025 24025 24025 24025 24025 24025 24025 24025 24025 24025 24025 24025 24025 24025 24025 24025 24025 24025 24025 24025 4 24025 24025 24025 24025 24025 24025 24025 24025 24025 24025 24025 24025 24025 24025 24025 24025 24025 24025 24025 24025 24025 24025 24025 24025 24025 24025 24025 24025 24025 24025 24025 24025 24025 24025 24025 24025 24025 24025 24025 24025 24025 24025 24025 24025 24025 24025 24025 24025 24025 24025 24025 24025 24025 24025 24025 24025 24025 24025 24025 24025 
5 3000 1 24025 24025 24025 1 4 0 24025 24025 24025 24025 24025 4 24025 24025 24025 24025 24025 24025 24025 2 24025 24025 24025 24025 24025 24025 24025 24025 24025 24025 24025 24025 24025 24025 24025 4 24025 24025 24025 24025 24025 24025 24025 24025 24025 24025 24025 24025 24025 24025 24025 24025 24025 24025 24025 24025 24025 24025 24025 24025 24025 24025 24025 24025 24025 24025 24025 1 24025 24025 24025 24025 24025 24025 24025 24025 24025 24025 24025 24025 24025 24025 24025 24025 24025 24025 24025 24025 24025 24025 24025 24025 24025 24025 24025 24025 24025 24025 24025 24025 24025 24025 24025 24025 24025 24025 24025 24025 24025 24025 24025 24025 24025 24025 24025 24025 24025 24025 24025 24025 24025 24025 24025 24025 24025 24025 24025 
6 3000 24025 0 24025 24025 2 0 24025 4 24025 24025 24025 24025 24025 2 24025 24025 24025 24025 24025 24025 24025 3 24025 24025 24025 24025 24025 24025 24025 24025 24025 24025 24025 24025 24025 24025 24025 4 24025 24025 24025 24025 24025 24025 24025 24025 24025 24025 24025 24025 24025 24025 24025 24025 24025 24025 24025 24025 24025 24025 24025 24025 24025 24025 24025 24025 24025 24025 24025 4 24025 24025 24025 24025 24025 24025 24025 24025 24025 24025 24025 24025 24025 24025 24025 24025 24025 24025 24025 24025 24025 24025 24025 24025 24025 24025 24025 24025 24025 24025 24025 24025 24025 24025 24025 24025 24025 24025 24025 24025 24025 24025 24025 24025 24025 24025 24025 24025 24025 24025 24025 24025 24025 24025 24025 24025 24025 24025 
7 3000 24025 24025 1 24025 1 24025 2 1 24025 24025 24025 24025 24025 24025 4 24025 24025 24025 24025 24025 24025 24025 2 24025 24025 24025 24025 24025 24025 24025 24025 24025 24025 24025 24025 24025 24025 24025 1 24025 24025 24025 24025 24025 24025 24025 24025 24025 24025 24025 24025 24025 24025 24025 24025 24025 24025 24025 24025 24025 24025 24025 24025 24025 24025 24025 24025 24025 24025 24025 1 24025 24025 24025 24025 24025 24025 24025 24025 24025 24025 24025 24025 24025 24025 24025 24025 24025 24025 24025 24025 24025 24025 24025 24025 24025 24025 24025 24025 24025 24025 24025 24025 24025 24025 24025 24025 24025 24025 24025 24025 24025 24025 24025 24025 24025 24025 24025 24025 24025 24025 24025 24025 24025 24025 24025 24025 24025 
8 3000 24025 24025 24025 4 24025 3 0 3 24025 24025 24025 24025 24025 24025 24025 4 24025 24025 24025 24025 24025 24025 24025 2 24025 24025 24025 24025 24025 24025 24025 24025 24025 24025 24025 24025 24025 24025 24025 1 24025 24025 24025 24025 24025 24025 24025 24025 24025 24025 24025 24025 24025 24025 24025 24025 24025 24025 24025 24025 24025 24025 24025 24025 24025 24025 24025 24025 24025 24025 24025 0 24025 24025 24025 24025 24025 24025 24025 24025 24025 24025 24025 24025 24025 24025 24025 24025 24025 24025 24025 24025 24025 24025 24025 24025 24025 24025 24025 24025 24025 24025 24025 24025 24025 24025 24025 24025 24025 24025 24025 24025 24025 24025 24025 24025 24025 24025 24025 24025 24025 24025 24025 24025 24025 24025 24025 24025 
9 3000 3 24025 24025 24025 24025 24025 24025 24025 3 4 2 24025 3 24025 24025 24025 24025 24025 24025 24025 24025 24025 24025 24025 1 24025 24025 24025 24025 24025 24025 24025 24025 24025 24025 24025 24025 24025 24025 24025 4 24025 24025 24025 24025 24025 24025 24025 24025 24025 24025 24025 24025 24025 24025 24025 24025 24025 24025 24025 24025 24025 24025 24025 24025 24025 24025 24025 24025 24025 24025 24025 4 24025 24025 24025 24025 24025 24025 24025 24025 24025 24025 24025 24025 24025 24025 24025 24025 24025 24025 24025 24025 24025 24025 24025 24025 24025 24025 24025 24025 24025 24025 24025 24025 24025 24025 24025 24025 24025 24025 24025 24025 24025 24025 24025 24025 24025 24025 24025 24025 24025 24025 24025 24025 24025 24025 24025 
10 3000 24025 0 24025 24025 24025 24025 24025 24025 3 1 24025 2 24025 3 24025 24025 24025 24025 24025 24025 24025 24025 24025 24025 24025 1 24025 24025 24025 24025 24025 24025 24025 24025 24025 24025 24025 24025 24025 24025 24025 3 24025 24025 24025 24025 24025 24025 24025 24025 24025 24025 24025 24025 24025 24025 24025 24025 24025 24025 24025 24025 24025 24025 24025 24025 24025 24025 24025 24025 24025 24025 24025 3 24025 24025 24025 24025 24025 24025 24025 24025 24025 24025 24025 24025 24025 24025 24025 24025 24025 24025 24025 24025 24025 24025 24025 24025 24025 24025 24025 24025 24025 24025 24025 24025 24025 24025 24025 24025 24025 24025 24025 24025 24025 24025 24025 24025 24025 24025 24025 24025 24025 24025 24025 24025 24025 24025 
11 3000 24025 24025 0 24025 24025 24025 24025 24025 0 24025 2 4 24025 24025 3 24025 24025 24025 24025 24025 24025 24025 24025 24025 24025 24025 2 24025 24025 24025 24025 24025 24025 24025 24025 24025 24025 24025 24025 24025 24025 24025 4 24025 24025 24025 24025 24025 24025 24025 24025 24025 24025 24025 24025 24025 24025 24025 24025 24025 24025 24025 24025 24025 24025 24025 24025 24025 24025 24025 24025 24025 24025 24025 4 24025 24025 24025 24025 24025 24025 24025 24025 24025 24025 24025 24025 24025 24025 24025 24025 24025 24025 24025 24025 24025 24025 24025 24025 24025 24025 24025 24025 24025 24025 24025 24025 24025 24025 24025 24025 24025 24025 24025 24025 24025 24025 24025 24025 24025 24025 24025 24025 24025 24025 24025 24025 24025 
12 3000 24025 24025 24025 3 24025 24025 24025 24025 24025 2 2 1 24025 24025 24025 3 24025 24025 24025 24025 24025 24025 24025 24025 24025 24025 24025 3 24025 24025 24025 24025 24025 24025 24025 24025 24025 24025 24025 24025 24025 24025 24025 0 24025 24025 24025 24025 24025 24025 24025 24025 24025 24025 24025 24025 24025 24025 24025 24025 24025 24025 24025 24025 24025 24025 24025 24025 24025 24025 24025 24025 24025 24025 24025 2 24025 24025 24025 24025 24025 24025 24025 24025 24025 24025 24025 24025 24025 24025 24025 24025 24025 24025 24025 24025 24025 24025 24025 24025 24025 24025 24025 24025 24025 24025 24025 24025 24025 24025 24025 24025 24025 24025 24025 24025 24025 24025 24025 24025 24025 24025 24025 24025 24025 24025 24025 24025 
13 3000 24025 24025 24025 24025 4 24025 24025 24025 0 24025 24025 24025 1 4 0 24025 24025 24025 24025 24025 24025 24025 24025 24025 24025 24025 24025 24025 4 24025 24025 24025 24025 24025 24025 24025 24025 24025 24025 24025 24025 24025 24025 24025 2 24025 24025 24025 24025 24025 24025 24025 24025 24025 24025 24025 24025 24025 24025 24025 24025 24025 24025 24025 24025 24025 24025 24025 24025 24025 24025 24025 24025 24025 24025 24025 0 24025 24025 24025 24025 24025 24025 24025 24025 24025 24025 24025 24025 24025 24025 24025 24025 24025 24025 24025 24025 24025 24025 24025 24025 24025 24025 24025 24025 24025 24025 24025 24025 24025 24025 24025 24025 24025 24025 24025 24025 24025 24025 24025 24025 24025 24025 24025 24025 24025 24025 24025 
14 3000 24025 24025 24025 24025 24025 0 24025 24025 24025 1 24025 24025 1 4 24025 3 24025 24025 24025 24025 24025 24025 24025 24025 24025 24025 24025 24025 24025 2 24025 24025 24025 24025 24025 24025 24025 24025 24025 24025 24025 24025 24025 24025 24025 2 24025 24025 24025 24025 24025 24025 24025 24025 24025 24025 24025 24025 24025 24025 24025 24025 24025 24025 24025 24025 24025 24025 24025 24025 24025 24025 24025 24025 24025 24025 24025 4 24025 24025 24025 24025 24025 24025 24025 24025 24025 24025 24025 24025 24025 24025 24025 24025 24025 24025 24025 24025 24025 24025 24025 24025 24025 24025 24025 24025 24025 24025 24025 24025 24025 24025 24025 24025 24025 24025 24025 24025 24025 24025 24025 24025 24025 24025 24025 24025 24025 24025 
15 3000 24025 24025 24025 24025 24025 24025 4 24025 24025 24025 1 24025 2 24025 2 2 24025 24025 24025 24025 24025 24025 24025 24025 24025 24025 24025 24025 24025 24025 4 24025 24025 24025 24025 24025 24025 24025 24025 24025 24025 24025 24025 24025 24025 24025 1 24025 24025 24025 24025 24025 24025 24025 24025 24025 24025 24025 24025 24025 24025 24025 24025 24025 24025 24025 24025 24025 24025 24025 24025 24025 24025 24025 24025 24025 24025 24025 2 24025 24025 24025 24025 24025 24025 24025 24025 24025 24025 24025 24025 24025 24025 24025 24025 24025 24025 24025 24025 24025 24025 24025 24025 24025 24025 24025 24025 24025 24025 24025 24025 24025 24025 24025 24025 24025 24025 24025 24025 24025 24025 24025 24025 24025 24025 24025 24025 24025 
16 3000 24025 24025 24025 24025 24025 24025 24025 4 24025 24025 24025 1 24025 1 2 4 24025 24025 24025 24025 24025 24025 24025 24025 24025 24025 24025 24025 24025 24025 24025 3 24025 24025 24025 24025 24025 24025 24025 24025 24025 24025 24025 24025 24025 24025 24025 4 24025 24025 24025 24025 24025 24025 24025 24025 24025 24025 24025 24025 24025 24025 24025 24025 24025 24025 24025 24025 24025 24025 24025 24025 24025 24025 24025 24025 24025 24025 24025 0 24025 24025 24025 24025 24025 24025 24025 24025 24025 24025 24025 24025 24025 24025 24025 24025 24025 24025 24025 24025 24025 24025 24025 24025 24025 24025 24025 24025 24025 24025 24025 24025 24025 24025 24025 24025 24025 24025 24025 24025 24025 24025 24025 24025 24025 24025 24025 24025 
17 3000 1 24025 24025 24025 24025 24025 24025 24025 24025 24025 24025 24025 24025 24025 24025 24025 0 4 4 24025 0 24025 24025 24025 4 24025 24025 24025 24025 24025 24025 24025 24025 24025 24025 24025 24025 24025 24025 24025 24025 24025 24025 24025 24025 24025 24025 24025 4 24025 24025 24025 24025 24025 24025 24025 24025 24025 24025 24025 24025 24025 24025 24025 24025 24025 24025 24025 24025 24025 24025 24025 24025 24025 24025 24025 24025 24025 24025 24025 0 24025 24025 24025 24025 24025 24025 24025 24025 24025 24025 24025 24025 24025 24025 24025 24025 24025 24025 24025 24025 24025 24025 24025 24025 24025 24025 24025 24025 24025 24025 24025 24025 24025 24025 24025 24025 24025 24025 24025 24025 24025 24025 24025 24025 24025 24025 24025 
18 3000 24025 2 24025 24025 24025 24025 24025 24025 24025 24025 24025 24025 24025 24025 24025 24025 0 2 24025 4 24025 3 24025 24025 24025 3 24025 24025 24025 24025 24025 24025 24025 24025 24025 24025 24025 24025 24025 24025 24025 24025 24025 24025 24025 24025 24025 24025 24025 4 24025 24025 24025 24025 24025 24025 24025 24025 24025 24025 24025 24025 24025 24025 24025 24025 24025 24025 24025 24025 24025 24025 24025 24025 24025 24025 24025 24025 24025 24025 24025 1 24025 24025 24025 24025 24025 24025 24025 24025 24025 24025 24025 24025 24025 24025 24025 24025 24025 24025 24025 24025 24025 24025 24025 24025 24025 24025 24025 24025 24025 24025 24025 24025 24025 24025 24025 24025 24025 24025 24025 24025 24025 24025 24025 24025 24025 24025 
19 3000 24025 24025 0 24025 24025 24025 24025 24025 24025 24025 24025 24025 24025 24025 24025 24025 3 24025 2 4 24025 24025 1 24025 24025 24025 2 24025 24025 24025 24025 24025 24025 24025 24025 24025 24025 24025 24025 24025 24025 24025 24025 24025 24025 24025 24025 24025 24025 24025 3 24025 24025 24025 24025 24025 24025 24025 24025 24025 24025 24025 24025 24025 24025 24025 24025 24025 24025 24025 24025 24025 24025 24025 24025 24025 24025 24025 24025 24025 24025 24025 3 24025 24025 24025 24025 24025 24025 24025 24025 24025 24025 24025 24025 24025 24025 24025 24025 24025 24025 24025 24025 24025 24025 24025 24025 24025 24025 24025 24025 24025 24025 24025 24025 24025 24025 24025 24025 24025 24025 24025 24025 24025 24025 24025 24025 24025 
20 3000 24025 24025 24025 4 24025 24025 24025 24025 24025 24025 24025 24025 24025 24025 24025 24025 24025 0 3 4 24025 24025 24025 3 24025 24025 24025 3 24025 24025 24025 24025 24025 24025 24025 24025 24025 24025 24025 24025 24025 24025 24025 24025 24025 24025 24025 24025 24025 24025 24025 2 24025 24025 24025 24025 24025 24025 24025 24025 24025 24025 24025 24025 24025 24025 24025 24025 24025 24025 24025 24025 24025 24025 24025 24025 24025 24025 24025 24025 24025 24025 24025 1 24025 24025 24025 24025 24025 24025 24025 24025 24025 24025 24025 24025 24025 24025 24025 24025 24025 24025 24025 24025 24025 24025 24025 24025 24025 24025 24025 24025 24025 24025 24025 24025 24025 24025 24025 24025 24025 24025 24025 24025 24025 24025 24025 24025 
21 3000 24025 24025 24025 24025 3 24025 24025 24025 24025 24025 24025 24025 24025 24025 24025 24025 4 24025 24025 24025 2 0 4 24025 24025 24025 24025 24025 1 24025 24025 24025 24025 24025 24025 24025 24025 24025 24025 24025 24025 24025 24025 24025 24025 24025 24025 24025 24025 24025 24025 24025 4 24025 24025 24025 24025 24025 24025 24025 24025 24025 24025 24025 24025 24025 24025 24025 24025 24025 24025 24025 24025 24025 24025 24025 24025 24025 24025 24025 24025 24025 24025 24025 2 24025 24025 24025 24025 24025 24025 24025 24025 24025 24025 24025 24025 24025 24025 24025 24025 24025 24025 24025 24025 24025 24025 24025 24025 24025 24025 24025 24025 24025 24025 24025 24025 24025 24025 24025 24025 24025 24025 24025 24025 24025 24025 24025 
22 3000 24025 24025 24025 24025 24025 4 24025 24025 24025 24025 24025 24025 24025 24025 24025 24025 24025 0 24025 24025 2 1 24025 4 24025 24025 24025 24025 24025 0 24025 24025 24025 24025 24025 24025 24025 24025 24025 24025 24025 24025 24025 24025 24025 24025 24025 24025 24025 24025 24025 24025 24025 4 24025 24025 24025 24025 24025 24025 24025 24025 24025 24025 24025 24025 24025 24025 24025 24025 24025 24025 24025 24025 24025 24025 24025 24025 24025 24025 24025 24025 24025 24025 24025 0 24025 24025 24025 24025 24025 24025 24025 24025 24025 24025 24025 24025 24025 24025 24025 24025 24025 24025 24025 24025 24025 24025 24025 24025 24025 24025 24025 24025 24025 24025 24025 24025 24025 24025 24025 24025 24025 24025 24025 24025 24025 24025 
23 3000 24025 24025 24025 24025 24025 24025 3 24025 24025 24025 24025 24025 24025 24025 24025 24025 24025 24025 1 24025 1 24025 1 1 24025 24025 24025 24025 24025 24025 3 24025 24025 24025 24025 24025 24025 24025 24025 24025 24025 24025 24025 24025 24025 24025 24025 24025 24025 24025 24025 24025 24025 24025 4 24025 24025 24025 24025 24025 24025 24025 24025 24025 24025 24025 24025 24025 24025 24025 24025 24025 24025 24025 24025 24025 24025 24025 24025 24025 24025 24025 24025 24025 24025 24025 0 24025 24025 24025 24025 24025 24025 24025 24025 24025 24025 24025 24025 24025 24025 24025 24025 24025 24025 24025 24025 24025 24025 24025 24025 24025 24025 24025 24025 24025 24025 24025 24025 24025 24025 24025 24025 24025 24025 24025 24025 24025 
24 3000 24025 24025 24025 24025 24025 24025 24025 2 24025 24025 24025 24025 24025 24025 24025 24025 24025 24025 24025 3 24025 2 2 4 24025 24025 24025 24025 24025 24025 24025 2 24025 24025 24025 24025 24025 24025 24025 24025 24025 24025 24025 24025 24025 24025 24025 24025 24025 24025 24025 24025 24025 24025 24025 3 24025 24025 24025 24025 24025 24025 24025 24025 24025 24025 24025 24025 24025 24025 24025 24025 24025 24025 24025 24025 24025 24025 24025 24025 24025 24025 24025 24025 24025 24025 24025 2 24025 24025 24025 24025 24025 24025 24025 24025 24025 24025 24025 24025 24025 24025 24025 24025 24025 24025 24025 24025 24025 24025 24025 24025 24025 24025 24025 24025 24025 24025 24025 24025 24025 24025 24025 24025 24025 24025 24025 24025 
25 3000 24025 24025 24025 24025 24025 24025 24025 24025 0 24025 24025 24025 24025 24025 24025 24025 4 24025 24025 24025 24025 24025 24025 24025 3 1 0 24025 3 24025 24025 24025 24025 24025 24025 24025 24025 24025 24025 24025 24025 24025 24025 24025 24025 24025 24025 24025 24025 24025 24025 24025 24025 24025 24025 24025 3 24025 24025 24025 24025 24025 24025 24025 24025 24025 24025 24025 24025 24025 24025 24025 24025 24025 24025 24025 24025 24025 24025 24025 24025 24025 24025 24025 24025 24025 24025 24025 0 24025 24025 24025 24025 24025 24025 24025 24025 24025 24025 24025 24025 24025 24025 24025 24025 24025 24025 24025 24025 24025 24025 24025 24025 24025 24025 24025 24025 24025 24025 24025 24025 24025 24025 24025 24025 24025 24025 24025 
26 3000 24025 24025 24025 24025 24025 24025 24025 24025 24025 3 24025 24025 24025 24025 24025 24025 24025 0 24025 24025 24025 24025 24025 24025 1 1 24025 0 24025 0 24025 24025 24025 24025 24025 24025 24025 24025 24025 24025 24025 24025 24025 24025 24025 24025 24025 24025 24025 24025 24025 24025 24025 24025 24025 24025 24025 1 24025 24025 24025 24025 24025 24025 24025 24025 24025 24025 24025 24025 24025 24025 24025 24025 24025 24025 24025 24025 24025 24025 24025 24025 24025 24025 24025 24025 24025 24025 24025 0 24025 24025 24025 24025 24025 24025 24025 24025 24025 24025 24025 24025 24025 24025 24025 24025 24025 24025 24025 24025 24025 24025 24025 24025 24025 24025 24025 24025 24025 24025 24025 24025 24025 24025 24025 24025 24025 24025 
27 3000 24025 24025 24025 24025 24025 24025 24025 24025 24025 24025 4 24025 24025 24025 24025 24025 24025 24025 2 24025 24025 24025 24025 24025 4 24025 3 2 24025 24025 2 24025 24025 24025 24025 24025 24025 24025 24025 24025 24025 24025 24025 24025 24025 24025 24025 24025 24025 24025 24025 24025 24025 24025 24025 24025 24025 24025 2 24025 24025 24025 24025 24025 24025 24025 24025 24025 24025 24025 24025 24025 24025 24025 24025 24025 24025 24025 24025 24025 24025 24025 24025 24025 24025 24025 24025 24025 24025 24025 0 24025 24025 24025 24025 24025 24025 24025 24025 24025 24025 24025 24025 24025 24025 24025 24025 24025 24025 24025 24025 24025 24025 24025 24025 24025 24025 24025 24025 24025 24025 24025 24025 24025 24025 24025 24025 24025 
28 3000 24025 24025 24025 24025 24025 24025 24025 24025 24025 24025 24025 2 24025 24025 24025 24025 24025 24025 24025 4 24025 24025 24025 24025 24025 1 1 0 24025 24025 24025 3 24025 24025 24025 24025 24025 24025 24025 24025 24025 24025 24025 24025 24025 24025 24025 24025 24025 24025 24025 24025 24025 24025 24025 24025 24025 24025 24025 3 24025 24025 24025 24025 24025 24025 24025 24025 24025 24025 24025 24025 24025 24025 24025 24025 24025 24025 24025 24025 24025 24025 24025 24025 24025 24025 24025 24025 24025 24025 24025 4 24025 24025 24025 24025 24025 24025 24025 24025 24025 24025 24025 24025 24025 24025 24025 24025 24025 24025 24025 24025 24025 24025 24025 24025 24025 24025 24025 24025 24025 24025 24025 24025 24025 24025 24025 24025 
29 3000 24025 24025 24025 24025 24025 24025 24025 24025 24025 24025 24025 24025 0 24025 24025 24025 24025 24025 24025 24025 1 24025 24025 24025 0 24025 24025 24025 4 0 3 24025 24025 24025 24025 24025 24025 24025 24025 24025 24025 24025 24025 24025 24025 24025 24025 24025 24025 24025 24025 24025 24025 24025 24025 24025 24025 24025 24025 24025 3 24025 24025 24025 24025 24025 24025 24025 24025 24025 24025 24025 24025 24025 24025 24025 24025 24025 24025 24025 24025 24025 24025 24025 24025 24025 24025 24025 24025 24025 24025 24025 3 24025 24025 24025 24025 24025 24025 24025 24025 24025 24025 24025 24025 24025 24025 24025 24025 24025 24025 24025 24025 24025 24025 24025 24025 24025 24025 24025 24025 24025 24025 24025 24025 24025 24025 24025 
30 3000 24025 24025 24025 24025 24025 24025 24025 24025 24025 24025 24025 24025 24025 0 24025 24025 24025 24025 24025 24025 24025 2 24025 24025 24025 1 24025 24025 0 0 24025 4 24025 24025 24025 24025 24025 24025 24025 24025 24025 24025 24025 24025 24025 24025 24025 24025 24025 24025 24025 24025 24025 24025 24025 24025 24025 24025 24025 24025 24025 1 24025 24025 24025 24025 24025 24025 24025 24025 24025 24025 24025 24025 24025 24025 24025 24025 24025 24025 24025 24025 24025 24025 24025 24025 24025 24025 24025 24025 24025 24025 24025 2 24025 24025 24025 24025 24025 24025 24025 24025 24025 24025 24025 24025 24025 24025 24025 24025 24025 24025 24025 24025 24025 24025 24025 24025 24025 24025 24025 24025 24025 24025 24025 24025 24025 24025 
31 3000 24025 24025 24025 24025 24025 24025 24025 24025 24025 24025 24025 24025 24025 24025 4 24025 24025 24025 24025 24025 24025 24025 2 24025 24025 24025 4 24025 2 24025 0 4 24025 24025 24025 24025 24025 24025 24025 24025 24025 24025 24025 24025 24025 24025 24025 24025 24025 24025 24025 24025 24025 24025 24025 24025 24025 24025 24025 24025 24025 24025 0 24025 24025 24025 24025 24025 24025 24025 24025 24025 24025 24025 24025 24025 24025 24025 24025 24025 24025 24025 24025 24025 24025 24025 24025 24025 24025 24025 24025 24025 24025 24025 4 24025 24025 24025 24025 24025 24025 24025 24025 24025 24025 24025 24025 24025 24025 24025 24025 24025 24025 24025 24025 24025 24025 24025 24025 24025 24025 24025 24025 24025 24025 24025 24025 24025 
32 3000 24025 24025 24025 24025 24025 24025 24025 24025 24025 24025 24025 24025 24025 24025 24025 2 24025 24025 24025 24025 24025 24025 24025 2 24025 24025 24025 2 24025 4 0 3 24025 24025 24025 24025 24025 24025 24025 24025 24025 24025 24025 24025 24025 24025 24025 24025 24025 24025 24025 24025 24025 24025 24025 24025 24025 24025 24025 24025 24025 24025 24025 4 24025 24025 24025 24025 24025 24025 24025 24025 24025 24025 24025 24025 24025 24025 24025 24025 24025 24025 24025 24025 24025 24025 24025 24025 24025 24025 24025 24025 24025 24025 24025 0 24025 24025 24025 24025 24025 24025 24025 24025 24025 24025 24025 24025 24025 24025 24025 24025 24025 24025 24025 24025 24025 24025 24025 24025 24025 24025 24025 24025 24025 24025 24025 24025 
33 3000 0 24025 24025 24025 24025 24025 24025 24025 24025 24025 24025 24025 24025 24025 24025 24025 24025 24025 24025 24025 24025 24025 24025 24025 24025 24025 24025 24025 24025 24025 24025 24025 0 3 2 24025 1 24025 24025 24025 1 24025 24025 24025 24025 24025 24025 24025 0 24025 24025 24025 24025 24025 24025 24025 24025 24025 24025 24025 24025 24025 24025 24025 24025 24025 24025 24025 24025 24025 24025 24025 24025 24025 24025 24025 24025 24025 24025 24025 24025 24025 24025 24025 24025 24025 24025 24025 24025 24025 24025 24025 24025 24025 24025 24025 3 24025 24025 24025 24025 24025 24025 24025 24025 24025 24025 24025 24025 24025 24025 24025 24025 24025 24025 24025 24025 24025 24025 24025 24025 24025 24025 24025 24025 24025 24025 24025 
34 3000 24025 1 24025 24025 24025 24025 24025 24025 24025 24025 24025 24025 24025 24025 24025 24025 24025 24025 24025 24025 24025 24025 24025 24025 24025 24025 24025 24025 24025 24025 24025 24025 2 0 24025 0 24025 3 24025 24025 24025 4 24025 24025 24025 24025 24025 24025 24025 3 24025 24025 24025 24025 24025 24025 24025 24025 24025 24025 24025 24025 24025 24025 24025 24025 24025 24025 24025 24025 24025 24025 24025 24025 24025 24025 24025 24025 24025 24025 24025 24025 24025 24025 24025 24025 24025 24025 24025 24025 24025 24025 24025 24025 24025 24025 24025 1 24025 24025 24025 24025 24025 24025 24025 24025 24025 24025 24025 24025 24025 24025 24025 24025 24025 24025 24025 24025 24025 24025 24025 24025 24025 24025 24025 24025 24025 24025 
35 3000 24025 24025 3 24025 24025 24025 24025 24025 24025 24025 24025 24025 24025 24025 24025 24025 24025 24025 24025 24025 24025 24025 24025 24025 24025 24025 24025 24025 24025 24025 24025 24025 2 24025 2 1 24025 24025 3 24025 24025 24025 0 24025 24025 24025 24025 24025 24025 24025 3 24025 24025 24025 24025 24025 24025 24025 24025 24025 24025 24025 24025 24025 24025 24025 24025 24025 24025 24025 24025 24025 24025 24025 24025 24025 24025 24025 24025 24025 24025 24025 24025 24025 24025 24025 24025 24025 24025 24025 24025 24025 24025 24025 24025 24025 24025 24025 4 24025 24025 24025 24025 24025 24025 24025 24025 24025 24025 24025 24025 24025 24025 24025 24025 24025 24025 24025 24025 24025 24025 24025 24025 24025 24025 24025 24025 24025 
36 3000 24025 24025 24025 3 24025 24025 24025 24025 24025 24025 24025 24025 24025 24025 24025 24025 24025 24025 24025 24025 24025 24025 24025 24025 24025 24025 24025 24025 24025 24025 24025 24025 24025 4 4 2 24025 24025 24025 2 24025 24025 24025 1 24025 24025 24025 24025 24025 24025 24025 3 24025 24025 24025 24025 24025 24025 24025 24025 24025 24025 24025 24025 24025 24025 24025 24025 24025 24025 24025 24025 24025 24025 24025 24025 24025 24025 24025 24025 24025 24025 24025 24025 24025 24025 24025 24025 24025 24025 24025 24025 24025 24025 24025 24025 24025 24025 24025 4 24025 24025 24025 24025 24025 24025 24025 24025 24025 24025 24025 24025 24025 24025 24025 24025 24025 24025 24025 24025 24025 24025 24025 24025 24025 24025 24025 24025 
37 3000 24025 24025 24025 24025 1 24025 24025 24025 24025 24025 24025 24025 24025 24025 24025 24025 24025 24025 24025 24025 24025 24025 24025 24025 24025 24025 24025 24025 24025 24025 24025 24025 2 24025 24025 24025 2 4 1 24025 24025 24025 24025 24025 1 24025 24025 24025 24025 24025 24025 24025 0 24025 24025 24025 24025 24025 24025 24025 24025 24025 24025 24025 24025 24025 24025 24025 24025 24025 24025 24025 24025 24025 24025 24025 24025 24025 24025 24025 24025 24025 24025 24025 24025 24025 24025 24025 24025 24025 24025 24025 24025 24025 24025 24025 24025 24025 24025 24025 2 24025 24025 24025 24025 24025 24025 24025 24025 24025 24025 24025 24025 24025 24025 24025 24025 24025 24025 24025 24025 24025 24025 24025 24025 24025 24025 24025 
38 3000 24025 24025 24025 24025 24025 2 24025 24025 24025 24025 24025 24025 24025 24025 24025 24025 24025 24025 24025 24025 24025 24025 24025 24025 24025 24025 24025 24025 24025 24025 24025 24025 24025 0 24025 24025 2 4 24025 0 24025 24025 24025 24025 24025 2 24025 24025 24025 24025 24025 24025 24025 1 24025 24025 24025 24025 24025 24025 24025 24025 24025 24025 24025 24025 24025 24025 24025 24025 24025 24025 24025 24025 24025 24025 24025 24025 24025 24025 24025 24025 24025 24025 24025 24025 24025 24025 24025 24025 24025 24025 24025 24025 24025 24025 24025 24025 24025 24025 24025 3 24025 24025 24025 24025 24025 24025 24025 24025 24025 24025 24025 24025 24025 24025 24025 24025 24025 24025 24025 24025 24025 24025 24025 24025 24025 24025 
39 3000 24025 24025 24025 24025 24025 24025 2 24025 24025 24025 24025 24025 24025 24025 24025 24025 24025 24025 24025 24025 24025 24025 24025 24025 24025 24025 24025 24025 24025 24025 24025 24025 24025 24025 1 24025 0 24025 2 0 24025 24025 24025 24025 24025 24025 2 24025 24025 24025 24025 24025 24025 24025 0 24025 24025 24025 24025 24025 24025 24025 24025 24025 24025 24025 24025 24025 24025 24025 24025 24025 24025 24025 24025 24025 24025 24025 24025 24025 24025 24025 24025 24025 24025 24025 24025 24025 24025 24025 24025 24025 24025 24025 24025 24025 24025 24025 24025 24025 24025 24025 0 24025 24025 24025 24025 24025 24025 24025 24025 24025 24025 24025 24025 24025 24025 24025 24025 24025 24025 24025 24025 24025 24025 24025 24025 24025 
40 3000 24025 24025 24025 24025 24025 24025 24025 1 24025 24025 24025 24025 24025 24025 24025 24025 24025 24025 24025 24025 24025 24025 24025 24025 24025 24025 24025 24025 24025 24025 24025 24025 24025 24025 24025 0 24025 0 4 2 24025 24025 24025 24025 24025 24025 24025 4 24025 24025 24025 24025 24025 24025 24025 2 24025 24025 24025 24025 24025 24025 24025 24025 24025 24025 24025 24025 24025 24025 24025 24025 24025 24025 24025 24025 24025 24025 24025 24025 24025 24025 24025 24025 24025 24025 24025 24025 24025 24025 24025 24025 24025 24025 24025 24025 24025 24025 24025 24025 24025 24025 24025 3 24025 24025 24025 24025 24025 24025 24025 24025 24025 24025 24025 24025 24025 24025 24025 24025 24025 24025 24025 24025 24025 24025 24025 24025 
41 3000 24025 24025 24025 24025 24025 24025 24025 24025 4 24025 24025 24025 24025 24025 24025 24025 24025 24025 24025 24025 24025 24025 24025 24025 24025 24025 24025 24025 24025 24025 24025 24025 4 24025 24025 24025 24025 24025 24025 24025 3 4 2 24025 2 24025 24025 24025 24025 24025 24025 24025 24025 24025 24025 24025 0 24025 24025 24025 24025 24025 24025 24025 24025 24025 24025 24025 24025 24025 24025 24025 24025 24025 24025 24025 24025 24025 24025 24025 24025 24025 24025 24025 24025 24025 24025 24025 24025 24025 24025 24025 24025 24025 24025 24025 24025 24025 24025 24025 24025 24025 24025 24025 2 24025 24025 24025 24025 24025 24025 24025 24025 24025 24025 24025 24025 24025 24025 24025 24025 24025 24025 24025 24025 24025 24025 24025 
42 3000 24025 24025 24025 24025 24025 24025 24025 24025 24025 0 24025 24025 24025 24025 24025 24025 24025 24025 24025 24025 24025 24025 24025 24025 24025 24025 24025 24025 24025 24025 24025 24025 24025 4 24025 24025 24025 24025 24025 24025 0 4 24025 4 24025 4 24025 24025 24025 24025 24025 24025 24025 24025 24025 24025 24025 3 24025 24025 24025 24025 24025 24025 24025 24025 24025 24025 24025 24025 24025 24025 24025 24025 24025 24025 24025 24025 24025 24025 24025 24025 24025 24025 24025 24025 24025 24025 24025 24025 24025 24025 24025 24025 24025 24025 24025 24025 24025 24025 24025 24025 24025 24025 24025 3 24025 24025 24025 24025 24025 24025 24025 24025 24025 24025 24025 24025 24025 24025 24025 24025 24025 24025 24025 24025 24025 24025 
43 3000 24025 24025 24025 24025 24025 24025 24025 24025 24025 24025 0 24025 24025 24025 24025 24025 24025 24025 24025 24025 24025 24025 24025 24025 24025 24025 24025 24025 24025 24025 24025 24025 24025 24025 0 24025 24025 24025 24025 24025 3 24025 0 4 24025 24025 2 24025 24025 24025 24025 24025 24025 24025 24025 24025 24025 24025 1 24025 24025 24025 24025 24025 24025 24025 24025 24025 24025 24025 24025 24025 24025 24025 24025 24025 24025 24025 24025 24025 24025 24025 24025 24025 24025 24025 24025 24025 24025 24025 24025 24025 24025 24025 24025 24025 24025 24025 24025 24025 24025 24025 24025 24025 24025 24025 3 24025 24025 24025 24025 24025 24025 24025 24025 24025 24025 24025 24025 24025 24025 24025 24025 24025 24025 24025 24025 24025 
44 3000 24025 24025 24025 24025 24025 24025 24025 24025 24025 24025 24025 1 24025 24025 24025 24025 24025 24025 24025 24025 24025 24025 24025 24025 24025 24025 24025 24025 24025 24025 24025 24025 24025 24025 24025 2 24025 24025 24025 24025 24025 1 3 2 24025 24025 24025 2 24025 24025 24025 24025 24025 24025 24025 24025 24025 24025 24025 0 24025 24025 24025 24025 24025 24025 24025 24025 24025 24025 24025 24025 24025 24025 24025 24025 24025 24025 24025 24025 24025 24025 24025 24025 24025 24025 24025 24025 24025 24025 24025 24025 24025 24025 24025 24025 24025 24025 24025 24025 24025 24025 24025 24025 24025 24025 24025 4 24025 24025 24025 24025 24025 24025 24025 24025 24025 24025 24025 24025 24025 24025 24025 24025 24025 24025 24025 24025 
45 3000 24025 24025 24025 24025 24025 24025 24025 24025 24025 24025 24025 24025 0 24025 24025 24025 24025 24025 24025 24025 24025 24025 24025 24025 24025 24025 24025 24025 24025 24025 24025 24025 24025 24025 24025 24025 2 24025 24025 24025 4 24025 24025 24025 4 2 2 24025 24025 24025 24025 24025 24025 24025 24025 24025 24025 24025 24025 24025 4 24025 24025 24025 24025 24025 24025 24025 24025 24025 24025 24025 24025 24025 24025 24025 24025 24025 24025 24025 24025 24025 24025 24025 24025 24025 24025 24025 24025 24025 24025 24025 24025 24025 24025 24025 24025 24025 24025 24025 24025 24025 24025 24025 24025 24025 24025 24025 4 24025 24025 24025 24025 24025 24025 24025 24025 24025 24025 24025 24025 24025 24025 24025 24025 24025 24025 24025 
46 3000 24025 24025 24025 24025 24025 24025 24025 24025 24025 24025 24025 24025 24025 4 24025 24025 24025 24025 24025 24025 24025 24025 24025 24025 24025 24025 24025 24025 24025 24025 24025 24025 24025 24025 24025 24025 24025 2 24025 24025 24025 1 24025 24025 0 3 24025 4 24025 24025 24025 24025 24025 24025 24025 24025 24025 24025 24025 24025 24025 3 24025 24025 24025 24025 24025 24025 24025 24025 24025 24025 24025 24025 24025 24025 24025 24025 24025 24025 24025 24025 24025 24025 24025 24025 24025 24025 24025 24025 24025 24025 24025 24025 24025 24025 24025 24025 24025 24025 24025 24025 24025 24025 24025 24025 24025 24025 24025 0 24025 24025 24025 24025 24025 24025 24025 24025 24025 24025 24025 24025 24025 24025 24025 24025 24025 24025 
47 3000 24025 24025 24025 24025 24025 24025 24025 24025 24025 24025 24025 24025 24025 24025 1 24025 24025 24025 24025 24025 24025 24025 24025 24025 24025 24025 24025 24025 24025 24025 24025 24025 24025 24025 24025 24025 24025 24025 4 24025 24025 24025 1 24025 3 24025 2 0 24025 24025 24025 24025 24025 24025 24025 24025 24025 24025 24025 24025 24025 24025 2 24025 24025 24025 24025 24025 24025 24025 24025 24025 24025 24025 24025 24025 24025 24025 24025 24025 24025 24025 24025 24025 24025 24025 24025 24025 24025 24025 24025 24025 24025 24025 24025 24025 24025 24025 24025 24025 24025 24025 24025 24025 24025 24025 24025 24025 24025 24025 1 24025 24025 24025 24025 24025 24025 24025 24025 24025 24025 24025 24025 24025 24025 24025 24025 24025 
48 3000 24025 24025 24025 24025 24025 24025 24025 24025 24025 24025 24025 24025 24025 24025 24025 4 24025 24025 24025 24025 24025 24025 24025 24025 24025 24025 24025 24025 24025 24025 24025 24025 24025 24025 24025 24025 24025 24025 24025 2 24025 24025 24025 0 24025 4 3 1 24025 24025 24025 24025 24025 24025 24025 24025 24025 24025 24025 24025 24025 24025 24025 3 24025 24025 24025 24025 24025 24025 24025 24025 24025 24025 24025 24025 24025 24025 24025 24025 24025 24025 24025 24025 24025 24025 24025 24025 24025 24025 24025 24025 24025 24025 24025 24025 24025 24025 24025 24025 24025 24025 24025 24025 24025 24025 24025 24025 24025 24025 24025 4 24025 24025 24025 24025 24025 24025 24025 24025 24025 24025 24025 24025 24025 24025 24025 24025 
49 3000 24025 24025 24025 24025 24025 24025 24025 24025 24025 24025 24025 24025 24025 24025 24025 24025 1 24025 24025 24025 24025 24025 24025 24025 24025 24025 24025 24025 24025 24025 24025 24025 4 24025 24025 24025 24025 24025 24025 24025 24025 24025 24025 24025 24025 24025 24025 24025 4 4 0 24025 2 24025 24025 24025 4 24025 24025 24025 24025 24025 24025 24025 24025 24025 24025 24025 24025 24025 24025 24025 24025 24025 24025 24025 24025 24025 24025 24025 24025 24025 24025 24025 24025 24025 24025 24025 24025 24025 24025 24025 24025 24025 24025 24025 24025 24025 24025 24025 24025 24025 24025 24025 24025 24025 24025 24025 24025 24025 24025 24025 2 24025 24025 24025 24025 24025 24025 24025 24025 24025 24025 24025 24025 24025 24025 24025 
50 3000 24025 24025 24025 24025 24025 24025 24025 24025 24025 24025 24025 24025 24025 24025 24025 24025 24025 2 24025 24025 24025 24025 24025 24025 24025 24025 24025 24025 24025 24025 24025 24025 24025 0 24025 24025 24025 24025 24025 24025 24025 24025 24025 24025 24025 24025 24025 24025 0 2 24025 0 24025 2 24025 24025 24025 1 24025 24025 24025 24025 24025 24025 24025 24025 24025 24025 24025 24025 24025 24025 24025 24025 24025 24025 24025 24025 24025 24025 24025 24025 24025 24025 24025 24025 24025 24025 24025 24025 24025 24025 24025 24025 24025 24025 24025 24025 24025 24025 24025 24025 24025 24025 24025 24025 24025 24025 24025 24025 24025 24025 24025 4 24025 24025 24025 24025 24025 24025 24025 24025 24025 24025 24025 24025 24025 24025 
51 3000 24025 24025 24025 24025 24025 24025 24025 24025 24025 24025 24025 24025 24025 24025 24025 24025 24025 24025 1 24025 24025 24025 24025 24025 24025 24025 24025 24025 24025 24025 24025 24025 24025 24025 1 24025 24025 24025 24025 24025 24025 24025 24025 24025 24025 24025 24025 24025 3 24025 3 4 24025 24025 0 24025 24025 24025 2 24025 24025 24025 24025 24025 24025 24025 24025 24025 24025 24025 24025 24025 24025 24025 24025 24025 24025 24025 24025 24025 24025 24025 24025 24025 24025 24025 24025 24025 24025 24025 24025 24025 24025 24025 24025 24025 24025 24025 24025 24025 24025 24025 24025 24025 24025 24025 24025 24025 24025 24025 24025 24025 24025 24025 4 24025 24025 24025 24025 24025 24025 24025 24025 24025 24025 24025 24025 24025 
52 3000 24025 24025 24025 24025 24025 24025 24025 24025 24025 24025 24025 24025 24025 24025 24025 24025 24025 24025 24025 1 24025 24025 24025 24025 24025 24025 24025 24025 24025 24025 24025 24025 24025 24025 24025 1 24025 24025 24025 24025 24025 24025 24025 24025 24025 24025 24025 24025 24025 2 1 3 24025 24025 24025 1 24025 24025 24025 3 24025 24025 24025 24025 24025 24025 24025 24025 24025 24025 24025 24025 24025 24025 24025 24025 24025 24025 24025 24025 24025 24025 24025 24025 24025 24025 24025 24025 24025 24025 24025 24025 24025 24025 24025 24025 24025 24025 24025 24025 24025 24025 24025 24025 24025 24025 24025 24025 24025 24025 24025 24025 24025 24025 24025 4 24025 24025 24025 24025 24025 24025 24025 24025 24025 24025 24025 24025 
53 3000 24025 24025 24025 24025 24025 24025 24025 24025 24025 24025 24025 24025 24025 24025 24025 24025 24025 24025 24025 24025 1 24025 24025 24025 24025 24025 24025 24025 24025 24025 24025 24025 24025 24025 24025 24025 2 24025 24025 24025 24025 24025 24025 24025 24025 24025 24025 24025 3 24025 24025 24025 1 4 4 24025 24025 24025 24025 24025 3 24025 24025 24025 24025 24025 24025 24025 24025 24025 24025 24025 24025 24025 24025 24025 24025 24025 24025 24025 24025 24025 24025 24025 24025 24025 24025 24025 24025 24025 24025 24025 24025 24025 24025 24025 24025 24025 24025 24025 24025 24025 24025 24025 24025 24025 24025 24025 24025 24025 24025 24025 24025 24025 24025 24025 3 24025 24025 24025 24025 24025 24025 24025 24025 24025 24025 24025 
54 3000 24025 24025 24025 24025 24025 24025 24025 24025 24025 24025 24025 24025 24025 24025 24025 24025 24025 24025 24025 24025 24025 1 24025 24025 24025 24025 24025 24025 24025 24025 24025 24025 24025 24025 24025 24025 24025 0 24025 24025 24025 24025 24025 24025 24025 24025 24025 24025 24025 4 24025 24025 4 1 24025 1 24025 24025 24025 24025 24025 3 24025 24025 24025 24025 24025 24025 24025 24025 24025 24025 24025 24025 24025 24025 24025 24025 24025 24025 24025 24025 24025 24025 24025 24025 24025 24025 24025 24025 24025 24025 24025 24025 24025 24025 24025 24025 24025 24025 24025 24025 24025 24025 24025 24025 24025 24025 24025 24025 24025 24025 24025 24025 24025 24025 24025 0 24025 24025 24025 24025 24025 24025 24025 24025 24025 24025 
55 3000 24025 24025 24025 24025 24025 24025 24025 24025 24025 24025 24025 24025 24025 24025 24025 24025 24025 24025 24025 24025 24025 24025 2 24025 24025 24025 24025 24025 24025 24025 24025 24025 24025 24025 24025 24025 24025 24025 0 24025 24025 24025 24025 24025 24025 24025 24025 24025 24025 24025 0 24025 4 24025 4 2 24025 24025 24025 24025 24025 24025 4 24025 24025 24025 24025 24025 24025 24025 24025 24025 24025 24025 24025 24025 24025 24025 24025 24025 24025 24025 24025 24025 24025 24025 24025 24025 24025 24025 24025 24025 24025 24025 24025 24025 24025 24025 24025 24025 24025 24025 24025 24025 24025 24025 24025 24025 24025 24025 24025 24025 24025 24025 24025 24025 24025 24025 0 24025 24025 24025 24025 24025 24025 24025 24025 24025 
56 3000 24025 24025 24025 24025 24025 24025 24025 24025 24025 24025 24025 24025 24025 24025 24025 24025 24025 24025 24025 24025 24025 24025 24025 1 24025 24025 24025 24025 24025 24025 24025 24025 24025 24025 24025 24025 24025 24025 24025 4 24025 24025 24025 24025 24025 24025 24025 24025 24025 24025 24025 2 24025 0 3 0 24025 24025 24025 24025 24025 24025 24025 0 24025 24025 24025 24025 24025 24025 24025 24025 24025 24025 24025 24025 24025 24025 24025 24025 24025 24025 24025 24025 24025 24025 24025 24025 24025 24025 24025 24025 24025 24025 24025 24025 24025 24025 24025 24025 24025 24025 24025 24025 24025 24025 24025 24025 24025 24025 24025 24025 24025 24025 24025 24025 24025 24025 24025 4 24025 24025 24025 24025 24025 24025 24025 24025 
57 3000 24025 24025 24025 24025 24025 24025 24025 24025 24025 24025 24025 24025 24025 24025 24025 24025 24025 24025 24025 24025 24025 24025 24025 24025 2 24025 24025 24025 24025 24025 24025 24025 24025 24025 24025 24025 24025 24025 24025 24025 1 24025 24025 24025 24025 24025 24025 24025 3 24025 24025 24025 24025 24025 24025 24025 2 1 0 24025 1 24025 24025 24025 24025 24025 24025 24025 24025 24025 24025 24025 24025 24025 24025 24025 24025 24025 24025 24025 24025 24025 24025 24025 24025 24025 24025 24025 24025 24025 24025 24025 24025 24025 24025 24025 24025 24025 24025 24025 24025 24025 24025 24025 24025 24025 24025 24025 24025 24025 24025 24025 24025 24025 24025 24025 24025 24025 24025 24025 0 24025 24025 24025 24025 24025 24025 24025 
58 3000 24025 24025 24025 24025 24025 24025 24025 24025 24025 24025 24025 24025 24025 24025 24025 24025 24025 24025 24025 24025 24025 24025 24025 24025 24025 3 24025 24025 24025 24025 24025 24025 24025 24025 24025 24025 24025 24025 24025 24025 24025 3 24025 24025 24025 24025 24025 24025 24025 1 24025 24025 24025 24025 24025 24025 4 2 24025 3 24025 3 24025 24025 24025 24025 24025 24025 24025 24025 24025 24025 24025 24025 24025 24025 24025 24025 24025 24025 24025 24025 24025 24025 24025 24025 24025 24025 24025 24025 24025 24025 24025 24025 24025 24025 24025 24025 24025 24025 24025 24025 24025 24025 24025 24025 24025 24025 24025 24025 24025 24025 24025 24025 24025 24025 24025 24025 24025 24025 24025 0 24025 24025 24025 24025 24025 24025 
59 3000 24025 24025 24025 24025 24025 24025 24025 24025 24025 24025 24025 24025 24025 24025 24025 24025 24025 24025 24025 24025 24025 24025 24025 24025 24025 24025 1 24025 24025 24025 24025 24025 24025 24025 24025 24025 24025 24025 24025 24025 24025 24025 2 24025 24025 24025 24025 24025 24025 24025 1 24025 24025 24025 24025 24025 4 24025 4 4 24025 24025 3 24025 24025 24025 24025 24025 24025 24025 24025 24025 24025 24025 24025 24025 24025 24025 24025 24025 24025 24025 24025 24025 24025 24025 24025 24025 24025 24025 24025 24025 24025 24025 24025 24025 24025 24025 24025 24025 24025 24025 24025 24025 24025 24025 24025 24025 24025 24025 24025 24025 24025 24025 24025 24025 24025 24025 24025 24025 24025 24025 2 24025 24025 24025 24025 24025 
60 3000 24025 24025 24025 24025 24025 24025 24025 24025 24025 24025 24025 24025 24025 24025 24025 24025 24025 24025 24025 24025 24025 24025 24025 24025 24025 24025 24025 4 24025 24025 24025 24025 24025 24025 24025 24025 24025 24025 24025 24025 24025 24025 24025 3 24025 24025 24025 24025 24025 24025 24025 4 24025 24025 24025 24025 24025 3 2 1 24025 24025 24025 1 24025 24025 24025 24025 24025 24025 24025 24025 24025 24025 24025 24025 24025 24025 24025 24025 24025 24025 24025 24025 24025 24025 24025 24025 24025 24025 24025 24025 24025 24025 24025 24025 24025 24025 24025 24025 24025 24025 24025 24025 24025 24025 24025 24025 24025 24025 24025 24025 24025 24025 24025 24025 24025 24025 24025 24025 24025 24025 24025 4 24025 24025 24025 24025 
61 3000 24025 24025 24025 24025 24025 24025 24025 24025 24025 24025 24025 24025 24025 24025 24025 24025 24025 24025 24025 24025 24025 24025 24025 24025 24025 24025 24025 24025 2 24025 24025 24025 24025 24025 24025 24025 24025 24025 24025 24025 24025 24025 24025 24025 2 24025 24025 24025 24025 24025 24025 24025 4 24025 24025 24025 1 24025 24025 24025 1 3 1 24025 24025 24025 24025 24025 24025 24025 24025 24025 24025 24025 24025 24025 24025 24025 24025 24025 24025 24025 24025 24025 24025 24025 24025 24025 24025 24025 24025 24025 24025 24025 24025 24025 24025 24025 24025 24025 24025 24025 24025 24025 24025 24025 24025 24025 24025 24025 24025 24025 24025 24025 24025 24025 24025 24025 24025 24025 24025 24025 24025 24025 3 24025 24025 24025 
62 3000 24025 24025 24025 24025 24025 24025 24025 24025 24025 24025 24025 24025 24025 24025 24025 24025 24025 24025 24025 24025 24025 24025 24025 24025 24025 24025 24025 24025 24025 2 24025 24025 24025 24025 24025 24025 24025 24025 24025 24025 24025 24025 24025 24025 24025 4 24025 24025 24025 24025 24025 24025 24025 1 24025 24025 24025 2 24025 24025 4 0 24025 2 24025 24025 24025 24025 24025 24025 24025 24025 24025 24025 24025 24025 24025 24025 24025 24025 24025 24025 24025 24025 24025 24025 24025 24025 24025 24025 24025 24025 24025 24025 24025 24025 24025 24025 24025 24025 24025 24025 24025 24025 24025 24025 24025 24025 24025 24025 24025 24025 24025 24025 24025 24025 24025 24025 24025 24025 24025 24025 24025 24025 24025 2 24025 24025 
63 3000 24025 24025 24025 24025 24025 24025 24025 24025 24025 24025 24025 24025 24025 24025 24025 24025 24025 24025 24025 24025 24025 24025 24025 24025 24025 24025 24025 24025 24025 24025 4 24025 24025 24025 24025 24025 24025 24025 24025 24025 24025 24025 24025 24025 24025 24025 2 24025 24025 24025 24025 24025 24025 24025 1 24025 24025 24025 4 24025 4 24025 3 2 24025 24025 24025 24025 24025 24025 24025 24025 24025 24025 24025 24025 24025 24025 24025 24025 24025 24025 24025 24025 24025 24025 24025 24025 24025 24025 24025 24025 24025 24025 24025 24025 24025 24025 24025 24025 24025 24025 24025 24025 24025 24025 24025 24025 24025 24025 24025 24025 24025 24025 24025 24025 24025 24025 24025 24025 24025 24025 24025 24025 24025 24025 3 24025 
64 3000 24025 24025 24025 24025 24025 24025 24025 24025 24025 24025 24025 24025 24025 24025 24025 24025 24025 24025 24025 24025 24025 24025 24025 24025 24025 24025 24025 24025 24025 24025 24025 1 24025 24025 24025 24025 24025 24025 24025 24025 24025 24025 24025 24025 24025 24025 24025 2 24025 24025 24025 24025 24025 24025 24025 1 24025 24025 24025 2 24025 2 3 4 24025 24025 24025 24025 24025 24025 24025 24025 24025 24025 24025 24025 24025 24025 24025 24025 24025 24025 24025 24025 24025 24025 24025 24025 24025 24025 24025 24025 24025 24025 24025 24025 24025 24025 24025 24025 24025 24025 24025 24025 24025 24025 24025 24025 24025 24025 24025 24025 24025 24025 24025 24025 24025 24025 24025 24025 24025 24025 24025 24025 24025 24025 24025 3 
65 3000 2 24025 24025 24025 24025 24025 24025 24025 24025 24025 24025 24025 24025 24025 24025 24025 24025 24025 24025 24025 24025 24025 24025 24025 24025 24025 24025 24025 24025 24025 24025 24025 24025 24025 24025 24025 24025 24025 24025 24025 24025 24025 24025 24025 24025 24025 24025 24025 24025 24025 24025 24025 24025 24025 24025 24025 24025 24025 24025 24025 24025 24025 24025 24025 2 1 1 24025 3 24025 24025 24025 3 24025 24025 24025 24025 24025 24025 24025 3 24025 24025 24025 24025 24025 24025 24025 24025 24025 24025 24025 24025 24025 24025 24025 4 24025 24025 24025 24025 24025 24025 24025 24025 24025 24025 24025 24025 24025 24025 24025 24025 24025 24025 24025 24025 24025 24025 24025 24025 24025 24025 24025 24025 24025 24025 24025 
66 3000 24025 2 24025 24025 24025 24025 24025 24025 24025 24025 24025 24025 24025 24025 24025 24025 24025 24025 24025 24025 24025 24025 24025 24025 24025 24025 24025 24025 24025 24025 24025 24025 24025 24025 24025 24025 24025 24025 24025 24025 24025 24025 24025 24025 24025 24025 24025 24025 24025 24025 24025 24025 24025 24025 24025 24025 24025 24025 24025 24025 24025 24025 24025 24025 3 4 24025 2 24025 1 24025 24025 24025 0 24025 24025 24025 24025 24025 24025 24025 2 24025 24025 24025 24025 24025 24025 24025 24025 24025 24025 24025 24025 24025 24025 24025 1 24025 24025 24025 24025 24025 24025 24025 24025 24025 24025 24025 24025 24025 24025 24025 24025 24025 24025 24025 24025 24025 24025 24025 24025 24025 24025 24025 24025 24025 24025 
67 3000 24025 24025 0 24025 24025 24025 24025 24025 24025 24025 24025 24025 24025 24025 24025 24025 24025 24025 24025 24025 24025 24025 24025 24025 24025 24025 24025 24025 24025 24025 24025 24025 24025 24025 24025 24025 24025 24025 24025 24025 24025 24025 24025 24025 24025 24025 24025 24025 24025 24025 24025 24025 24025 24025 24025 24025 24025 24025 24025 24025 24025 24025 24025 24025 4 24025 1 3 24025 24025 0 24025 24025 24025 0 24025 24025 24025 24025 24025 24025 24025 2 24025 24025 24025 24025 24025 24025 24025 24025 24025 24025 24025 24025 24025 24025 24025 3 24025 24025 24025 24025 24025 24025 24025 24025 24025 24025 24025 24025 24025 24025 24025 24025 24025 24025 24025 24025 24025 24025 24025 24025 24025 24025 24025 24025 24025 
68 3000 24025 24025 24025 4 24025 24025 24025 24025 24025 24025 24025 24025 24025 24025 24025 24025 24025 24025 24025 24025 24025 24025 24025 24025 24025 24025 24025 24025 24025 24025 24025 24025 24025 24025 24025 24025 24025 24025 24025 24025 24025 24025 24025 24025 24025 24025 24025 24025 24025 24025 24025 24025 24025 24025 24025 24025 24025 24025 24025 24025 24025 24025 24025 24025 24025 1 0 4 24025 24025 24025 4 24025 24025 24025 0 24025 24025 24025 24025 24025 24025 24025 2 24025 24025 24025 24025 24025 24025 24025 24025 24025 24025 24025 24025 24025 24025 24025 1 24025 24025 24025 24025 24025 24025 24025 24025 24025 24025 24025 24025 24025 24025 24025 24025 24025 24025 24025 24025 24025 24025 24025 24025 24025 24025 24025 24025 
69 3000 24025 24025 24025 24025 1 24025 24025 24025 24025 24025 24025 24025 24025 24025 24025 24025 24025 24025 24025 24025 24025 24025 24025 24025 24025 24025 24025 24025 24025 24025 24025 24025 24025 24025 24025 24025 24025 24025 24025 24025 24025 24025 24025 24025 24025 24025 24025 24025 24025 24025 24025 24025 24025 24025 24025 24025 24025 24025 24025 24025 24025 24025 24025 24025 1 24025 24025 24025 3 2 4 24025 24025 24025 24025 24025 4 24025 24025 24025 24025 24025 24025 24025 2 24025 24025 24025 24025 24025 24025 24025 24025 24025 24025 24025 24025 24025 24025 24025 1 24025 24025 24025 24025 24025 24025 24025 24025 24025 24025 24025 24025 24025 24025 24025 24025 24025 24025 24025 24025 24025 24025 24025 24025 24025 24025 24025 
70 3000 24025 24025 24025 24025 24025 3 24025 24025 24025 24025 24025 24025 24025 24025 24025 24025 24025 24025 24025 24025 24025 24025 24025 24025 24025 24025 24025 24025 24025 24025 24025 24025 24025 24025 24025 24025 24025 24025 24025 24025 24025 24025 24025 24025 24025 24025 24025 24025 24025 24025 24025 24025 24025 24025 24025 24025 24025 24025 24025 24025 24025 24025 24025 24025 24025 2 24025 24025 0 0 24025 3 24025 24025 24025 24025 24025 1 24025 24025 24025 24025 24025 24025 24025 4 24025 24025 24025 24025 24025 24025 24025 24025 24025 24025 24025 24025 24025 24025 24025 0 24025 24025 24025 24025 24025 24025 24025 24025 24025 24025 24025 24025 24025 24025 24025 24025 24025 24025 24025 24025 24025 24025 24025 24025 24025 24025 
71 3000 24025 24025 24025 24025 24025 24025 3 24025 24025 24025 24025 24025 24025 24025 24025 24025 24025 24025 24025 24025 24025 24025 24025 24025 24025 24025 24025 24025 24025 24025 24025 24025 24025 24025 24025 24025 24025 24025 24025 24025 24025 24025 24025 24025 24025 24025 24025 24025 24025 24025 24025 24025 24025 24025 24025 24025 24025 24025 24025 24025 24025 24025 24025 24025 24025 24025 2 24025 4 24025 4 4 24025 24025 24025 24025 24025 24025 3 24025 24025 24025 24025 24025 24025 24025 1 24025 24025 24025 24025 24025 24025 24025 24025 24025 24025 24025 24025 24025 24025 24025 4 24025 24025 24025 24025 24025 24025 24025 24025 24025 24025 24025 24025 24025 24025 24025 24025 24025 24025 24025 24025 24025 24025 24025 24025 24025 
72 3000 24025 24025 24025 24025 24025 24025 24025 3 24025 24025 24025 24025 24025 24025 24025 24025 24025 24025 24025 24025 24025 24025 24025 24025 24025 24025 24025 24025 24025 24025 24025 24025 24025 24025 24025 24025 24025 24025 24025 24025 24025 24025 24025 24025 24025 24025 24025 24025 24025 24025 24025 24025 24025 24025 24025 24025 24025 24025 24025 24025 24025 24025 24025 24025 24025 24025 24025 0 24025 3 4 4 24025 24025 24025 24025 24025 24025 24025 0 24025 24025 24025 24025 24025 24025 24025 2 24025 24025 24025 24025 24025 24025 24025 24025 24025 24025 24025 24025 24025 24025 24025 0 24025 24025 24025 24025 24025 24025 24025 24025 24025 24025 24025 24025 24025 24025 24025 24025 24025 24025 24025 24025 24025 24025 24025 24025 
73 3000 24025 24025 24025 24025 24025 24025 24025 24025 0 24025 24025 24025 24025 24025 24025 24025 24025 24025 24025 24025 24025 24025 24025 24025 24025 24025 24025 24025 24025 24025 24025 24025 24025 24025 24025 24025 24025 24025 24025 24025 24025 24025 24025 24025 24025 24025 24025 24025 24025 24025 24025 24025 24025 24025 24025 24025 24025 24025 24025 24025 24025 24025 24025 24025 1 24025 24025 24025 24025 24025 24025 24025 1 0 0 24025 1 24025 24025 24025 24025 24025 24025 24025 24025 24025 24025 24025 3 24025 24025 24025 24025 24025 24025 24025 24025 24025 24025 24025 24025 24025 24025 24025 2 24025 24025 24025 24025 24025 24025 24025 24025 24025 24025 24025 24025 24025 24025 24025 24025 24025 24025 24025 24025 24025 24025 24025 
74 3000 24025 24025 24025 24025 24025 24025 24025 24025 24025 4 24025 24025 24025 24025 24025 24025 24025 24025 24025 24025 24025 24025 24025 24025 24025 24025 24025 24025 24025 24025 24025 24025 24025 24025 24025 24025 24025 24025 24025 24025 24025 24025 24025 24025 24025 24025 24025 24025 24025 24025 24025 24025 24025 24025 24025 24025 24025 24025 24025 24025 24025 24025 24025 24025 24025 4 24025 24025 24025 24025 24025 24025 2 3 24025 3 24025 4 24025 24025 24025 24025 24025 24025 24025 24025 24025 24025 24025 0 24025 24025 24025 24025 24025 24025 24025 24025 24025 24025 24025 24025 24025 24025 24025 2 24025 24025 24025 24025 24025 24025 24025 24025 24025 24025 24025 24025 24025 24025 24025 24025 24025 24025 24025 24025 24025 24025 
75 3000 24025 24025 24025 24025 24025 24025 24025 24025 24025 24025 1 24025 24025 24025 24025 24025 24025 24025 24025 24025 24025 24025 24025 24025 24025 24025 24025 24025 24025 24025 24025 24025 24025 24025 24025 24025 24025 24025 24025 24025 24025 24025 24025 24025 24025 24025 24025 24025 24025 24025 24025 24025 24025 24025 24025 24025 24025 24025 24025 24025 24025 24025 24025 24025 24025 24025 3 24025 24025 24025 24025 24025 0 24025 2 1 24025 24025 0 24025 24025 24025 24025 24025 24025 24025 24025 24025 24025 24025 2 24025 24025 24025 24025 24025 24025 24025 24025 24025 24025 24025 24025 24025 24025 24025 2 24025 24025 24025 24025 24025 24025 24025 24025 24025 24025 24025 24025 24025 24025 24025 24025 24025 24025 24025 24025 24025 
76 3000 24025 24025 24025 24025 24025 24025 24025 24025 24025 24025 24025 2 24025 24025 24025 24025 24025 24025 24025 24025 24025 24025 24025 24025 24025 24025 24025 24025 24025 24025 24025 24025 24025 24025 24025 24025 24025 24025 24025 24025 24025 24025 24025 24025 24025 24025 24025 24025 24025 24025 24025 24025 24025 24025 24025 24025 24025 24025 24025 24025 24025 24025 24025 24025 24025 24025 24025 3 24025 24025 24025 24025 24025 4 0 4 24025 24025 24025 2 24025 24025 24025 24025 24025 24025 24025 24025 24025 24025 24025 2 24025 24025 24025 24025 24025 24025 24025 24025 24025 24025 24025 24025 24025 24025 24025 4 24025 24025 24025 24025 24025 24025 24025 24025 24025 24025 24025 24025 24025 24025 24025 24025 24025 24025 24025 24025 
77 3000 24025 24025 24025 24025 24025 24025 24025 24025 24025 24025 24025 24025 1 24025 24025 24025 24025 24025 24025 24025 24025 24025 24025 24025 24025 24025 24025 24025 24025 24025 24025 24025 24025 24025 24025 24025 24025 24025 24025 24025 24025 24025 24025 24025 24025 24025 24025 24025 24025 24025 24025 24025 24025 24025 24025 24025 24025 24025 24025 24025 24025 24025 24025 24025 24025 24025 24025 24025 1 24025 24025 24025 3 24025 24025 24025 0 0 4 24025 24025 24025 24025 24025 24025 24025 24025 24025 24025 24025 24025 24025 2 24025 24025 24025 24025 24025 24025 24025 24025 24025 24025 24025 24025 24025 24025 24025 3 24025 24025 24025 24025 24025 24025 24025 24025 24025 24025 24025 24025 24025 24025 24025 24025 24025 24025 24025 
78 3000 24025 24025 24025 24025 24025 24025 24025 24025 24025 24025 24025 24025 24025 4 24025 24025 24025 24025 24025 24025 24025 24025 24025 24025 24025 24025 24025 24025 24025 24025 24025 24025 24025 24025 24025 24025 24025 24025 24025 24025 24025 24025 24025 24025 24025 24025 24025 24025 24025 24025 24025 24025 24025 24025 24025 24025 24025 24025 24025 24025 24025 24025 24025 24025 24025 24025 24025 24025 24025 4 24025 24025 24025 2 24025 24025 2 3 24025 2 24025 24025 24025 24025 24025 24025 24025 24025 24025 24025 24025 24025 24025 2 24025 24025 24025 24025 24025 24025 24025 24025 24025 24025 24025 24025 24025 24025 24025 0 24025 24025 24025 24025 24025 24025 24025 24025 24025 24025 24025 24025 24025 24025 24025 24025 24025 24025 
79 3000 24025 24025 24025 24025 24025 24025 24025 24025 24025 24025 24025 24025 24025 24025 1 24025 24025 24025 24025 24025 24025 24025 24025 24025 24025 24025 24025 24025 24025 24025 24025 24025 24025 24025 24025 24025 24025 24025 24025 24025 24025 24025 24025 24025 24025 24025 24025 24025 24025 24025 24025 24025 24025 24025 24025 24025 24025 24025 24025 24025 24025 24025 24025 24025 24025 24025 24025 24025 24025 24025 1 24025 24025 24025 0 24025 2 24025 3 2 24025 24025 24025 24025 24025 24025 24025 24025 24025 24025 24025 24025 24025 24025 4 24025 24025 24025 24025 24025 24025 24025 24025 24025 24025 24025 24025 24025 24025 24025 2 24025 24025 24025 24025 24025 24025 24025 24025 24025 24025 24025 24025 24025 24025 24025 24025 24025 
80 3000 24025 24025 24025 24025 24025 24025 24025 24025 24025 24025 24025 24025 24025 24025 24025 1 24025 24025 24025 24025 24025 24025 24025 24025 24025 24025 24025 24025 24025 24025 24025 24025 24025 24025 24025 24025 24025 24025 24025 24025 24025 24025 24025 24025 24025 24025 24025 24025 24025 24025 24025 24025 24025 24025 24025 24025 24025 24025 24025 24025 24025 24025 24025 24025 24025 24025 24025 24025 24025 24025 24025 3 24025 24025 24025 4 24025 3 0 0 24025 24025 24025 24025 24025 24025 24025 24025 24025 24025 24025 24025 24025 24025 24025 3 24025 24025 24025 24025 24025 24025 24025 24025 24025 24025 24025 24025 24025 24025 24025 3 24025 24025 24025 24025 24025 24025 24025 24025 24025 24025 24025 24025 24025 24025 24025 24025 
81 3000 24025 24025 24025 24025 24025 24025 24025 24025 24025 24025 24025 24025 24025 24025 24025 24025 4 24025 24025 24025 24025 24025 24025 24025 24025 24025 24025 24025 24025 24025 24025 24025 24025 24025 24025 24025 24025 24025 24025 24025 24025 24025 24025 24025 24025 24025 24025 24025 24025 24025 24025 24025 24025 24025 24025 24025 24025 24025 24025 24025 24025 24025 24025 24025 3 24025 24025 24025 24025 24025 24025 24025 24025 24025 24025 24025 24025 24025 24025 24025 0 4 3 24025 3 24025 24025 24025 0 24025 24025 24025 24025 24025 24025 24025 24025 24025 24025 24025 24025 24025 24025 24025 24025 24025 24025 24025 24025 24025 24025 24025 0 24025 24025 24025 24025 24025 24025 24025 24025 24025 24025 24025 24025 24025 24025 24025 
82 3000 24025 24025 24025 24025 24025 24025 24025 24025 24025 24025 24025 24025 24025 24025 24025 24025 24025 0 24025 24025 24025 24025 24025 24025 24025 24025 24025 24025 24025 24025 24025 24025 24025 24025 24025 24025 24025 24025 24025 24025 24025 24025 24025 24025 24025 24025 24025 24025 24025 24025 24025 24025 24025 24025 24025 24025 24025 24025 24025 24025 24025 24025 24025 24025 24025 2 24025 24025 24025 24025 24025 24025 24025 24025 24025 24025 24025 24025 24025 24025 3 1 24025 2 24025 4 24025 24025 24025 3 24025 24025 24025 24025 24025 24025 24025 24025 24025 24025 24025 24025 24025 24025 24025 24025 24025 24025 24025 24025 24025 24025 24025 0 24025 24025 24025 24025 24025 24025 24025 24025 24025 24025 24025 24025 24025 24025 
83 3000 24025 24025 24025 24025 24025 24025 24025 24025 24025 24025 24025 24025 24025 24025 24025 24025 24025 24025 1 24025 24025 24025 24025 24025 24025 24025 24025 24025 24025 24025 24025 24025 24025 24025 24025 24025 24025 24025 24025 24025 24025 24025 24025 24025 24025 24025 24025 24025 24025 24025 24025 24025 24025 24025 24025 24025 24025 24025 24025 24025 24025 24025 24025 24025 24025 24025 1 24025 24025 24025 24025 24025 24025 24025 24025 24025 24025 24025 24025 24025 3 24025 0 3 24025 24025 2 24025 24025 24025 0 24025 24025 24025 24025 24025 24025 24025 24025 24025 24025 24025 24025 24025 24025 24025 24025 24025 24025 24025 24025 24025 24025 24025 4 24025 24025 24025 24025 24025 24025 24025 24025 24025 24025 24025 24025 24025 
84 3000 24025 24025 24025 24025 24025 24025 24025 24025 24025 24025 24025 24025 24025 24025 24025 24025 24025 24025 24025 1 24025 24025 24025 24025 24025 24025 24025 24025 24025 24025 24025 24025 24025 24025 24025 24025 24025 24025 24025 24025 24025 24025 24025 24025 24025 24025 24025 24025 24025 24025 24025 24025 24025 24025 24025 24025 24025 24025 24025 24025 24025 24025 24025 24025 24025 24025 24025 0 24025 24025 24025 24025 24025 24025 24025 24025 24025 24025 24025 24025 24025 1 2 4 24025 24025 24025 3 24025 24025 24025 2 24025 24025 24025 24025 24025 24025 24025 24025 24025 24025 24025 24025 24025 24025 24025 24025 24025 24025 24025 24025 24025 24025 24025 1 24025 24025 24025 24025 24025 24025 24025 24025 24025 24025 24025 24025 
85 3000 24025 24025 24025 24025 24025 24025 24025 24025 24025 24025 24025 24025 24025 24025 24025 24025 24025 24025 24025 24025 2 24025 24025 24025 24025 24025 24025 24025 24025 24025 24025 24025 24025 24025 24025 24025 24025 24025 24025 24025 24025 24025 24025 24025 24025 24025 24025 24025 24025 24025 24025 24025 24025 24025 24025 24025 24025 24025 24025 24025 24025 24025 24025 24025 24025 24025 24025 24025 0 24025 24025 24025 24025 24025 24025 24025 24025 24025 24025 24025 1 24025 24025 24025 4 4 2 24025 24025 24025 24025 24025 4 24025 24025 24025 24025 24025 24025 24025 24025 24025 24025 24025 24025 24025 24025 24025 24025 24025 24025 24025 24025 24025 24025 24025 4 24025 24025 24025 24025 24025 24025 24025 24025 24025 24025 24025 
86 3000 24025 24025 24025 24025 24025 24025 24025 24025 24025 24025 24025 24025 24025 24025 24025 24025 24025 24025 24025 24025 24025 2 24025 24025 24025 24025 24025 24025 24025 24025 24025 24025 24025 24025 24025 24025 24025 24025 24025 24025 24025 24025 24025 24025 24025 24025 24025 24025 24025 24025 24025 24025 24025 24025 24025 24025 24025 24025 24025 24025 24025 24025 24025 24025 24025 24025 24025 24025 24025 1 24025 24025 24025 24025 24025 24025 24025 24025 24025 24025 24025 4 24025 24025 3 0 24025 1 24025 24025 24025 24025 24025 2 24025 24025 24025 24025 24025 24025 24025 24025 24025 24025 24025 24025 24025 24025 24025 24025 24025 24025 24025 24025 24025 24025 24025 4 24025 24025 24025 24025 24025 24025 24025 24025 24025 24025 
87 3000 24025 24025 24025 24025 24025 24025 24025 24025 24025 24025 24025 24025 24025 24025 24025 24025 24025 24025 24025 24025 24025 24025 3 24025 24025 24025 24025 24025 24025 24025 24025 24025 24025 24025 24025 24025 24025 24025 24025 24025 24025 24025 24025 24025 24025 24025 24025 24025 24025 24025 24025 24025 24025 24025 24025 24025 24025 24025 24025 24025 24025 24025 24025 24025 24025 24025 24025 24025 24025 24025 3 24025 24025 24025 24025 24025 24025 24025 24025 24025 24025 24025 3 24025 2 24025 1 1 24025 24025 24025 24025 24025 24025 0 24025 24025 24025 24025 24025 24025 24025 24025 24025 24025 24025 24025 24025 24025 24025 24025 24025 24025 24025 24025 24025 24025 24025 1 24025 24025 24025 24025 24025 24025 24025 24025 24025 
88 3000 24025 24025 24025 24025 24025 24025 24025 24025 24025 24025 24025 24025 24025 24025 24025 24025 24025 24025 24025 24025 24025 24025 24025 2 24025 24025 24025 24025 24025 24025 24025 24025 24025 24025 24025 24025 24025 24025 24025 24025 24025 24025 24025 24025 24025 24025 24025 24025 24025 24025 24025 24025 24025 24025 24025 24025 24025 24025 24025 24025 24025 24025 24025 24025 24025 24025 24025 24025 24025 24025 24025 0 24025 24025 24025 24025 24025 24025 24025 24025 24025 24025 24025 4 24025 1 3 0 24025 24025 24025 24025 24025 24025 24025 4 24025 24025 24025 24025 24025 24025 24025 24025 24025 24025 24025 24025 24025 24025 24025 24025 24025 24025 24025 24025 24025 24025 24025 2 24025 24025 24025 24025 24025 24025 24025 24025 
89 3000 24025 24025 24025 24025 24025 24025 24025 24025 24025 24025 24025 24025 24025 24025 24025 24025 24025 24025 24025 24025 24025 24025 24025 24025 4 24025 24025 24025 24025 24025 24025 24025 24025 24025 24025 24025 24025 24025 24025 24025 24025 24025 24025 24025 24025 24025 24025 24025 24025 24025 24025 24025 24025 24025 24025 24025 24025 24025 24025 24025 24025 24025 24025 24025 24025 24025 24025 24025 24025 24025 24025 24025 2 24025 24025 24025 24025 24025 24025 24025 2 24025 24025 24025 24025 24025 24025 24025 4 4 2 24025 4 24025 24025 24025 24025 24025 24025 24025 24025 24025 24025 24025 24025 24025 24025 24025 24025 24025 24025 24025 24025 24025 24025 24025 24025 24025 24025 24025 4 24025 24025 24025 24025 24025 24025 24025 
90 3000 24025 24025 24025 24025 24025 24025 24025 24025 24025 24025 24025 24025 24025 24025 24025 24025 24025 24025 24025 24025 24025 24025 24025 24025 24025 2 24025 24025 24025 24025 24025 24025 24025 24025 24025 24025 24025 24025 24025 24025 24025 24025 24025 24025 24025 24025 24025 24025 24025 24025 24025 24025 24025 24025 24025 24025 24025 24025 24025 24025 24025 24025 24025 24025 24025 24025 24025 24025 24025 24025 24025 24025 24025 2 24025 24025 24025 24025 24025 24025 24025 2 24025 24025 24025 24025 24025 24025 2 4 24025 2 24025 2 24025 24025 24025 24025 24025 24025 24025 24025 24025 24025 24025 24025 24025 24025 24025 24025 24025 24025 24025 24025 24025 24025 24025 24025 24025 24025 24025 3 24025 24025 24025 24025 24025 24025 
91 3000 24025 24025 24025 24025 24025 24025 24025 24025 24025 24025 24025 24025 24025 24025 24025 24025 24025 24025 24025 24025 24025 24025 24025 24025 24025 24025 0 24025 24025 24025 24025 24025 24025 24025 24025 24025 24025 24025 24025 24025 24025 24025 24025 24025 24025 24025 24025 24025 24025 24025 24025 24025 24025 24025 24025 24025 24025 24025 24025 24025 24025 24025 24025 24025 24025 24025 24025 24025 24025 24025 24025 24025 24025 24025 2 24025 24025 24025 24025 24025 24025 24025 1 24025 24025 24025 24025 24025 0 24025 0 4 24025 24025 3 24025 24025 24025 24025 24025 24025 24025 24025 24025 24025 24025 24025 24025 24025 24025 24025 24025 24025 24025 24025 24025 24025 24025 24025 24025 24025 24025 2 24025 24025 24025 24025 24025 
92 3000 24025 24025 24025 24025 24025 24025 24025 24025 24025 24025 24025 24025 24025 24025 24025 24025 24025 24025 24025 24025 24025 24025 24025 24025 24025 24025 24025 1 24025 24025 24025 24025 24025 24025 24025 24025 24025 24025 24025 24025 24025 24025 24025 24025 24025 24025 24025 24025 24025 24025 24025 24025 24025 24025 24025 24025 24025 24025 24025 24025 24025 24025 24025 24025 24025 24025 24025 24025 24025 24025 24025 24025 24025 24025 24025 3 24025 24025 24025 24025 24025 24025 24025 4 24025 24025 24025 24025 24025 4 0 0 24025 24025 24025 0 24025 24025 24025 24025 24025 24025 24025 24025 24025 24025 24025 24025 24025 24025 24025 24025 24025 24025 24025 24025 24025 24025 24025 24025 24025 24025 24025 3 24025 24025 24025 24025 
93 3000 24025 24025 24025 24025 24025 24025 24025 24025 24025 24025 24025 24025 24025 24025 24025 24025 24025 24025 24025 24025 24025 24025 24025 24025 24025 24025 24025 24025 4 24025 24025 24025 24025 24025 24025 24025 24025 24025 24025 24025 24025 24025 24025 24025 24025 24025 24025 24025 24025 24025 24025 24025 24025 24025 24025 24025 24025 24025 24025 24025 24025 24025 24025 24025 24025 24025 24025 24025 24025 24025 24025 24025 24025 24025 24025 24025 2 24025 24025 24025 24025 24025 24025 24025 0 24025 24025 24025 3 24025 24025 24025 0 3 0 24025 24025 24025 24025 24025 24025 24025 24025 24025 24025 24025 24025 24025 24025 24025 24025 24025 24025 24025 24025 24025 24025 24025 24025 24025 24025 24025 24025 24025 0 24025 24025 24025 
94 3000 24025 24025 24025 24025 24025 24025 24025 24025 24025 24025 24025 24025 24025 24025 24025 24025 24025 24025 24025 24025 24025 24025 24025 24025 24025 24025 24025 24025 24025 3 24025 24025 24025 24025 24025 24025 24025 24025 24025 24025 24025 24025 24025 24025 24025 24025 24025 24025 24025 24025 24025 24025 24025 24025 24025 24025 24025 24025 24025 24025 24025 24025 24025 24025 24025 24025 24025 24025 24025 24025 24025 24025 24025 24025 24025 24025 24025 2 24025 24025 24025 24025 24025 24025 24025 4 24025 24025 24025 3 24025 24025 2 4 24025 1 24025 24025 24025 24025 24025 24025 24025 24025 24025 24025 24025 24025 24025 24025 24025 24025 24025 24025 24025 24025 24025 24025 24025 24025 24025 24025 24025 24025 24025 2 24025 24025 
95 3000 24025 24025 24025 24025 24025 24025 24025 24025 24025 24025 24025 24025 24025 24025 24025 24025 24025 24025 24025 24025 24025 24025 24025 24025 24025 24025 24025 24025 24025 24025 2 24025 24025 24025 24025 24025 24025 24025 24025 24025 24025 24025 24025 24025 24025 24025 24025 24025 24025 24025 24025 24025 24025 24025 24025 24025 24025 24025 24025 24025 24025 24025 24025 24025 24025 24025 24025 24025 24025 24025 24025 24025 24025 24025 24025 24025 24025 24025 0 24025 24025 24025 24025 24025 24025 24025 1 24025 24025 24025 2 24025 2 24025 2 4 24025 24025 24025 24025 24025 24025 24025 24025 24025 24025 24025 24025 24025 24025 24025 24025 24025 24025 24025 24025 24025 24025 24025 24025 24025 24025 24025 24025 24025 24025 0 24025 
96 3000 24025 24025 24025 24025 24025 24025 24025 24025 24025 24025 24025 24025 24025 24025 24025 24025 24025 24025 24025 24025 24025 24025 24025 24025 24025 24025 24025 24025 24025 24025 24025 1 24025 24025 24025 24025 24025 24025 24025 24025 24025 24025 24025 24025 24025 24025 24025 24025 24025 24025 24025 24025 24025 24025 24025 24025 24025 24025 24025 24025 24025 24025 24025 24025 24025 24025 24025 24025 24025 24025 24025 24025 24025 24025 24025 24025 24025 24025 24025 4 24025 24025 24025 24025 24025 24025 24025 2 24025 24025 24025 1 24025 1 3 0 24025 24025 24025 24025 24025 24025 24025 24025 24025 24025 24025 24025 24025 24025 24025 24025 24025 24025 24025 24025 24025 24025 24025 24025 24025 24025 24025 24025 24025 24025 24025 3 
97 3000 24025 24025 24025 24025 24025 24025 24025 24025 24025 24025 24025 24025 24025 24025 24025 24025 24025 24025 24025 24025 24025 24025 24025 24025 24025 24025 24025 24025 24025 24025 24025 24025 3 24025 24025 24025 24025 24025 24025 24025 24025 24025 24025 24025 24025 24025 24025 24025 24025 24025 24025 24025 24025 24025 24025 24025 24025 24025 24025 24025 24025 24025 24025 24025 2 24025 24025 24025 24025 24025 24025 24025 24025 24025 24025 24025 24025 24025 24025 24025 24025 24025 24025 24025 24025 24025 24025 24025 24025 24025 24025 24025 24025 24025 24025 24025 3 4 0 24025 4 24025 24025 24025 2 24025 24025 24025 24025 24025 24025 24025 2 24025 24025 24025 24025 24025 24025 24025 24025 24025 24025 24025 24025 24025 24025 24025 
98 3000 24025 24025 24025 24025 24025 24025 24025 24025 24025 24025 24025 24025 24025 24025 24025 24025 24025 24025 24025 24025 24025 24025 24025 24025 24025 24025 24025 24025 24025 24025 24025 24025 24025 4 24025 24025 24025 24025 24025 24025 24025 24025 24025 24025 24025 24025 24025 24025 24025 24025 24025 24025 24025 24025 24025 24025 24025 24025 24025 24025 24025 24025 24025 24025 24025 2 24025 24025 24025 24025 24025 24025 24025 24025 24025 24025 24025 24025 24025 24025 24025 24025 24025 24025 24025 24025 24025 24025 24025 24025 24025 24025 24025 24025 24025 24025 0 2 24025 2 24025 1 24025 24025 24025 4 24025 24025 24025 24025 24025 24025 24025 4 24025 24025 24025 24025 24025 24025 24025 24025 24025 24025 24025 24025 24025 24025 
99 3000 24025 24025 24025 24025 24025 24025 24025 24025 24025 24025 24025 24025 24025 24025 24025 24025 24025 24025 24025 24025 24025 24025 24025 24025 24025 24025 24025 24025 24025 24025 24025 24025 24025 24025 2 24025 24025 24025 24025 24025 24025 24025 24025 24025 24025 24025 24025 24025 24025 24025 24025 24025 24025 24025 24025 24025 24025 24025 24025 24025 24025 24025 24025 24025 24025 24025 1 24025 24025 24025 24025 24025 24025 24025 24025 24025 24025 24025 24025 24025 24025 24025 24025 24025 24025 24025 24025 24025 24025 24025 24025 24025 24025 24025 24025 24025 1 24025 2 4 24025 24025 4 24025 24025 24025 3 24025 24025 24025 24025 24025 24025 24025 2 24025 24025 24025 24025 24025 24025 24025 24025 24025 24025 24025 24025 24025 
100 3000 24025 24025 24025 24025 24025 24025 24025 24025 24025 24025 24025 24025 24025 24025 24025 24025 24025 24025 24025 24025 24025 24025 24025 24025 24025 24025 24025 24025 24025 24025 24025 24025 24025 24025 24025 4 24025 24025 24025 24025 24025 24025 24025 24025 24025 24025 24025 24025 24025 24025 24025 24025 24025 24025 24025 24025 24025 24025 24025 24025 24025 24025 24025 24025 24025 24025 24025 3 24025 24025 24025 24025 24025 24025 24025 24025 24025 24025 24025 24025 24025 24025 24025 24025 24025 24025 24025 24025 24025 24025 24025 24025 24025 24025 24025 24025 24025 4 4 0 24025 24025 24025 2 24025 24025 24025 4 24025 24025 24025 24025 24025 24025 24025 3 24025 24025 24025 24025 24025 24025 24025 24025 24025 24025 24025 24025 
101 3000 24025 24025 24025 24025 24025 24025 24025 24025 24025 24025 24025 24025 24025 24025 24025 24025 24025 24025 24025 24025 24025 24025 24025 24025 24025 24025 24025 24025 24025 24025 24025 24025 24025 24025 24025 24025 0 24025 24025 24025 24025 24025 24025 24025 24025 24025 24025 24025 24025 24025 24025 24025 24025 24025 24025 24025 24025 24025 24025 24025 24025 24025 24025 24025 24025 24025 24025 24025 1 24025 24025 24025 24025 24025 24025 24025 24025 24025 24025 24025 24025 24025 24025 24025 24025 24025 24025 24025 24025 24025 24025 24025 24025 24025 24025 24025 3 24025 24025 24025 3 4 1 24025 24025 24025 24025 24025 1 24025 24025 24025 24025 24025 24025 24025 1 24025 24025 24025 24025 24025 24025 24025 24025 24025 24025 24025 
102 3000 24025 24025 24025 24025 24025 24025 24025 24025 24025 24025 24025 24025 24025 24025 24025 24025 24025 24025 24025 24025 24025 24025 24025 24025 24025 24025 24025 24025 24025 24025 24025 24025 24025 24025 24025 24025 24025 4 24025 24025 24025 24025 24025 24025 24025 24025 24025 24025 24025 24025 24025 24025 24025 24025 24025 24025 24025 24025 24025 24025 24025 24025 24025 24025 24025 24025 24025 24025 24025 3 24025 24025 24025 24025 24025 24025 24025 24025 24025 24025 24025 24025 24025 24025 24025 24025 24025 24025 24025 24025 24025 24025 24025 24025 24025 24025 24025 2 24025 24025 0 0 24025 0 24025 24025 24025 24025 24025 1 24025 24025 24025 24025 24025 24025 24025 1 24025 24025 24025 24025 24025 24025 24025 24025 24025 24025 
103 3000 24025 24025 24025 24025 24025 24025 24025 24025 24025 24025 24025 24025 24025 24025 24025 24025 24025 24025 24025 24025 24025 24025 24025 24025 24025 24025 24025 24025 24025 24025 24025 24025 24025 24025 24025 24025 24025 24025 1 24025 24025 24025 24025 24025 24025 24025 24025 24025 24025 24025 24025 24025 24025 24025 24025 24025 24025 24025 24025 24025 24025 24025 24025 24025 24025 24025 24025 24025 24025 24025 0 24025 24025 24025 24025 24025 24025 24025 24025 24025 24025 24025 24025 24025 24025 24025 24025 24025 24025 24025 24025 24025 24025 24025 24025 24025 24025 24025 4 24025 4 24025 4 1 24025 24025 24025 24025 24025 24025 2 24025 24025 24025 24025 24025 24025 24025 0 24025 24025 24025 24025 24025 24025 24025 24025 24025 
104 3000 24025 24025 24025 24025 24025 24025 24025 24025 24025 24025 24025 24025 24025 24025 24025 24025 24025 24025 24025 24025 24025 24025 24025 24025 24025 24025 24025 24025 24025 24025 24025 24025 24025 24025 24025 24025 24025 24025 24025 3 24025 24025 24025 24025 24025 24025 24025 24025 24025 24025 24025 24025 24025 24025 24025 24025 24025 24025 24025 24025 24025 24025 24025 24025 24025 24025 24025 24025 24025 24025 24025 4 24025 24025 24025 24025 24025 24025 24025 24025 24025 24025 24025 24025 24025 24025 24025 24025 24025 24025 24025 24025 24025 24025 24025 24025 24025 24025 24025 4 24025 4 4 2 24025 24025 24025 24025 24025 24025 24025 4 24025 24025 24025 24025 24025 24025 24025 4 24025 24025 24025 24025 24025 24025 24025 24025 
105 3000 24025 24025 24025 24025 24025 24025 24025 24025 24025 24025 24025 24025 24025 24025 24025 24025 24025 24025 24025 24025 24025 24025 24025 24025 24025 24025 24025 24025 24025 24025 24025 24025 24025 24025 24025 24025 24025 24025 24025 24025 2 24025 24025 24025 24025 24025 24025 24025 24025 24025 24025 24025 24025 24025 24025 24025 24025 24025 24025 24025 24025 24025 24025 24025 24025 24025 24025 24025 24025 24025 24025 24025 0 24025 24025 24025 24025 24025 24025 24025 24025 24025 24025 24025 24025 24025 24025 24025 24025 24025 24025 24025 24025 24025 24025 24025 0 24025 24025 24025 24025 24025 24025 24025 1 1 0 24025 2 24025 24025 24025 24025 24025 24025 24025 24025 24025 24025 24025 2 24025 24025 24025 24025 24025 24025 24025 
106 3000 24025 24025 24025 24025 24025 24025 24025 24025 24025 24025 24025 24025 24025 24025 24025 24025 24025 24025 24025 24025 24025 24025 24025 24025 24025 24025 24025 24025 24025 24025 24025 24025 24025 24025 24025 24025 24025 24025 24025 24025 24025 4 24025 24025 24025 24025 24025 24025 24025 24025 24025 24025 24025 24025 24025 24025 24025 24025 24025 24025 24025 24025 24025 24025 24025 24025 24025 24025 24025 24025 24025 24025 24025 4 24025 24025 24025 24025 24025 24025 24025 24025 24025 24025 24025 24025 24025 24025 24025 24025 24025 24025 24025 24025 24025 24025 24025 1 24025 24025 24025 24025 24025 24025 4 0 24025 0 24025 2 24025 24025 24025 24025 24025 24025 24025 24025 24025 24025 24025 0 24025 24025 24025 24025 24025 24025 
107 3000 24025 24025 24025 24025 24025 24025 24025 24025 24025 24025 24025 24025 24025 24025 24025 24025 24025 24025 24025 24025 24025 24025 24025 24025 24025 24025 24025 24025 24025 24025 24025 24025 24025 24025 24025 24025 24025 24025 24025 24025 24025 24025 0 24025 24025 24025 24025 24025 24025 24025 24025 24025 24025 24025 24025 24025 24025 24025 24025 24025 24025 24025 24025 24025 24025 24025 24025 24025 24025 24025 24025 24025 24025 24025 3 24025 24025 24025 24025 24025 24025 24025 24025 24025 24025 24025 24025 24025 24025 24025 24025 24025 24025 24025 24025 24025 24025 24025 1 24025 24025 24025 24025 24025 4 24025 0 2 24025 24025 0 24025 24025 24025 24025 24025 24025 24025 24025 24025 24025 24025 0 24025 24025 24025 24025 24025 
108 3000 24025 24025 24025 24025 24025 24025 24025 24025 24025 24025 24025 24025 24025 24025 24025 24025 24025 24025 24025 24025 24025 24025 24025 24025 24025 24025 24025 24025 24025 24025 24025 24025 24025 24025 24025 24025 24025 24025 24025 24025 24025 24025 24025 4 24025 24025 24025 24025 24025 24025 24025 24025 24025 24025 24025 24025 24025 24025 24025 24025 24025 24025 24025 24025 24025 24025 24025 24025 24025 24025 24025 24025 24025 24025 24025 2 24025 24025 24025 24025 24025 24025 24025 24025 24025 24025 24025 24025 24025 24025 24025 24025 24025 24025 24025 24025 24025 24025 24025 1 24025 24025 24025 24025 24025 4 0 3 24025 24025 24025 0 24025 24025 24025 24025 24025 24025 24025 24025 24025 24025 24025 2 24025 24025 24025 24025 
109 3000 24025 24025 24025 24025 24025 24025 24025 24025 24025 24025 24025 24025 24025 24025 24025 24025 24025 24025 24025 24025 24025 24025 24025 24025 24025 24025 24025 24025 24025 24025 24025 24025 24025 24025 24025 24025 24025 24025 24025 24025 24025 24025 24025 24025 2 24025 24025 24025 24025 24025 24025 24025 24025 24025 24025 24025 24025 24025 24025 24025 24025 24025 24025 24025 24025 24025 24025 24025 24025 24025 24025 24025 24025 24025 24025 24025 1 24025 24025 24025 24025 24025 24025 24025 24025 24025 24025 24025 24025 24025 24025 24025 24025 24025 24025 24025 24025 24025 24025 24025 0 24025 24025 24025 4 24025 24025 24025 4 1 1 24025 24025 24025 24025 24025 24025 24025 24025 24025 24025 24025 24025 24025 1 24025 24025 24025 
110 3000 24025 24025 24025 24025 24025 24025 24025 24025 24025 24025 24025 24025 24025 24025 24025 24025 24025 24025 24025 24025 24025 24025 24025 24025 24025 24025 24025 24025 24025 24025 24025 24025 24025 24025 24025 24025 24025 24025 24025 24025 24025 24025 24025 24025 24025 3 24025 24025 24025 24025 24025 24025 24025 24025 24025 24025 24025 24025 24025 24025 24025 24025 24025 24025 24025 24025 24025 24025 24025 24025 24025 24025 24025 24025 24025 24025 24025 1 24025 24025 24025 24025 24025 24025 24025 24025 24025 24025 24025 24025 24025 24025 24025 24025 24025 24025 24025 24025 24025 24025 24025 3 24025 24025 24025 2 24025 24025 1 3 24025 3 24025 24025 24025 24025 24025 24025 24025 24025 24025 24025 24025 24025 24025 0 24025 24025 
111 3000 24025 24025 24025 24025 24025 24025 24025 24025 24025 24025 24025 24025 24025 24025 24025 24025 24025 24025 24025 24025 24025 24025 24025 24025 24025 24025 24025 24025 24025 24025 24025 24025 24025 24025 24025 24025 24025 24025 24025 24025 24025 24025 24025 24025 24025 24025 0 24025 24025 24025 24025 24025 24025 24025 24025 24025 24025 24025 24025 24025 24025 24025 24025 24025 24025 24025 24025 24025 24025 24025 24025 24025 24025 24025 24025 24025 24025 24025 3 24025 24025 24025 24025 24025 24025 24025 24025 24025 24025 24025 24025 24025 24025 24025 24025 24025 24025 24025 24025 24025 24025 24025 3 24025 24025 24025 1 24025 1 24025 4 1 24025 24025 24025 24025 24025 24025 24025 24025 24025 24025 24025 24025 24025 24025 4 24025 
112 3000 24025 24025 24025 24025 24025 24025 24025 24025 24025 24025 24025 24025 24025 24025 24025 24025 24025 24025 24025 24025 24025 24025 24025 24025 24025 24025 24025 24025 24025 24025 24025 24025 24025 24025 24025 24025 24025 24025 24025 24025 24025 24025 24025 24025 24025 24025 24025 0 24025 24025 24025 24025 24025 24025 24025 24025 24025 24025 24025 24025 24025 24025 24025 24025 24025 24025 24025 24025 24025 24025 24025 24025 24025 24025 24025 24025 24025 24025 24025 3 24025 24025 24025 24025 24025 24025 24025 24025 24025 24025 24025 24025 24025 24025 24025 24025 24025 24025 24025 24025 24025 24025 24025 2 24025 24025 24025 1 24025 2 3 1 24025 24025 24025 24025 24025 24025 24025 24025 24025 24025 24025 24025 24025 24025 24025 4 
113 3000 24025 24025 24025 24025 24025 24025 24025 24025 24025 24025 24025 24025 24025 24025 24025 24025 24025 24025 24025 24025 24025 24025 24025 24025 24025 24025 24025 24025 24025 24025 24025 24025 24025 24025 24025 24025 24025 24025 24025 24025 24025 24025 24025 24025 24025 24025 24025 24025 1 24025 24025 24025 24025 24025 24025 24025 24025 24025 24025 24025 24025 24025 24025 24025 24025 24025 24025 24025 24025 24025 24025 24025 24025 24025 24025 24025 24025 24025 24025 24025 1 24025 24025 24025 24025 24025 24025 24025 24025 24025 24025 24025 24025 24025 24025 24025 1 24025 24025 24025 24025 24025 24025 24025 24025 24025 24025 24025 24025 24025 24025 24025 1 3 4 24025 2 24025 24025 24025 0 24025 24025 24025 24025 24025 24025 24025 
114 3000 24025 24025 24025 24025 24025 24025 24025 24025 24025 24025 24025 24025 24025 24025 24025 24025 24025 24025 24025 24025 24025 24025 24025 24025 24025 24025 24025 24025 24025 24025 24025 24025 24025 24025 24025 24025 24025 24025 24025 24025 24025 24025 24025 24025 24025 24025 24025 24025 24025 4 24025 24025 24025 24025 24025 24025 24025 24025 24025 24025 24025 24025 24025 24025 24025 24025 24025 24025 24025 24025 24025 24025 24025 24025 24025 24025 24025 24025 24025 24025 24025 0 24025 24025 24025 24025 24025 24025 24025 24025 24025 24025 24025 24025 24025 24025 24025 3 24025 24025 24025 24025 24025 24025 24025 24025 24025 24025 24025 24025 24025 24025 2 3 24025 4 24025 3 24025 24025 24025 2 24025 24025 24025 24025 24025 24025 
115 3000 24025 24025 24025 24025 24025 24025 24025 24025 24025 24025 24025 24025 24025 24025 24025 24025 24025 24025 24025 24025 24025 24025 24025 24025 24025 24025 24025 24025 24025 24025 24025 24025 24025 24025 24025 24025 24025 24025 24025 24025 24025 24025 24025 24025 24025 24025 24025 24025 24025 24025 2 24025 24025 24025 24025 24025 24025 24025 24025 24025 24025 24025 24025 24025 24025 24025 24025 24025 24025 24025 24025 24025 24025 24025 24025 24025 24025 24025 24025 24025 24025 24025 3 24025 24025 24025 24025 24025 24025 24025 24025 24025 24025 24025 24025 24025 24025 24025 1 24025 24025 24025 24025 24025 24025 24025 24025 24025 24025 24025 24025 24025 3 24025 2 2 24025 24025 0 24025 24025 24025 0 24025 24025 24025 24025 24025 
116 3000 24025 24025 24025 24025 24025 24025 24025 24025 24025 24025 24025 24025 24025 24025 24025 24025 24025 24025 24025 24025 24025 24025 24025 24025 24025 24025 24025 24025 24025 24025 24025 24025 24025 24025 24025 24025 24025 24025 24025 24025 24025 24025 24025 24025 24025 24025 24025 24025 24025 24025 24025 1 24025 24025 24025 24025 24025 24025 24025 24025 24025 24025 24025 24025 24025 24025 24025 24025 24025 24025 24025 24025 24025 24025 24025 24025 24025 24025 24025 24025 24025 24025 24025 2 24025 24025 24025 24025 24025 24025 24025 24025 24025 24025 24025 24025 24025 24025 24025 0 24025 24025 24025 24025 24025 24025 24025 24025 24025 24025 24025 24025 24025 0 0 3 24025 24025 24025 4 24025 24025 24025 2 24025 24025 24025 24025 
117 3000 24025 24025 24025 24025 24025 24025 24025 24025 24025 24025 24025 24025 24025 24025 24025 24025 24025 24025 24025 24025 24025 24025 24025 24025 24025 24025 24025 24025 24025 24025 24025 24025 24025 24025 24025 24025 24025 24025 24025 24025 24025 24025 24025 24025 24025 24025 24025 24025 24025 24025 24025 24025 1 24025 24025 24025 24025 24025 24025 24025 24025 24025 24025 24025 24025 24025 24025 24025 24025 24025 24025 24025 24025 24025 24025 24025 24025 24025 24025 24025 24025 24025 24025 24025 2 24025 24025 24025 24025 24025 24025 24025 24025 24025 24025 24025 24025 24025 24025 24025 2 24025 24025 24025 24025 24025 24025 24025 24025 24025 24025 24025 3 24025 24025 24025 4 4 0 24025 24025 24025 24025 24025 1 24025 24025 24025 
118 3000 24025 24025 24025 24025 24025 24025 24025 24025 24025 24025 24025 24025 24025 24025 24025 24025 24025 24025 24025 24025 24025 24025 24025 24025 24025 24025 24025 24025 24025 24025 24025 24025 24025 24025 24025 24025 24025 24025 24025 24025 24025 24025 24025 24025 24025 24025 24025 24025 24025 24025 24025 24025 24025 3 24025 24025 24025 24025 24025 24025 24025 24025 24025 24025 24025 24025 24025 24025 24025 24025 24025 24025 24025 24025 24025 24025 24025 24025 24025 24025 24025 24025 24025 24025 24025 3 24025 24025 24025 24025 24025 24025 24025 24025 24025 24025 24025 24025 24025 24025 24025 4 24025 24025 24025 24025 24025 24025 24025 24025 24025 24025 24025 3 24025 24025 2 1 24025 0 24025 24025 24025 24025 24025 4 24025 24025 
119 3000 24025 24025 24025 24025 24025 24025 24025 24025 24025 24025 24025 24025 24025 24025 24025 24025 24025 24025 24025 24025 24025 24025 24025 24025 24025 24025 24025 24025 24025 24025 24025 24025 24025 24025 24025 24025 24025 24025 24025 24025 24025 24025 24025 24025 24025 24025 24025 24025 24025 24025 24025 24025 24025 24025 1 24025 24025 24025 24025 24025 24025 24025 24025 24025 24025 24025 24025 24025 24025 24025 24025 24025 24025 24025 24025 24025 24025 24025 24025 24025 24025 24025 24025 24025 24025 24025 3 24025 24025 24025 24025 24025 24025 24025 24025 24025 24025 24025 24025 24025 24025 24025 3 24025 24025 24025 24025 24025 24025 24025 24025 24025 24025 24025 1 24025 4 24025 2 0 24025 24025 24025 24025 24025 24025 0 24025 
120 3000 24025 24025 24025 24025 24025 24025 24025 24025 24025 24025 24025 24025 24025 24025 24025 24025 24025 24025 24025 24025 24025 24025 24025 24025 24025 24025 24025 24025 24025 24025 24025 24025 24025 24025 24025 24025 24025 24025 24025 24025 24025 24025 24025 24025 24025 24025 24025 24025 24025 24025 24025 24025 24025 24025 24025 0 24025 24025 24025 24025 24025 24025 24025 24025 24025 24025 24025 24025 24025 24025 24025 24025 24025 24025 24025 24025 24025 24025 24025 24025 24025 24025 24025 24025 24025 24025 24025 2 24025 24025 24025 24025 24025 24025 24025 24025 24025 24025 24025 24025 24025 24025 24025 0 24025 24025 24025 24025 24025 24025 24025 24025 24025 24025 24025 0 24025 4 2 0 24025 24025 24025 24025 24025 24025 24025 3 
121 3000 24025 24025 24025 24025 24025 24025 24025 24025 24025 24025 24025 24025 24025 24025 24025 24025 24025 24025 24025 24025 24025 24025 24025 24025 24025 24025 24025 24025 24025 24025 24025 24025 24025 24025 24025 24025 24025 24025 24025 24025 24025 24025 24025 24025 24025 24025 24025 24025 24025 24025 24025 24025 24025 24025 24025 24025 4 24025 24025 24025 24025 24025 24025 24025 24025 24025 24025 24025 24025 24025 24025 24025 24025 24025 24025 24025 24025 24025 24025 24025 24025 24025 24025 24025 24025 24025 24025 24025 2 24025 24025 24025 24025 24025 24025 24025 24025 24025 24025 24025 24025 24025 24025 24025 0 24025 24025 24025 24025 24025 24025 24025 0 24025 24025 24025 24025 24025 24025 24025 3 3 3 24025 3 24025 24025 24025 
122 3000 24025 24025 24025 24025 24025 24025 24025 24025 24025 24025 24025 24025 24025 24025 24025 24025 24025 24025 24025 24025 24025 24025 24025 24025 24025 24025 24025 24025 24025 24025 24025 24025 24025 24025 24025 24025 24025 24025 24025 24025 24025 24025 24025 24025 24025 24025 24025 24025 24025 24025 24025 24025 24025 24025 24025 24025 24025 2 24025 24025 24025 24025 24025 24025 24025 24025 24025 24025 24025 24025 24025 24025 24025 24025 24025 24025 24025 24025 24025 24025 24025 24025 24025 24025 24025 24025 24025 24025 24025 4 24025 24025 24025 24025 24025 24025 24025 24025 24025 24025 24025 24025 24025 24025 24025 1 24025 24025 24025 24025 24025 24025 24025 1 24025 24025 24025 24025 24025 24025 2 2 24025 0 24025 2 24025 24025 
123 3000 24025 24025 24025 24025 24025 24025 24025 24025 24025 24025 24025 24025 24025 24025 24025 24025 24025 24025 24025 24025 24025 24025 24025 24025 24025 24025 24025 24025 24025 24025 24025 24025 24025 24025 24025 24025 24025 24025 24025 24025 24025 24025 24025 24025 24025 24025 24025 24025 24025 24025 24025 24025 24025 24025 24025 24025 24025 24025 2 24025 24025 24025 24025 24025 24025 24025 24025 24025 24025 24025 24025 24025 24025 24025 24025 24025 24025 24025 24025 24025 24025 24025 24025 24025 24025 24025 24025 24025 24025 24025 2 24025 24025 24025 24025 24025 24025 24025 24025 24025 24025 24025 24025 24025 24025 24025 2 24025 24025 24025 24025 24025 24025 24025 3 24025 24025 24025 24025 24025 0 24025 3 4 24025 24025 1 24025 
124 3000 24025 24025 24025 24025 24025 24025 24025 24025 24025 24025 24025 24025 24025 24025 24025 24025 24025 24025 24025 24025 24025 24025 24025 24025 24025 24025 24025 24025 24025 24025 24025 24025 24025 24025 24025 24025 24025 24025 24025 24025 24025 24025 24025 24025 24025 24025 24025 24025 24025 24025 24025 24025 24025 24025 24025 24025 24025 24025 24025 2 24025 24025 24025 24025 24025 24025 24025 24025 24025 24025 24025 24025 24025 24025 24025 24025 24025 24025 24025 24025 24025 24025 24025 24025 24025 24025 24025 24025 24025 24025 24025 1 24025 24025 24025 24025 24025 24025 24025 24025 24025 24025 24025 24025 24025 24025 24025 3 24025 24025 24025 24025 24025 24025 24025 1 24025 24025 24025 24025 24025 1 1 4 24025 24025 24025 2 
125 3000 24025 24025 24025 24025 24025 24025 24025 24025 24025 24025 24025 24025 24025 24025 24025 24025 24025 24025 24025 24025 24025 24025 24025 24025 24025 24025 24025 24025 24025 24025 24025 24025 24025 24025 24025 24025 24025 24025 24025 24025 24025 24025 24025 24025 24025 24025 24025 24025 24025 24025 24025 24025 24025 24025 24025 24025 24025 24025 24025 24025 1 24025 24025 24025 24025 24025 24025 24025 24025 24025 24025 24025 24025 24025 24025 24025 24025 24025 24025 24025 24025 24025 24025 24025 24025 24025 24025 24025 24025 24025 24025 24025 0 24025 24025 24025 24025 24025 24025 24025 24025 24025 24025 24025 24025 24025 24025 24025 1 24025 24025 24025 24025 24025 24025 24025 2 24025 24025 24025 3 24025 24025 24025 1 4 2 24025 
126 3000 24025 24025 24025 24025 24025 24025 24025 24025 24025 24025 24025 24025 24025 24025 24025 24025 24025 24025 24025 24025 24025 24025 24025 24025 24025 24025 24025 24025 24025 24025 24025 24025 24025 24025 24025 24025 24025 24025 24025 24025 24025 24025 24025 24025 24025 24025 24025 24025 24025 24025 24025 24025 24025 24025 24025 24025 24025 24025 24025 24025 24025 1 24025 24025 24025 24025 24025 24025 24025 24025 24025 24025 24025 24025 24025 24025 24025 24025 24025 24025 24025 24025 24025 24025 24025 24025 24025 24025 24025 24025 24025 24025 24025 4 24025 24025 24025 24025 24025 24025 24025 24025 24025 24025 24025 24025 24025 24025 24025 4 24025 24025 24025 24025 24025 24025 24025 1 24025 24025 24025 0 24025 24025 0 1 24025 2 
127 3000 24025 24025 24025 24025 24025 24025 24025 24025 24025 24025 24025 24025 24025 24025 24025 24025 24025 24025 24025 24025 24025 24025 24025 24025 24025 24025 24025 24025 24025 24025 24025 24025 24025 24025 24025 24025 24025 24025 24025 24025 24025 24025 24025 24025 24025 24025 24025 24025 24025 24025 24025 24025 24025 24025 24025 24025 24025 24025 24025 24025 24025 24025 0 24025 24025 24025 24025 24025 24025 24025 24025 24025 24025 24025 24025 24025 24025 24025 24025 24025 24025 24025 24025 24025 24025 24025 24025 24025 24025 24025 24025 24025 24025 24025 4 24025 24025 24025 24025 24025 24025 24025 24025 24025 24025 24025 24025 24025 24025 24025 0 24025 24025 24025 24025 24025 24025 24025 3 24025 24025 24025 3 24025 3 24025 0 3 
128 3000 24025 24025 24025 24025 24025 24025 24025 24025 24025 24025 24025 24025 24025 24025 24025 24025 24025 24025 24025 24025 24025 24025 24025 24025 24025 24025 24025 24025 24025 24025 24025 24025 24025 24025 24025 24025 24025 24025 24025 24025 24025 24025 24025 24025 24025 24025 24025 24025 24025 24025 24025 24025 24025 24025 24025 24025 24025 24025 24025 24025 24025 24025 24025 3 24025 24025 24025 24025 24025 24025 24025 24025 24025 24025 24025 24025 24025 24025 24025 24025 24025 24025 24025 24025 24025 24025 24025 24025 24025 24025 24025 24025 24025 24025 24025 4 24025 24025 24025 24025 24025 24025 24025 24025 24025 24025 24025 24025 24025 24025 24025 3 24025 24025 24025 24025 24025 24025 24025 3 24025 24025 24025 3 24025 2 4 1 
