FILE: 2234PCodesS.txt
128 128 0 
1 3000 3 2 2 24031 4 24031 24031 24031 2 24031 24031 24031 24031 24031 24031 24031 4 24031 24031 24031 24031 24031 24031 24031 24031 24031 24031 24031 24031 24031 24031 24031 0 24031 24031 24031 24031 24031 24031 24031 24031 24031 24031 24031 24031 24031 24031 24031 24031 24031 24031 24031 24031 24031 24031 24031 24031 24031 24031 24031 24031 24031 24031 24031 2 24031 24031 24031 24031 24031 24031 24031 24031 24031 24031 24031 24031 24031 24031 24031 24031 24031 24031 24031 24031 24031 24031 24031 24031 24031 24031 24031 24031 24031 24031 24031 24031 24031 24031 24031 24031 24031 24031 24031 24031 24031 24031 24031 24031 24031 24031 24031 24031 24031 24031 24031 24031 24031 24031 24031 24031 24031 24031 24031 24031 24031 24031 24031 
2 3000 4 4 24031 3 24031 3 24031 24031 24031 3 24031 24031 24031 24031 24031 24031 24031 0 24031 24031 24031 24031 24031 24031 24031 24031 24031 24031 24031 24031 24031 24031 24031 1 24031 24031 24031 24031 24031 24031 24031 24031 24031 24031 24031 24031 24031 24031 24031 24031 24031 24031 24031 24031 24031 24031 24031 24031 24031 24031 24031 24031 24031 24031 24031 4 24031 24031 24031 24031 24031 24031 24031 24031 24031 24031 24031 24031 24031 24031 24031 24031 24031 24031 24031 24031 24031 24031 24031 24031 24031 24031 24031 24031 24031 24031 24031 24031 24031 24031 24031 24031 24031 24031 24031 24031 24031 24031 24031 24031 24031 24031 24031 24031 24031 24031 24031 24031 24031 24031 24031 24031 24031 24031 24031 24031 24031 24031 
3 3000 1 24031 0 0 24031 24031 1 24031 24031 24031 1 24031 24031 24031 24031 24031 24031 24031 3 24031 24031 24031 24031 24031 24031 24031 24031 24031 24031 24031 24031 24031 24031 24031 4 24031 24031 24031 24031 24031 24031 24031 24031 24031 24031 24031 24031 24031 24031 24031 24031 24031 24031 24031 24031 24031 24031 24031 24031 24031 24031 24031 24031 24031 24031 24031 2 24031 24031 24031 24031 24031 24031 24031 24031 24031 24031 24031 24031 24031 24031 24031 24031 24031 24031 24031 24031 24031 24031 24031 24031 24031 24031 24031 24031 24031 24031 24031 24031 24031 24031 24031 24031 24031 24031 24031 24031 24031 24031 24031 24031 24031 24031 24031 24031 24031 24031 24031 24031 24031 24031 24031 24031 24031 24031 24031 24031 24031 
4 3000 24031 2 1 2 24031 24031 24031 3 24031 24031 24031 3 24031 24031 24031 24031 24031 24031 24031 4 24031 24031 24031 24031 24031 24031 24031 24031 24031 24031 24031 24031 24031 24031 24031 1 24031 24031 24031 24031 24031 24031 24031 24031 24031 24031 24031 24031 24031 24031 24031 24031 24031 24031 24031 24031 24031 24031 24031 24031 24031 24031 24031 24031 24031 24031 24031 1 24031 24031 24031 24031 24031 24031 24031 24031 24031 24031 24031 24031 24031 24031 24031 24031 24031 24031 24031 24031 24031 24031 24031 24031 24031 24031 24031 24031 24031 24031 24031 24031 24031 24031 24031 24031 24031 24031 24031 24031 24031 24031 24031 24031 24031 24031 24031 24031 24031 24031 24031 24031 24031 24031 24031 24031 24031 24031 24031 24031 
5 3000 2 24031 24031 24031 4 3 0 24031 24031 24031 24031 24031 4 24031 24031 24031 24031 24031 24031 24031 2 24031 24031 24031 24031 24031 24031 24031 24031 24031 24031 24031 24031 24031 24031 24031 4 24031 24031 24031 24031 24031 24031 24031 24031 24031 24031 24031 24031 24031 24031 24031 24031 24031 24031 24031 24031 24031 24031 24031 24031 24031 24031 24031 24031 24031 24031 24031 0 24031 24031 24031 24031 24031 24031 24031 24031 24031 24031 24031 24031 24031 24031 24031 24031 24031 24031 24031 24031 24031 24031 24031 24031 24031 24031 24031 24031 24031 24031 24031 24031 24031 24031 24031 24031 24031 24031 24031 24031 24031 24031 24031 24031 24031 24031 24031 24031 24031 24031 24031 24031 24031 24031 24031 24031 24031 24031 24031 
6 3000 24031 2 24031 24031 1 1 24031 0 24031 24031 24031 24031 24031 2 24031 24031 24031 24031 24031 24031 24031 2 24031 24031 24031 24031 24031 24031 24031 24031 24031 24031 24031 24031 24031 24031 24031 1 24031 24031 24031 24031 24031 24031 24031 24031 24031 24031 24031 24031 24031 24031 24031 24031 24031 24031 24031 24031 24031 24031 24031 24031 24031 24031 24031 24031 24031 24031 24031 1 24031 24031 24031 24031 24031 24031 24031 24031 24031 24031 24031 24031 24031 24031 24031 24031 24031 24031 24031 24031 24031 24031 24031 24031 24031 24031 24031 24031 24031 24031 24031 24031 24031 24031 24031 24031 24031 24031 24031 24031 24031 24031 24031 24031 24031 24031 24031 24031 24031 24031 24031 24031 24031 24031 24031 24031 24031 24031 
7 3000 24031 24031 1 24031 2 24031 0 0 24031 24031 24031 24031 24031 24031 2 24031 24031 24031 24031 24031 24031 24031 0 24031 24031 24031 24031 24031 24031 24031 24031 24031 24031 24031 24031 24031 24031 24031 3 24031 24031 24031 24031 24031 24031 24031 24031 24031 24031 24031 24031 24031 24031 24031 24031 24031 24031 24031 24031 24031 24031 24031 24031 24031 24031 24031 24031 24031 24031 24031 3 24031 24031 24031 24031 24031 24031 24031 24031 24031 24031 24031 24031 24031 24031 24031 24031 24031 24031 24031 24031 24031 24031 24031 24031 24031 24031 24031 24031 24031 24031 24031 24031 24031 24031 24031 24031 24031 24031 24031 24031 24031 24031 24031 24031 24031 24031 24031 24031 24031 24031 24031 24031 24031 24031 24031 24031 24031 
8 3000 24031 24031 24031 4 24031 3 0 4 24031 24031 24031 24031 24031 24031 24031 4 24031 24031 24031 24031 24031 24031 24031 4 24031 24031 24031 24031 24031 24031 24031 24031 24031 24031 24031 24031 24031 24031 24031 3 24031 24031 24031 24031 24031 24031 24031 24031 24031 24031 24031 24031 24031 24031 24031 24031 24031 24031 24031 24031 24031 24031 24031 24031 24031 24031 24031 24031 24031 24031 24031 0 24031 24031 24031 24031 24031 24031 24031 24031 24031 24031 24031 24031 24031 24031 24031 24031 24031 24031 24031 24031 24031 24031 24031 24031 24031 24031 24031 24031 24031 24031 24031 24031 24031 24031 24031 24031 24031 24031 24031 24031 24031 24031 24031 24031 24031 24031 24031 24031 24031 24031 24031 24031 24031 24031 24031 24031 
9 3000 1 24031 24031 24031 24031 24031 24031 24031 3 4 3 24031 0 24031 24031 24031 24031 24031 24031 24031 24031 24031 24031 24031 3 24031 24031 24031 24031 24031 24031 24031 24031 24031 24031 24031 24031 24031 24031 24031 0 24031 24031 24031 24031 24031 24031 24031 24031 24031 24031 24031 24031 24031 24031 24031 24031 24031 24031 24031 24031 24031 24031 24031 24031 24031 24031 24031 24031 24031 24031 24031 2 24031 24031 24031 24031 24031 24031 24031 24031 24031 24031 24031 24031 24031 24031 24031 24031 24031 24031 24031 24031 24031 24031 24031 24031 24031 24031 24031 24031 24031 24031 24031 24031 24031 24031 24031 24031 24031 24031 24031 24031 24031 24031 24031 24031 24031 24031 24031 24031 24031 24031 24031 24031 24031 24031 24031 
10 3000 24031 1 24031 24031 24031 24031 24031 24031 2 0 24031 0 24031 1 24031 24031 24031 24031 24031 24031 24031 24031 24031 24031 24031 3 24031 24031 24031 24031 24031 24031 24031 24031 24031 24031 24031 24031 24031 24031 24031 4 24031 24031 24031 24031 24031 24031 24031 24031 24031 24031 24031 24031 24031 24031 24031 24031 24031 24031 24031 24031 24031 24031 24031 24031 24031 24031 24031 24031 24031 24031 24031 2 24031 24031 24031 24031 24031 24031 24031 24031 24031 24031 24031 24031 24031 24031 24031 24031 24031 24031 24031 24031 24031 24031 24031 24031 24031 24031 24031 24031 24031 24031 24031 24031 24031 24031 24031 24031 24031 24031 24031 24031 24031 24031 24031 24031 24031 24031 24031 24031 24031 24031 24031 24031 24031 24031 
11 3000 24031 24031 3 24031 24031 24031 24031 24031 0 24031 3 1 24031 24031 2 24031 24031 24031 24031 24031 24031 24031 24031 24031 24031 24031 4 24031 24031 24031 24031 24031 24031 24031 24031 24031 24031 24031 24031 24031 24031 24031 2 24031 24031 24031 24031 24031 24031 24031 24031 24031 24031 24031 24031 24031 24031 24031 24031 24031 24031 24031 24031 24031 24031 24031 24031 24031 24031 24031 24031 24031 24031 24031 0 24031 24031 24031 24031 24031 24031 24031 24031 24031 24031 24031 24031 24031 24031 24031 24031 24031 24031 24031 24031 24031 24031 24031 24031 24031 24031 24031 24031 24031 24031 24031 24031 24031 24031 24031 24031 24031 24031 24031 24031 24031 24031 24031 24031 24031 24031 24031 24031 24031 24031 24031 24031 24031 
12 3000 24031 24031 24031 0 24031 24031 24031 24031 24031 0 4 4 24031 24031 24031 3 24031 24031 24031 24031 24031 24031 24031 24031 24031 24031 24031 1 24031 24031 24031 24031 24031 24031 24031 24031 24031 24031 24031 24031 24031 24031 24031 4 24031 24031 24031 24031 24031 24031 24031 24031 24031 24031 24031 24031 24031 24031 24031 24031 24031 24031 24031 24031 24031 24031 24031 24031 24031 24031 24031 24031 24031 24031 24031 2 24031 24031 24031 24031 24031 24031 24031 24031 24031 24031 24031 24031 24031 24031 24031 24031 24031 24031 24031 24031 24031 24031 24031 24031 24031 24031 24031 24031 24031 24031 24031 24031 24031 24031 24031 24031 24031 24031 24031 24031 24031 24031 24031 24031 24031 24031 24031 24031 24031 24031 24031 24031 
13 3000 24031 24031 24031 24031 0 24031 24031 24031 0 24031 24031 24031 4 2 1 24031 24031 24031 24031 24031 24031 24031 24031 24031 24031 24031 24031 24031 3 24031 24031 24031 24031 24031 24031 24031 24031 24031 24031 24031 24031 24031 24031 24031 1 24031 24031 24031 24031 24031 24031 24031 24031 24031 24031 24031 24031 24031 24031 24031 24031 24031 24031 24031 24031 24031 24031 24031 24031 24031 24031 24031 24031 24031 24031 24031 0 24031 24031 24031 24031 24031 24031 24031 24031 24031 24031 24031 24031 24031 24031 24031 24031 24031 24031 24031 24031 24031 24031 24031 24031 24031 24031 24031 24031 24031 24031 24031 24031 24031 24031 24031 24031 24031 24031 24031 24031 24031 24031 24031 24031 24031 24031 24031 24031 24031 24031 24031 
14 3000 24031 24031 24031 24031 24031 0 24031 24031 24031 2 24031 24031 3 4 24031 3 24031 24031 24031 24031 24031 24031 24031 24031 24031 24031 24031 24031 24031 3 24031 24031 24031 24031 24031 24031 24031 24031 24031 24031 24031 24031 24031 24031 24031 3 24031 24031 24031 24031 24031 24031 24031 24031 24031 24031 24031 24031 24031 24031 24031 24031 24031 24031 24031 24031 24031 24031 24031 24031 24031 24031 24031 24031 24031 24031 24031 0 24031 24031 24031 24031 24031 24031 24031 24031 24031 24031 24031 24031 24031 24031 24031 24031 24031 24031 24031 24031 24031 24031 24031 24031 24031 24031 24031 24031 24031 24031 24031 24031 24031 24031 24031 24031 24031 24031 24031 24031 24031 24031 24031 24031 24031 24031 24031 24031 24031 24031 
15 3000 24031 24031 24031 24031 24031 24031 1 24031 24031 24031 0 24031 1 24031 0 1 24031 24031 24031 24031 24031 24031 24031 24031 24031 24031 24031 24031 24031 24031 1 24031 24031 24031 24031 24031 24031 24031 24031 24031 24031 24031 24031 24031 24031 24031 1 24031 24031 24031 24031 24031 24031 24031 24031 24031 24031 24031 24031 24031 24031 24031 24031 24031 24031 24031 24031 24031 24031 24031 24031 24031 24031 24031 24031 24031 24031 24031 4 24031 24031 24031 24031 24031 24031 24031 24031 24031 24031 24031 24031 24031 24031 24031 24031 24031 24031 24031 24031 24031 24031 24031 24031 24031 24031 24031 24031 24031 24031 24031 24031 24031 24031 24031 24031 24031 24031 24031 24031 24031 24031 24031 24031 24031 24031 24031 24031 24031 
16 3000 24031 24031 24031 24031 24031 24031 24031 4 24031 24031 24031 3 24031 0 3 3 24031 24031 24031 24031 24031 24031 24031 24031 24031 24031 24031 24031 24031 24031 24031 1 24031 24031 24031 24031 24031 24031 24031 24031 24031 24031 24031 24031 24031 24031 24031 1 24031 24031 24031 24031 24031 24031 24031 24031 24031 24031 24031 24031 24031 24031 24031 24031 24031 24031 24031 24031 24031 24031 24031 24031 24031 24031 24031 24031 24031 24031 24031 4 24031 24031 24031 24031 24031 24031 24031 24031 24031 24031 24031 24031 24031 24031 24031 24031 24031 24031 24031 24031 24031 24031 24031 24031 24031 24031 24031 24031 24031 24031 24031 24031 24031 24031 24031 24031 24031 24031 24031 24031 24031 24031 24031 24031 24031 24031 24031 24031 
17 3000 4 24031 24031 24031 24031 24031 24031 24031 24031 24031 24031 24031 24031 24031 24031 24031 2 0 1 24031 2 24031 24031 24031 4 24031 24031 24031 24031 24031 24031 24031 24031 24031 24031 24031 24031 24031 24031 24031 24031 24031 24031 24031 24031 24031 24031 24031 4 24031 24031 24031 24031 24031 24031 24031 24031 24031 24031 24031 24031 24031 24031 24031 24031 24031 24031 24031 24031 24031 24031 24031 24031 24031 24031 24031 24031 24031 24031 24031 2 24031 24031 24031 24031 24031 24031 24031 24031 24031 24031 24031 24031 24031 24031 24031 24031 24031 24031 24031 24031 24031 24031 24031 24031 24031 24031 24031 24031 24031 24031 24031 24031 24031 24031 24031 24031 24031 24031 24031 24031 24031 24031 24031 24031 24031 24031 24031 
18 3000 24031 1 24031 24031 24031 24031 24031 24031 24031 24031 24031 24031 24031 24031 24031 24031 0 2 24031 1 24031 1 24031 24031 24031 1 24031 24031 24031 24031 24031 24031 24031 24031 24031 24031 24031 24031 24031 24031 24031 24031 24031 24031 24031 24031 24031 24031 24031 1 24031 24031 24031 24031 24031 24031 24031 24031 24031 24031 24031 24031 24031 24031 24031 24031 24031 24031 24031 24031 24031 24031 24031 24031 24031 24031 24031 24031 24031 24031 24031 3 24031 24031 24031 24031 24031 24031 24031 24031 24031 24031 24031 24031 24031 24031 24031 24031 24031 24031 24031 24031 24031 24031 24031 24031 24031 24031 24031 24031 24031 24031 24031 24031 24031 24031 24031 24031 24031 24031 24031 24031 24031 24031 24031 24031 24031 24031 
19 3000 24031 24031 3 24031 24031 24031 24031 24031 24031 24031 24031 24031 24031 24031 24031 24031 3 24031 1 1 24031 24031 2 24031 24031 24031 3 24031 24031 24031 24031 24031 24031 24031 24031 24031 24031 24031 24031 24031 24031 24031 24031 24031 24031 24031 24031 24031 24031 24031 0 24031 24031 24031 24031 24031 24031 24031 24031 24031 24031 24031 24031 24031 24031 24031 24031 24031 24031 24031 24031 24031 24031 24031 24031 24031 24031 24031 24031 24031 24031 24031 3 24031 24031 24031 24031 24031 24031 24031 24031 24031 24031 24031 24031 24031 24031 24031 24031 24031 24031 24031 24031 24031 24031 24031 24031 24031 24031 24031 24031 24031 24031 24031 24031 24031 24031 24031 24031 24031 24031 24031 24031 24031 24031 24031 24031 24031 
20 3000 24031 24031 24031 0 24031 24031 24031 24031 24031 24031 24031 24031 24031 24031 24031 24031 24031 2 2 1 24031 24031 24031 2 24031 24031 24031 1 24031 24031 24031 24031 24031 24031 24031 24031 24031 24031 24031 24031 24031 24031 24031 24031 24031 24031 24031 24031 24031 24031 24031 3 24031 24031 24031 24031 24031 24031 24031 24031 24031 24031 24031 24031 24031 24031 24031 24031 24031 24031 24031 24031 24031 24031 24031 24031 24031 24031 24031 24031 24031 24031 24031 1 24031 24031 24031 24031 24031 24031 24031 24031 24031 24031 24031 24031 24031 24031 24031 24031 24031 24031 24031 24031 24031 24031 24031 24031 24031 24031 24031 24031 24031 24031 24031 24031 24031 24031 24031 24031 24031 24031 24031 24031 24031 24031 24031 24031 
21 3000 24031 24031 24031 24031 0 24031 24031 24031 24031 24031 24031 24031 24031 24031 24031 24031 1 24031 24031 24031 2 0 2 24031 24031 24031 24031 24031 4 24031 24031 24031 24031 24031 24031 24031 24031 24031 24031 24031 24031 24031 24031 24031 24031 24031 24031 24031 24031 24031 24031 24031 3 24031 24031 24031 24031 24031 24031 24031 24031 24031 24031 24031 24031 24031 24031 24031 24031 24031 24031 24031 24031 24031 24031 24031 24031 24031 24031 24031 24031 24031 24031 24031 1 24031 24031 24031 24031 24031 24031 24031 24031 24031 24031 24031 24031 24031 24031 24031 24031 24031 24031 24031 24031 24031 24031 24031 24031 24031 24031 24031 24031 24031 24031 24031 24031 24031 24031 24031 24031 24031 24031 24031 24031 24031 24031 24031 
22 3000 24031 24031 24031 24031 24031 2 24031 24031 24031 24031 24031 24031 24031 24031 24031 24031 24031 3 24031 24031 2 4 24031 1 24031 24031 24031 24031 24031 4 24031 24031 24031 24031 24031 24031 24031 24031 24031 24031 24031 24031 24031 24031 24031 24031 24031 24031 24031 24031 24031 24031 24031 4 24031 24031 24031 24031 24031 24031 24031 24031 24031 24031 24031 24031 24031 24031 24031 24031 24031 24031 24031 24031 24031 24031 24031 24031 24031 24031 24031 24031 24031 24031 24031 1 24031 24031 24031 24031 24031 24031 24031 24031 24031 24031 24031 24031 24031 24031 24031 24031 24031 24031 24031 24031 24031 24031 24031 24031 24031 24031 24031 24031 24031 24031 24031 24031 24031 24031 24031 24031 24031 24031 24031 24031 24031 24031 
23 3000 24031 24031 24031 24031 24031 24031 2 24031 24031 24031 24031 24031 24031 24031 24031 24031 24031 24031 3 24031 1 24031 2 4 24031 24031 24031 24031 24031 24031 4 24031 24031 24031 24031 24031 24031 24031 24031 24031 24031 24031 24031 24031 24031 24031 24031 24031 24031 24031 24031 24031 24031 24031 3 24031 24031 24031 24031 24031 24031 24031 24031 24031 24031 24031 24031 24031 24031 24031 24031 24031 24031 24031 24031 24031 24031 24031 24031 24031 24031 24031 24031 24031 24031 24031 4 24031 24031 24031 24031 24031 24031 24031 24031 24031 24031 24031 24031 24031 24031 24031 24031 24031 24031 24031 24031 24031 24031 24031 24031 24031 24031 24031 24031 24031 24031 24031 24031 24031 24031 24031 24031 24031 24031 24031 24031 24031 
24 3000 24031 24031 24031 24031 24031 24031 24031 1 24031 24031 24031 24031 24031 24031 24031 24031 24031 24031 24031 3 24031 3 1 2 24031 24031 24031 24031 24031 24031 24031 3 24031 24031 24031 24031 24031 24031 24031 24031 24031 24031 24031 24031 24031 24031 24031 24031 24031 24031 24031 24031 24031 24031 24031 4 24031 24031 24031 24031 24031 24031 24031 24031 24031 24031 24031 24031 24031 24031 24031 24031 24031 24031 24031 24031 24031 24031 24031 24031 24031 24031 24031 24031 24031 24031 24031 3 24031 24031 24031 24031 24031 24031 24031 24031 24031 24031 24031 24031 24031 24031 24031 24031 24031 24031 24031 24031 24031 24031 24031 24031 24031 24031 24031 24031 24031 24031 24031 24031 24031 24031 24031 24031 24031 24031 24031 24031 
25 3000 24031 24031 24031 24031 24031 24031 24031 24031 0 24031 24031 24031 24031 24031 24031 24031 4 24031 24031 24031 24031 24031 24031 24031 3 1 3 24031 1 24031 24031 24031 24031 24031 24031 24031 24031 24031 24031 24031 24031 24031 24031 24031 24031 24031 24031 24031 24031 24031 24031 24031 24031 24031 24031 24031 1 24031 24031 24031 24031 24031 24031 24031 24031 24031 24031 24031 24031 24031 24031 24031 24031 24031 24031 24031 24031 24031 24031 24031 24031 24031 24031 24031 24031 24031 24031 24031 1 24031 24031 24031 24031 24031 24031 24031 24031 24031 24031 24031 24031 24031 24031 24031 24031 24031 24031 24031 24031 24031 24031 24031 24031 24031 24031 24031 24031 24031 24031 24031 24031 24031 24031 24031 24031 24031 24031 24031 
26 3000 24031 24031 24031 24031 24031 24031 24031 24031 24031 3 24031 24031 24031 24031 24031 24031 24031 0 24031 24031 24031 24031 24031 24031 1 1 24031 0 24031 0 24031 24031 24031 24031 24031 24031 24031 24031 24031 24031 24031 24031 24031 24031 24031 24031 24031 24031 24031 24031 24031 24031 24031 24031 24031 24031 24031 4 24031 24031 24031 24031 24031 24031 24031 24031 24031 24031 24031 24031 24031 24031 24031 24031 24031 24031 24031 24031 24031 24031 24031 24031 24031 24031 24031 24031 24031 24031 24031 0 24031 24031 24031 24031 24031 24031 24031 24031 24031 24031 24031 24031 24031 24031 24031 24031 24031 24031 24031 24031 24031 24031 24031 24031 24031 24031 24031 24031 24031 24031 24031 24031 24031 24031 24031 24031 24031 24031 
27 3000 24031 24031 24031 24031 24031 24031 24031 24031 24031 24031 4 24031 24031 24031 24031 24031 24031 24031 1 24031 24031 24031 24031 24031 3 24031 0 1 24031 24031 4 24031 24031 24031 24031 24031 24031 24031 24031 24031 24031 24031 24031 24031 24031 24031 24031 24031 24031 24031 24031 24031 24031 24031 24031 24031 24031 24031 4 24031 24031 24031 24031 24031 24031 24031 24031 24031 24031 24031 24031 24031 24031 24031 24031 24031 24031 24031 24031 24031 24031 24031 24031 24031 24031 24031 24031 24031 24031 24031 4 24031 24031 24031 24031 24031 24031 24031 24031 24031 24031 24031 24031 24031 24031 24031 24031 24031 24031 24031 24031 24031 24031 24031 24031 24031 24031 24031 24031 24031 24031 24031 24031 24031 24031 24031 24031 24031 
28 3000 24031 24031 24031 24031 24031 24031 24031 24031 24031 24031 24031 0 24031 24031 24031 24031 24031 24031 24031 1 24031 24031 24031 24031 24031 2 1 3 24031 24031 24031 3 24031 24031 24031 24031 24031 24031 24031 24031 24031 24031 24031 24031 24031 24031 24031 24031 24031 24031 24031 24031 24031 24031 24031 24031 24031 24031 24031 0 24031 24031 24031 24031 24031 24031 24031 24031 24031 24031 24031 24031 24031 24031 24031 24031 24031 24031 24031 24031 24031 24031 24031 24031 24031 24031 24031 24031 24031 24031 24031 4 24031 24031 24031 24031 24031 24031 24031 24031 24031 24031 24031 24031 24031 24031 24031 24031 24031 24031 24031 24031 24031 24031 24031 24031 24031 24031 24031 24031 24031 24031 24031 24031 24031 24031 24031 24031 
29 3000 24031 24031 24031 24031 24031 24031 24031 24031 24031 24031 24031 24031 4 24031 24031 24031 24031 24031 24031 24031 3 24031 24031 24031 2 24031 24031 24031 4 3 2 24031 24031 24031 24031 24031 24031 24031 24031 24031 24031 24031 24031 24031 24031 24031 24031 24031 24031 24031 24031 24031 24031 24031 24031 24031 24031 24031 24031 24031 4 24031 24031 24031 24031 24031 24031 24031 24031 24031 24031 24031 24031 24031 24031 24031 24031 24031 24031 24031 24031 24031 24031 24031 24031 24031 24031 24031 24031 24031 24031 24031 3 24031 24031 24031 24031 24031 24031 24031 24031 24031 24031 24031 24031 24031 24031 24031 24031 24031 24031 24031 24031 24031 24031 24031 24031 24031 24031 24031 24031 24031 24031 24031 24031 24031 24031 24031 
30 3000 24031 24031 24031 24031 24031 24031 24031 24031 24031 24031 24031 24031 24031 1 24031 24031 24031 24031 24031 24031 24031 2 24031 24031 24031 3 24031 24031 1 0 24031 1 24031 24031 24031 24031 24031 24031 24031 24031 24031 24031 24031 24031 24031 24031 24031 24031 24031 24031 24031 24031 24031 24031 24031 24031 24031 24031 24031 24031 24031 4 24031 24031 24031 24031 24031 24031 24031 24031 24031 24031 24031 24031 24031 24031 24031 24031 24031 24031 24031 24031 24031 24031 24031 24031 24031 24031 24031 24031 24031 24031 24031 4 24031 24031 24031 24031 24031 24031 24031 24031 24031 24031 24031 24031 24031 24031 24031 24031 24031 24031 24031 24031 24031 24031 24031 24031 24031 24031 24031 24031 24031 24031 24031 24031 24031 24031 
31 3000 24031 24031 24031 24031 24031 24031 24031 24031 24031 24031 24031 24031 24031 24031 2 24031 24031 24031 24031 24031 24031 24031 4 24031 24031 24031 2 24031 0 24031 1 0 24031 24031 24031 24031 24031 24031 24031 24031 24031 24031 24031 24031 24031 24031 24031 24031 24031 24031 24031 24031 24031 24031 24031 24031 24031 24031 24031 24031 24031 24031 0 24031 24031 24031 24031 24031 24031 24031 24031 24031 24031 24031 24031 24031 24031 24031 24031 24031 24031 24031 24031 24031 24031 24031 24031 24031 24031 24031 24031 24031 24031 24031 3 24031 24031 24031 24031 24031 24031 24031 24031 24031 24031 24031 24031 24031 24031 24031 24031 24031 24031 24031 24031 24031 24031 24031 24031 24031 24031 24031 24031 24031 24031 24031 24031 24031 
32 3000 24031 24031 24031 24031 24031 24031 24031 24031 24031 24031 24031 24031 24031 24031 24031 3 24031 24031 24031 24031 24031 24031 24031 2 24031 24031 24031 4 24031 4 3 0 24031 24031 24031 24031 24031 24031 24031 24031 24031 24031 24031 24031 24031 24031 24031 24031 24031 24031 24031 24031 24031 24031 24031 24031 24031 24031 24031 24031 24031 24031 24031 1 24031 24031 24031 24031 24031 24031 24031 24031 24031 24031 24031 24031 24031 24031 24031 24031 24031 24031 24031 24031 24031 24031 24031 24031 24031 24031 24031 24031 24031 24031 24031 3 24031 24031 24031 24031 24031 24031 24031 24031 24031 24031 24031 24031 24031 24031 24031 24031 24031 24031 24031 24031 24031 24031 24031 24031 24031 24031 24031 24031 24031 24031 24031 24031 
33 3000 0 24031 24031 24031 24031 24031 24031 24031 24031 24031 24031 24031 24031 24031 24031 24031 24031 24031 24031 24031 24031 24031 24031 24031 24031 24031 24031 24031 24031 24031 24031 24031 4 0 3 24031 1 24031 24031 24031 4 24031 24031 24031 24031 24031 24031 24031 3 24031 24031 24031 24031 24031 24031 24031 24031 24031 24031 24031 24031 24031 24031 24031 24031 24031 24031 24031 24031 24031 24031 24031 24031 24031 24031 24031 24031 24031 24031 24031 24031 24031 24031 24031 24031 24031 24031 24031 24031 24031 24031 24031 24031 24031 24031 24031 1 24031 24031 24031 24031 24031 24031 24031 24031 24031 24031 24031 24031 24031 24031 24031 24031 24031 24031 24031 24031 24031 24031 24031 24031 24031 24031 24031 24031 24031 24031 24031 
34 3000 24031 4 24031 24031 24031 24031 24031 24031 24031 24031 24031 24031 24031 24031 24031 24031 24031 24031 24031 24031 24031 24031 24031 24031 24031 24031 24031 24031 24031 24031 24031 24031 0 2 24031 4 24031 2 24031 24031 24031 4 24031 24031 24031 24031 24031 24031 24031 4 24031 24031 24031 24031 24031 24031 24031 24031 24031 24031 24031 24031 24031 24031 24031 24031 24031 24031 24031 24031 24031 24031 24031 24031 24031 24031 24031 24031 24031 24031 24031 24031 24031 24031 24031 24031 24031 24031 24031 24031 24031 24031 24031 24031 24031 24031 24031 1 24031 24031 24031 24031 24031 24031 24031 24031 24031 24031 24031 24031 24031 24031 24031 24031 24031 24031 24031 24031 24031 24031 24031 24031 24031 24031 24031 24031 24031 24031 
35 3000 24031 24031 4 24031 24031 24031 24031 24031 24031 24031 24031 24031 24031 24031 24031 24031 24031 24031 24031 24031 24031 24031 24031 24031 24031 24031 24031 24031 24031 24031 24031 24031 3 24031 0 3 24031 24031 1 24031 24031 24031 4 24031 24031 24031 24031 24031 24031 24031 3 24031 24031 24031 24031 24031 24031 24031 24031 24031 24031 24031 24031 24031 24031 24031 24031 24031 24031 24031 24031 24031 24031 24031 24031 24031 24031 24031 24031 24031 24031 24031 24031 24031 24031 24031 24031 24031 24031 24031 24031 24031 24031 24031 24031 24031 24031 24031 1 24031 24031 24031 24031 24031 24031 24031 24031 24031 24031 24031 24031 24031 24031 24031 24031 24031 24031 24031 24031 24031 24031 24031 24031 24031 24031 24031 24031 24031 
36 3000 24031 24031 24031 2 24031 24031 24031 24031 24031 24031 24031 24031 24031 24031 24031 24031 24031 24031 24031 24031 24031 24031 24031 24031 24031 24031 24031 24031 24031 24031 24031 24031 24031 0 4 3 24031 24031 24031 3 24031 24031 24031 2 24031 24031 24031 24031 24031 24031 24031 4 24031 24031 24031 24031 24031 24031 24031 24031 24031 24031 24031 24031 24031 24031 24031 24031 24031 24031 24031 24031 24031 24031 24031 24031 24031 24031 24031 24031 24031 24031 24031 24031 24031 24031 24031 24031 24031 24031 24031 24031 24031 24031 24031 24031 24031 24031 24031 0 24031 24031 24031 24031 24031 24031 24031 24031 24031 24031 24031 24031 24031 24031 24031 24031 24031 24031 24031 24031 24031 24031 24031 24031 24031 24031 24031 24031 
37 3000 24031 24031 24031 24031 4 24031 24031 24031 24031 24031 24031 24031 24031 24031 24031 24031 24031 24031 24031 24031 24031 24031 24031 24031 24031 24031 24031 24031 24031 24031 24031 24031 1 24031 24031 24031 2 3 2 24031 24031 24031 24031 24031 4 24031 24031 24031 24031 24031 24031 24031 2 24031 24031 24031 24031 24031 24031 24031 24031 24031 24031 24031 24031 24031 24031 24031 24031 24031 24031 24031 24031 24031 24031 24031 24031 24031 24031 24031 24031 24031 24031 24031 24031 24031 24031 24031 24031 24031 24031 24031 24031 24031 24031 24031 24031 24031 24031 24031 2 24031 24031 24031 24031 24031 24031 24031 24031 24031 24031 24031 24031 24031 24031 24031 24031 24031 24031 24031 24031 24031 24031 24031 24031 24031 24031 24031 
38 3000 24031 24031 24031 24031 24031 2 24031 24031 24031 24031 24031 24031 24031 24031 24031 24031 24031 24031 24031 24031 24031 24031 24031 24031 24031 24031 24031 24031 24031 24031 24031 24031 24031 4 24031 24031 0 2 24031 2 24031 24031 24031 24031 24031 4 24031 24031 24031 24031 24031 24031 24031 2 24031 24031 24031 24031 24031 24031 24031 24031 24031 24031 24031 24031 24031 24031 24031 24031 24031 24031 24031 24031 24031 24031 24031 24031 24031 24031 24031 24031 24031 24031 24031 24031 24031 24031 24031 24031 24031 24031 24031 24031 24031 24031 24031 24031 24031 24031 24031 3 24031 24031 24031 24031 24031 24031 24031 24031 24031 24031 24031 24031 24031 24031 24031 24031 24031 24031 24031 24031 24031 24031 24031 24031 24031 24031 
39 3000 24031 24031 24031 24031 24031 24031 0 24031 24031 24031 24031 24031 24031 24031 24031 24031 24031 24031 24031 24031 24031 24031 24031 24031 24031 24031 24031 24031 24031 24031 24031 24031 24031 24031 2 24031 3 24031 0 4 24031 24031 24031 24031 24031 24031 0 24031 24031 24031 24031 24031 24031 24031 2 24031 24031 24031 24031 24031 24031 24031 24031 24031 24031 24031 24031 24031 24031 24031 24031 24031 24031 24031 24031 24031 24031 24031 24031 24031 24031 24031 24031 24031 24031 24031 24031 24031 24031 24031 24031 24031 24031 24031 24031 24031 24031 24031 24031 24031 24031 24031 2 24031 24031 24031 24031 24031 24031 24031 24031 24031 24031 24031 24031 24031 24031 24031 24031 24031 24031 24031 24031 24031 24031 24031 24031 24031 
40 3000 24031 24031 24031 24031 24031 24031 24031 3 24031 24031 24031 24031 24031 24031 24031 24031 24031 24031 24031 24031 24031 24031 24031 24031 24031 24031 24031 24031 24031 24031 24031 24031 24031 24031 24031 2 24031 0 3 0 24031 24031 24031 24031 24031 24031 24031 3 24031 24031 24031 24031 24031 24031 24031 3 24031 24031 24031 24031 24031 24031 24031 24031 24031 24031 24031 24031 24031 24031 24031 24031 24031 24031 24031 24031 24031 24031 24031 24031 24031 24031 24031 24031 24031 24031 24031 24031 24031 24031 24031 24031 24031 24031 24031 24031 24031 24031 24031 24031 24031 24031 24031 3 24031 24031 24031 24031 24031 24031 24031 24031 24031 24031 24031 24031 24031 24031 24031 24031 24031 24031 24031 24031 24031 24031 24031 24031 
41 3000 24031 24031 24031 24031 24031 24031 24031 24031 2 24031 24031 24031 24031 24031 24031 24031 24031 24031 24031 24031 24031 24031 24031 24031 24031 24031 24031 24031 24031 24031 24031 24031 0 24031 24031 24031 24031 24031 24031 24031 3 2 4 24031 4 24031 24031 24031 24031 24031 24031 24031 24031 24031 24031 24031 1 24031 24031 24031 24031 24031 24031 24031 24031 24031 24031 24031 24031 24031 24031 24031 24031 24031 24031 24031 24031 24031 24031 24031 24031 24031 24031 24031 24031 24031 24031 24031 24031 24031 24031 24031 24031 24031 24031 24031 24031 24031 24031 24031 24031 24031 24031 24031 3 24031 24031 24031 24031 24031 24031 24031 24031 24031 24031 24031 24031 24031 24031 24031 24031 24031 24031 24031 24031 24031 24031 24031 
42 3000 24031 24031 24031 24031 24031 24031 24031 24031 24031 4 24031 24031 24031 24031 24031 24031 24031 24031 24031 24031 24031 24031 24031 24031 24031 24031 24031 24031 24031 24031 24031 24031 24031 0 24031 24031 24031 24031 24031 24031 1 4 24031 3 24031 0 24031 24031 24031 24031 24031 24031 24031 24031 24031 24031 24031 0 24031 24031 24031 24031 24031 24031 24031 24031 24031 24031 24031 24031 24031 24031 24031 24031 24031 24031 24031 24031 24031 24031 24031 24031 24031 24031 24031 24031 24031 24031 24031 24031 24031 24031 24031 24031 24031 24031 24031 24031 24031 24031 24031 24031 24031 24031 24031 4 24031 24031 24031 24031 24031 24031 24031 24031 24031 24031 24031 24031 24031 24031 24031 24031 24031 24031 24031 24031 24031 24031 
43 3000 24031 24031 24031 24031 24031 24031 24031 24031 24031 24031 2 24031 24031 24031 24031 24031 24031 24031 24031 24031 24031 24031 24031 24031 24031 24031 24031 24031 24031 24031 24031 24031 24031 24031 4 24031 24031 24031 24031 24031 4 24031 1 3 24031 24031 3 24031 24031 24031 24031 24031 24031 24031 24031 24031 24031 24031 4 24031 24031 24031 24031 24031 24031 24031 24031 24031 24031 24031 24031 24031 24031 24031 24031 24031 24031 24031 24031 24031 24031 24031 24031 24031 24031 24031 24031 24031 24031 24031 24031 24031 24031 24031 24031 24031 24031 24031 24031 24031 24031 24031 24031 24031 24031 24031 4 24031 24031 24031 24031 24031 24031 24031 24031 24031 24031 24031 24031 24031 24031 24031 24031 24031 24031 24031 24031 24031 
44 3000 24031 24031 24031 24031 24031 24031 24031 24031 24031 24031 24031 0 24031 24031 24031 24031 24031 24031 24031 24031 24031 24031 24031 24031 24031 24031 24031 24031 24031 24031 24031 24031 24031 24031 24031 3 24031 24031 24031 24031 24031 1 1 3 24031 24031 24031 2 24031 24031 24031 24031 24031 24031 24031 24031 24031 24031 24031 0 24031 24031 24031 24031 24031 24031 24031 24031 24031 24031 24031 24031 24031 24031 24031 24031 24031 24031 24031 24031 24031 24031 24031 24031 24031 24031 24031 24031 24031 24031 24031 24031 24031 24031 24031 24031 24031 24031 24031 24031 24031 24031 24031 24031 24031 24031 24031 1 24031 24031 24031 24031 24031 24031 24031 24031 24031 24031 24031 24031 24031 24031 24031 24031 24031 24031 24031 24031 
45 3000 24031 24031 24031 24031 24031 24031 24031 24031 24031 24031 24031 24031 4 24031 24031 24031 24031 24031 24031 24031 24031 24031 24031 24031 24031 24031 24031 24031 24031 24031 24031 24031 24031 24031 24031 24031 3 24031 24031 24031 4 24031 24031 24031 4 1 3 24031 24031 24031 24031 24031 24031 24031 24031 24031 24031 24031 24031 24031 4 24031 24031 24031 24031 24031 24031 24031 24031 24031 24031 24031 24031 24031 24031 24031 24031 24031 24031 24031 24031 24031 24031 24031 24031 24031 24031 24031 24031 24031 24031 24031 24031 24031 24031 24031 24031 24031 24031 24031 24031 24031 24031 24031 24031 24031 24031 24031 1 24031 24031 24031 24031 24031 24031 24031 24031 24031 24031 24031 24031 24031 24031 24031 24031 24031 24031 24031 
46 3000 24031 24031 24031 24031 24031 24031 24031 24031 24031 24031 24031 24031 24031 4 24031 24031 24031 24031 24031 24031 24031 24031 24031 24031 24031 24031 24031 24031 24031 24031 24031 24031 24031 24031 24031 24031 24031 3 24031 24031 24031 1 24031 24031 0 2 24031 0 24031 24031 24031 24031 24031 24031 24031 24031 24031 24031 24031 24031 24031 4 24031 24031 24031 24031 24031 24031 24031 24031 24031 24031 24031 24031 24031 24031 24031 24031 24031 24031 24031 24031 24031 24031 24031 24031 24031 24031 24031 24031 24031 24031 24031 24031 24031 24031 24031 24031 24031 24031 24031 24031 24031 24031 24031 24031 24031 24031 24031 1 24031 24031 24031 24031 24031 24031 24031 24031 24031 24031 24031 24031 24031 24031 24031 24031 24031 24031 
47 3000 24031 24031 24031 24031 24031 24031 24031 24031 24031 24031 24031 24031 24031 24031 1 24031 24031 24031 24031 24031 24031 24031 24031 24031 24031 24031 24031 24031 24031 24031 24031 24031 24031 24031 24031 24031 24031 24031 4 24031 24031 24031 3 24031 4 24031 4 1 24031 24031 24031 24031 24031 24031 24031 24031 24031 24031 24031 24031 24031 24031 2 24031 24031 24031 24031 24031 24031 24031 24031 24031 24031 24031 24031 24031 24031 24031 24031 24031 24031 24031 24031 24031 24031 24031 24031 24031 24031 24031 24031 24031 24031 24031 24031 24031 24031 24031 24031 24031 24031 24031 24031 24031 24031 24031 24031 24031 24031 24031 1 24031 24031 24031 24031 24031 24031 24031 24031 24031 24031 24031 24031 24031 24031 24031 24031 24031 
48 3000 24031 24031 24031 24031 24031 24031 24031 24031 24031 24031 24031 24031 24031 24031 24031 1 24031 24031 24031 24031 24031 24031 24031 24031 24031 24031 24031 24031 24031 24031 24031 24031 24031 24031 24031 24031 24031 24031 24031 0 24031 24031 24031 0 24031 2 0 4 24031 24031 24031 24031 24031 24031 24031 24031 24031 24031 24031 24031 24031 24031 24031 0 24031 24031 24031 24031 24031 24031 24031 24031 24031 24031 24031 24031 24031 24031 24031 24031 24031 24031 24031 24031 24031 24031 24031 24031 24031 24031 24031 24031 24031 24031 24031 24031 24031 24031 24031 24031 24031 24031 24031 24031 24031 24031 24031 24031 24031 24031 24031 2 24031 24031 24031 24031 24031 24031 24031 24031 24031 24031 24031 24031 24031 24031 24031 24031 
49 3000 24031 24031 24031 24031 24031 24031 24031 24031 24031 24031 24031 24031 24031 24031 24031 24031 0 24031 24031 24031 24031 24031 24031 24031 24031 24031 24031 24031 24031 24031 24031 24031 4 24031 24031 24031 24031 24031 24031 24031 24031 24031 24031 24031 24031 24031 24031 24031 2 0 1 24031 4 24031 24031 24031 1 24031 24031 24031 24031 24031 24031 24031 24031 24031 24031 24031 24031 24031 24031 24031 24031 24031 24031 24031 24031 24031 24031 24031 24031 24031 24031 24031 24031 24031 24031 24031 24031 24031 24031 24031 24031 24031 24031 24031 24031 24031 24031 24031 24031 24031 24031 24031 24031 24031 24031 24031 24031 24031 24031 24031 0 24031 24031 24031 24031 24031 24031 24031 24031 24031 24031 24031 24031 24031 24031 24031 
50 3000 24031 24031 24031 24031 24031 24031 24031 24031 24031 24031 24031 24031 24031 24031 24031 24031 24031 1 24031 24031 24031 24031 24031 24031 24031 24031 24031 24031 24031 24031 24031 24031 24031 0 24031 24031 24031 24031 24031 24031 24031 24031 24031 24031 24031 24031 24031 24031 0 2 24031 3 24031 1 24031 24031 24031 0 24031 24031 24031 24031 24031 24031 24031 24031 24031 24031 24031 24031 24031 24031 24031 24031 24031 24031 24031 24031 24031 24031 24031 24031 24031 24031 24031 24031 24031 24031 24031 24031 24031 24031 24031 24031 24031 24031 24031 24031 24031 24031 24031 24031 24031 24031 24031 24031 24031 24031 24031 24031 24031 24031 24031 0 24031 24031 24031 24031 24031 24031 24031 24031 24031 24031 24031 24031 24031 24031 
51 3000 24031 24031 24031 24031 24031 24031 24031 24031 24031 24031 24031 24031 24031 24031 24031 24031 24031 24031 4 24031 24031 24031 24031 24031 24031 24031 24031 24031 24031 24031 24031 24031 24031 24031 4 24031 24031 24031 24031 24031 24031 24031 24031 24031 24031 24031 24031 24031 1 24031 0 1 24031 24031 1 24031 24031 24031 4 24031 24031 24031 24031 24031 24031 24031 24031 24031 24031 24031 24031 24031 24031 24031 24031 24031 24031 24031 24031 24031 24031 24031 24031 24031 24031 24031 24031 24031 24031 24031 24031 24031 24031 24031 24031 24031 24031 24031 24031 24031 24031 24031 24031 24031 24031 24031 24031 24031 24031 24031 24031 24031 24031 24031 3 24031 24031 24031 24031 24031 24031 24031 24031 24031 24031 24031 24031 24031 
52 3000 24031 24031 24031 24031 24031 24031 24031 24031 24031 24031 24031 24031 24031 24031 24031 24031 24031 24031 24031 3 24031 24031 24031 24031 24031 24031 24031 24031 24031 24031 24031 24031 24031 24031 24031 3 24031 24031 24031 24031 24031 24031 24031 24031 24031 24031 24031 24031 24031 0 1 3 24031 24031 24031 4 24031 24031 24031 4 24031 24031 24031 24031 24031 24031 24031 24031 24031 24031 24031 24031 24031 24031 24031 24031 24031 24031 24031 24031 24031 24031 24031 24031 24031 24031 24031 24031 24031 24031 24031 24031 24031 24031 24031 24031 24031 24031 24031 24031 24031 24031 24031 24031 24031 24031 24031 24031 24031 24031 24031 24031 24031 24031 24031 2 24031 24031 24031 24031 24031 24031 24031 24031 24031 24031 24031 24031 
53 3000 24031 24031 24031 24031 24031 24031 24031 24031 24031 24031 24031 24031 24031 24031 24031 24031 24031 24031 24031 24031 2 24031 24031 24031 24031 24031 24031 24031 24031 24031 24031 24031 24031 24031 24031 24031 4 24031 24031 24031 24031 24031 24031 24031 24031 24031 24031 24031 4 24031 24031 24031 4 2 1 24031 24031 24031 24031 24031 0 24031 24031 24031 24031 24031 24031 24031 24031 24031 24031 24031 24031 24031 24031 24031 24031 24031 24031 24031 24031 24031 24031 24031 24031 24031 24031 24031 24031 24031 24031 24031 24031 24031 24031 24031 24031 24031 24031 24031 24031 24031 24031 24031 24031 24031 24031 24031 24031 24031 24031 24031 24031 24031 24031 24031 4 24031 24031 24031 24031 24031 24031 24031 24031 24031 24031 24031 
54 3000 24031 24031 24031 24031 24031 24031 24031 24031 24031 24031 24031 24031 24031 24031 24031 24031 24031 24031 24031 24031 24031 1 24031 24031 24031 24031 24031 24031 24031 24031 24031 24031 24031 24031 24031 24031 24031 2 24031 24031 24031 24031 24031 24031 24031 24031 24031 24031 24031 2 24031 24031 2 4 24031 4 24031 24031 24031 24031 24031 3 24031 24031 24031 24031 24031 24031 24031 24031 24031 24031 24031 24031 24031 24031 24031 24031 24031 24031 24031 24031 24031 24031 24031 24031 24031 24031 24031 24031 24031 24031 24031 24031 24031 24031 24031 24031 24031 24031 24031 24031 24031 24031 24031 24031 24031 24031 24031 24031 24031 24031 24031 24031 24031 24031 24031 0 24031 24031 24031 24031 24031 24031 24031 24031 24031 24031 
55 3000 24031 24031 24031 24031 24031 24031 24031 24031 24031 24031 24031 24031 24031 24031 24031 24031 24031 24031 24031 24031 24031 24031 1 24031 24031 24031 24031 24031 24031 24031 24031 24031 24031 24031 24031 24031 24031 24031 4 24031 24031 24031 24031 24031 24031 24031 24031 24031 24031 24031 4 24031 2 24031 4 2 24031 24031 24031 24031 24031 24031 2 24031 24031 24031 24031 24031 24031 24031 24031 24031 24031 24031 24031 24031 24031 24031 24031 24031 24031 24031 24031 24031 24031 24031 24031 24031 24031 24031 24031 24031 24031 24031 24031 24031 24031 24031 24031 24031 24031 24031 24031 24031 24031 24031 24031 24031 24031 24031 24031 24031 24031 24031 24031 24031 24031 24031 2 24031 24031 24031 24031 24031 24031 24031 24031 24031 
56 3000 24031 24031 24031 24031 24031 24031 24031 24031 24031 24031 24031 24031 24031 24031 24031 24031 24031 24031 24031 24031 24031 24031 24031 2 24031 24031 24031 24031 24031 24031 24031 24031 24031 24031 24031 24031 24031 24031 24031 3 24031 24031 24031 24031 24031 24031 24031 24031 24031 24031 24031 2 24031 4 0 3 24031 24031 24031 24031 24031 24031 24031 0 24031 24031 24031 24031 24031 24031 24031 24031 24031 24031 24031 24031 24031 24031 24031 24031 24031 24031 24031 24031 24031 24031 24031 24031 24031 24031 24031 24031 24031 24031 24031 24031 24031 24031 24031 24031 24031 24031 24031 24031 24031 24031 24031 24031 24031 24031 24031 24031 24031 24031 24031 24031 24031 24031 24031 2 24031 24031 24031 24031 24031 24031 24031 24031 
57 3000 24031 24031 24031 24031 24031 24031 24031 24031 24031 24031 24031 24031 24031 24031 24031 24031 24031 24031 24031 24031 24031 24031 24031 24031 0 24031 24031 24031 24031 24031 24031 24031 24031 24031 24031 24031 24031 24031 24031 24031 2 24031 24031 24031 24031 24031 24031 24031 1 24031 24031 24031 24031 24031 24031 24031 1 3 3 24031 1 24031 24031 24031 24031 24031 24031 24031 24031 24031 24031 24031 24031 24031 24031 24031 24031 24031 24031 24031 24031 24031 24031 24031 24031 24031 24031 24031 24031 24031 24031 24031 24031 24031 24031 24031 24031 24031 24031 24031 24031 24031 24031 24031 24031 24031 24031 24031 24031 24031 24031 24031 24031 24031 24031 24031 24031 24031 24031 24031 3 24031 24031 24031 24031 24031 24031 24031 
58 3000 24031 24031 24031 24031 24031 24031 24031 24031 24031 24031 24031 24031 24031 24031 24031 24031 24031 24031 24031 24031 24031 24031 24031 24031 24031 1 24031 24031 24031 24031 24031 24031 24031 24031 24031 24031 24031 24031 24031 24031 24031 4 24031 24031 24031 24031 24031 24031 24031 2 24031 24031 24031 24031 24031 24031 0 1 24031 1 24031 1 24031 24031 24031 24031 24031 24031 24031 24031 24031 24031 24031 24031 24031 24031 24031 24031 24031 24031 24031 24031 24031 24031 24031 24031 24031 24031 24031 24031 24031 24031 24031 24031 24031 24031 24031 24031 24031 24031 24031 24031 24031 24031 24031 24031 24031 24031 24031 24031 24031 24031 24031 24031 24031 24031 24031 24031 24031 24031 24031 3 24031 24031 24031 24031 24031 24031 
59 3000 24031 24031 24031 24031 24031 24031 24031 24031 24031 24031 24031 24031 24031 24031 24031 24031 24031 24031 24031 24031 24031 24031 24031 24031 24031 24031 2 24031 24031 24031 24031 24031 24031 24031 24031 24031 24031 24031 24031 24031 24031 24031 2 24031 24031 24031 24031 24031 24031 24031 2 24031 24031 24031 24031 24031 1 24031 0 0 24031 24031 3 24031 24031 24031 24031 24031 24031 24031 24031 24031 24031 24031 24031 24031 24031 24031 24031 24031 24031 24031 24031 24031 24031 24031 24031 24031 24031 24031 24031 24031 24031 24031 24031 24031 24031 24031 24031 24031 24031 24031 24031 24031 24031 24031 24031 24031 24031 24031 24031 24031 24031 24031 24031 24031 24031 24031 24031 24031 24031 24031 2 24031 24031 24031 24031 24031 
60 3000 24031 24031 24031 24031 24031 24031 24031 24031 24031 24031 24031 24031 24031 24031 24031 24031 24031 24031 24031 24031 24031 24031 24031 24031 24031 24031 24031 0 24031 24031 24031 24031 24031 24031 24031 24031 24031 24031 24031 24031 24031 24031 24031 1 24031 24031 24031 24031 24031 24031 24031 0 24031 24031 24031 24031 24031 2 4 3 24031 24031 24031 2 24031 24031 24031 24031 24031 24031 24031 24031 24031 24031 24031 24031 24031 24031 24031 24031 24031 24031 24031 24031 24031 24031 24031 24031 24031 24031 24031 24031 24031 24031 24031 24031 24031 24031 24031 24031 24031 24031 24031 24031 24031 24031 24031 24031 24031 24031 24031 24031 24031 24031 24031 24031 24031 24031 24031 24031 24031 24031 24031 1 24031 24031 24031 24031 
61 3000 24031 24031 24031 24031 24031 24031 24031 24031 24031 24031 24031 24031 24031 24031 24031 24031 24031 24031 24031 24031 24031 24031 24031 24031 24031 24031 24031 24031 1 24031 24031 24031 24031 24031 24031 24031 24031 24031 24031 24031 24031 24031 24031 24031 4 24031 24031 24031 24031 24031 24031 24031 2 24031 24031 24031 2 24031 24031 24031 1 2 0 24031 24031 24031 24031 24031 24031 24031 24031 24031 24031 24031 24031 24031 24031 24031 24031 24031 24031 24031 24031 24031 24031 24031 24031 24031 24031 24031 24031 24031 24031 24031 24031 24031 24031 24031 24031 24031 24031 24031 24031 24031 24031 24031 24031 24031 24031 24031 24031 24031 24031 24031 24031 24031 24031 24031 24031 24031 24031 24031 24031 24031 1 24031 24031 24031 
62 3000 24031 24031 24031 24031 24031 24031 24031 24031 24031 24031 24031 24031 24031 24031 24031 24031 24031 24031 24031 24031 24031 24031 24031 24031 24031 24031 24031 24031 24031 3 24031 24031 24031 24031 24031 24031 24031 24031 24031 24031 24031 24031 24031 24031 24031 2 24031 24031 24031 24031 24031 24031 24031 4 24031 24031 24031 1 24031 24031 4 4 24031 3 24031 24031 24031 24031 24031 24031 24031 24031 24031 24031 24031 24031 24031 24031 24031 24031 24031 24031 24031 24031 24031 24031 24031 24031 24031 24031 24031 24031 24031 24031 24031 24031 24031 24031 24031 24031 24031 24031 24031 24031 24031 24031 24031 24031 24031 24031 24031 24031 24031 24031 24031 24031 24031 24031 24031 24031 24031 24031 24031 24031 24031 4 24031 24031 
63 3000 24031 24031 24031 24031 24031 24031 24031 24031 24031 24031 24031 24031 24031 24031 24031 24031 24031 24031 24031 24031 24031 24031 24031 24031 24031 24031 24031 24031 24031 24031 2 24031 24031 24031 24031 24031 24031 24031 24031 24031 24031 24031 24031 24031 24031 24031 3 24031 24031 24031 24031 24031 24031 24031 2 24031 24031 24031 2 24031 1 24031 3 3 24031 24031 24031 24031 24031 24031 24031 24031 24031 24031 24031 24031 24031 24031 24031 24031 24031 24031 24031 24031 24031 24031 24031 24031 24031 24031 24031 24031 24031 24031 24031 24031 24031 24031 24031 24031 24031 24031 24031 24031 24031 24031 24031 24031 24031 24031 24031 24031 24031 24031 24031 24031 24031 24031 24031 24031 24031 24031 24031 24031 24031 24031 2 24031 
64 3000 24031 24031 24031 24031 24031 24031 24031 24031 24031 24031 24031 24031 24031 24031 24031 24031 24031 24031 24031 24031 24031 24031 24031 24031 24031 24031 24031 24031 24031 24031 24031 0 24031 24031 24031 24031 24031 24031 24031 24031 24031 24031 24031 24031 24031 24031 24031 4 24031 24031 24031 24031 24031 24031 24031 3 24031 24031 24031 1 24031 2 4 3 24031 24031 24031 24031 24031 24031 24031 24031 24031 24031 24031 24031 24031 24031 24031 24031 24031 24031 24031 24031 24031 24031 24031 24031 24031 24031 24031 24031 24031 24031 24031 24031 24031 24031 24031 24031 24031 24031 24031 24031 24031 24031 24031 24031 24031 24031 24031 24031 24031 24031 24031 24031 24031 24031 24031 24031 24031 24031 24031 24031 24031 24031 24031 2 
65 3000 2 24031 24031 24031 24031 24031 24031 24031 24031 24031 24031 24031 24031 24031 24031 24031 24031 24031 24031 24031 24031 24031 24031 24031 24031 24031 24031 24031 24031 24031 24031 24031 24031 24031 24031 24031 24031 24031 24031 24031 24031 24031 24031 24031 24031 24031 24031 24031 24031 24031 24031 24031 24031 24031 24031 24031 24031 24031 24031 24031 24031 24031 24031 24031 3 3 3 24031 3 24031 24031 24031 2 24031 24031 24031 24031 24031 24031 24031 4 24031 24031 24031 24031 24031 24031 24031 24031 24031 24031 24031 24031 24031 24031 24031 1 24031 24031 24031 24031 24031 24031 24031 24031 24031 24031 24031 24031 24031 24031 24031 24031 24031 24031 24031 24031 24031 24031 24031 24031 24031 24031 24031 24031 24031 24031 24031 
66 3000 24031 3 24031 24031 24031 24031 24031 24031 24031 24031 24031 24031 24031 24031 24031 24031 24031 24031 24031 24031 24031 24031 24031 24031 24031 24031 24031 24031 24031 24031 24031 24031 24031 24031 24031 24031 24031 24031 24031 24031 24031 24031 24031 24031 24031 24031 24031 24031 24031 24031 24031 24031 24031 24031 24031 24031 24031 24031 24031 24031 24031 24031 24031 24031 4 4 24031 3 24031 2 24031 24031 24031 1 24031 24031 24031 24031 24031 24031 24031 0 24031 24031 24031 24031 24031 24031 24031 24031 24031 24031 24031 24031 24031 24031 24031 2 24031 24031 24031 24031 24031 24031 24031 24031 24031 24031 24031 24031 24031 24031 24031 24031 24031 24031 24031 24031 24031 24031 24031 24031 24031 24031 24031 24031 24031 24031 
67 3000 24031 24031 4 24031 24031 24031 24031 24031 24031 24031 24031 24031 24031 24031 24031 24031 24031 24031 24031 24031 24031 24031 24031 24031 24031 24031 24031 24031 24031 24031 24031 24031 24031 24031 24031 24031 24031 24031 24031 24031 24031 24031 24031 24031 24031 24031 24031 24031 24031 24031 24031 24031 24031 24031 24031 24031 24031 24031 24031 24031 24031 24031 24031 24031 4 24031 2 1 24031 24031 2 24031 24031 24031 2 24031 24031 24031 24031 24031 24031 24031 0 24031 24031 24031 24031 24031 24031 24031 24031 24031 24031 24031 24031 24031 24031 24031 3 24031 24031 24031 24031 24031 24031 24031 24031 24031 24031 24031 24031 24031 24031 24031 24031 24031 24031 24031 24031 24031 24031 24031 24031 24031 24031 24031 24031 24031 
68 3000 24031 24031 24031 2 24031 24031 24031 24031 24031 24031 24031 24031 24031 24031 24031 24031 24031 24031 24031 24031 24031 24031 24031 24031 24031 24031 24031 24031 24031 24031 24031 24031 24031 24031 24031 24031 24031 24031 24031 24031 24031 24031 24031 24031 24031 24031 24031 24031 24031 24031 24031 24031 24031 24031 24031 24031 24031 24031 24031 24031 24031 24031 24031 24031 24031 2 2 1 24031 24031 24031 1 24031 24031 24031 0 24031 24031 24031 24031 24031 24031 24031 4 24031 24031 24031 24031 24031 24031 24031 24031 24031 24031 24031 24031 24031 24031 24031 3 24031 24031 24031 24031 24031 24031 24031 24031 24031 24031 24031 24031 24031 24031 24031 24031 24031 24031 24031 24031 24031 24031 24031 24031 24031 24031 24031 24031 
69 3000 24031 24031 24031 24031 3 24031 24031 24031 24031 24031 24031 24031 24031 24031 24031 24031 24031 24031 24031 24031 24031 24031 24031 24031 24031 24031 24031 24031 24031 24031 24031 24031 24031 24031 24031 24031 24031 24031 24031 24031 24031 24031 24031 24031 24031 24031 24031 24031 24031 24031 24031 24031 24031 24031 24031 24031 24031 24031 24031 24031 24031 24031 24031 24031 3 24031 24031 24031 4 4 1 24031 24031 24031 24031 24031 4 24031 24031 24031 24031 24031 24031 24031 1 24031 24031 24031 24031 24031 24031 24031 24031 24031 24031 24031 24031 24031 24031 24031 4 24031 24031 24031 24031 24031 24031 24031 24031 24031 24031 24031 24031 24031 24031 24031 24031 24031 24031 24031 24031 24031 24031 24031 24031 24031 24031 24031 
70 3000 24031 24031 24031 24031 24031 3 24031 24031 24031 24031 24031 24031 24031 24031 24031 24031 24031 24031 24031 24031 24031 24031 24031 24031 24031 24031 24031 24031 24031 24031 24031 24031 24031 24031 24031 24031 24031 24031 24031 24031 24031 24031 24031 24031 24031 24031 24031 24031 24031 24031 24031 24031 24031 24031 24031 24031 24031 24031 24031 24031 24031 24031 24031 24031 24031 4 24031 24031 1 1 24031 3 24031 24031 24031 24031 24031 2 24031 24031 24031 24031 24031 24031 24031 4 24031 24031 24031 24031 24031 24031 24031 24031 24031 24031 24031 24031 24031 24031 24031 3 24031 24031 24031 24031 24031 24031 24031 24031 24031 24031 24031 24031 24031 24031 24031 24031 24031 24031 24031 24031 24031 24031 24031 24031 24031 24031 
71 3000 24031 24031 24031 24031 24031 24031 1 24031 24031 24031 24031 24031 24031 24031 24031 24031 24031 24031 24031 24031 24031 24031 24031 24031 24031 24031 24031 24031 24031 24031 24031 24031 24031 24031 24031 24031 24031 24031 24031 24031 24031 24031 24031 24031 24031 24031 24031 24031 24031 24031 24031 24031 24031 24031 24031 24031 24031 24031 24031 24031 24031 24031 24031 24031 24031 24031 2 24031 2 24031 2 4 24031 24031 24031 24031 24031 24031 4 24031 24031 24031 24031 24031 24031 24031 4 24031 24031 24031 24031 24031 24031 24031 24031 24031 24031 24031 24031 24031 24031 24031 0 24031 24031 24031 24031 24031 24031 24031 24031 24031 24031 24031 24031 24031 24031 24031 24031 24031 24031 24031 24031 24031 24031 24031 24031 24031 
72 3000 24031 24031 24031 24031 24031 24031 24031 1 24031 24031 24031 24031 24031 24031 24031 24031 24031 24031 24031 24031 24031 24031 24031 24031 24031 24031 24031 24031 24031 24031 24031 24031 24031 24031 24031 24031 24031 24031 24031 24031 24031 24031 24031 24031 24031 24031 24031 24031 24031 24031 24031 24031 24031 24031 24031 24031 24031 24031 24031 24031 24031 24031 24031 24031 24031 24031 24031 3 24031 4 2 1 24031 24031 24031 24031 24031 24031 24031 4 24031 24031 24031 24031 24031 24031 24031 1 24031 24031 24031 24031 24031 24031 24031 24031 24031 24031 24031 24031 24031 24031 24031 3 24031 24031 24031 24031 24031 24031 24031 24031 24031 24031 24031 24031 24031 24031 24031 24031 24031 24031 24031 24031 24031 24031 24031 24031 
73 3000 24031 24031 24031 24031 24031 24031 24031 24031 1 24031 24031 24031 24031 24031 24031 24031 24031 24031 24031 24031 24031 24031 24031 24031 24031 24031 24031 24031 24031 24031 24031 24031 24031 24031 24031 24031 24031 24031 24031 24031 24031 24031 24031 24031 24031 24031 24031 24031 24031 24031 24031 24031 24031 24031 24031 24031 24031 24031 24031 24031 24031 24031 24031 24031 1 24031 24031 24031 24031 24031 24031 24031 4 3 3 24031 1 24031 24031 24031 24031 24031 24031 24031 24031 24031 24031 24031 0 24031 24031 24031 24031 24031 24031 24031 24031 24031 24031 24031 24031 24031 24031 24031 2 24031 24031 24031 24031 24031 24031 24031 24031 24031 24031 24031 24031 24031 24031 24031 24031 24031 24031 24031 24031 24031 24031 24031 
74 3000 24031 24031 24031 24031 24031 24031 24031 24031 24031 1 24031 24031 24031 24031 24031 24031 24031 24031 24031 24031 24031 24031 24031 24031 24031 24031 24031 24031 24031 24031 24031 24031 24031 24031 24031 24031 24031 24031 24031 24031 24031 24031 24031 24031 24031 24031 24031 24031 24031 24031 24031 24031 24031 24031 24031 24031 24031 24031 24031 24031 24031 24031 24031 24031 24031 0 24031 24031 24031 24031 24031 24031 3 2 24031 4 24031 3 24031 24031 24031 24031 24031 24031 24031 24031 24031 24031 24031 0 24031 24031 24031 24031 24031 24031 24031 24031 24031 24031 24031 24031 24031 24031 24031 3 24031 24031 24031 24031 24031 24031 24031 24031 24031 24031 24031 24031 24031 24031 24031 24031 24031 24031 24031 24031 24031 24031 
75 3000 24031 24031 24031 24031 24031 24031 24031 24031 24031 24031 0 24031 24031 24031 24031 24031 24031 24031 24031 24031 24031 24031 24031 24031 24031 24031 24031 24031 24031 24031 24031 24031 24031 24031 24031 24031 24031 24031 24031 24031 24031 24031 24031 24031 24031 24031 24031 24031 24031 24031 24031 24031 24031 24031 24031 24031 24031 24031 24031 24031 24031 24031 24031 24031 24031 24031 3 24031 24031 24031 24031 24031 2 24031 4 3 24031 24031 4 24031 24031 24031 24031 24031 24031 24031 24031 24031 24031 24031 4 24031 24031 24031 24031 24031 24031 24031 24031 24031 24031 24031 24031 24031 24031 24031 1 24031 24031 24031 24031 24031 24031 24031 24031 24031 24031 24031 24031 24031 24031 24031 24031 24031 24031 24031 24031 24031 
76 3000 24031 24031 24031 24031 24031 24031 24031 24031 24031 24031 24031 4 24031 24031 24031 24031 24031 24031 24031 24031 24031 24031 24031 24031 24031 24031 24031 24031 24031 24031 24031 24031 24031 24031 24031 24031 24031 24031 24031 24031 24031 24031 24031 24031 24031 24031 24031 24031 24031 24031 24031 24031 24031 24031 24031 24031 24031 24031 24031 24031 24031 24031 24031 24031 24031 24031 24031 1 24031 24031 24031 24031 24031 3 4 1 24031 24031 24031 2 24031 24031 24031 24031 24031 24031 24031 24031 24031 24031 24031 4 24031 24031 24031 24031 24031 24031 24031 24031 24031 24031 24031 24031 24031 24031 24031 4 24031 24031 24031 24031 24031 24031 24031 24031 24031 24031 24031 24031 24031 24031 24031 24031 24031 24031 24031 24031 
77 3000 24031 24031 24031 24031 24031 24031 24031 24031 24031 24031 24031 24031 0 24031 24031 24031 24031 24031 24031 24031 24031 24031 24031 24031 24031 24031 24031 24031 24031 24031 24031 24031 24031 24031 24031 24031 24031 24031 24031 24031 24031 24031 24031 24031 24031 24031 24031 24031 24031 24031 24031 24031 24031 24031 24031 24031 24031 24031 24031 24031 24031 24031 24031 24031 24031 24031 24031 24031 0 24031 24031 24031 0 24031 24031 24031 4 0 3 24031 24031 24031 24031 24031 24031 24031 24031 24031 24031 24031 24031 24031 1 24031 24031 24031 24031 24031 24031 24031 24031 24031 24031 24031 24031 24031 24031 24031 4 24031 24031 24031 24031 24031 24031 24031 24031 24031 24031 24031 24031 24031 24031 24031 24031 24031 24031 24031 
78 3000 24031 24031 24031 24031 24031 24031 24031 24031 24031 24031 24031 24031 24031 3 24031 24031 24031 24031 24031 24031 24031 24031 24031 24031 24031 24031 24031 24031 24031 24031 24031 24031 24031 24031 24031 24031 24031 24031 24031 24031 24031 24031 24031 24031 24031 24031 24031 24031 24031 24031 24031 24031 24031 24031 24031 24031 24031 24031 24031 24031 24031 24031 24031 24031 24031 24031 24031 24031 24031 2 24031 24031 24031 0 24031 24031 0 1 24031 4 24031 24031 24031 24031 24031 24031 24031 24031 24031 24031 24031 24031 24031 2 24031 24031 24031 24031 24031 24031 24031 24031 24031 24031 24031 24031 24031 24031 24031 4 24031 24031 24031 24031 24031 24031 24031 24031 24031 24031 24031 24031 24031 24031 24031 24031 24031 24031 
79 3000 24031 24031 24031 24031 24031 24031 24031 24031 24031 24031 24031 24031 24031 24031 3 24031 24031 24031 24031 24031 24031 24031 24031 24031 24031 24031 24031 24031 24031 24031 24031 24031 24031 24031 24031 24031 24031 24031 24031 24031 24031 24031 24031 24031 24031 24031 24031 24031 24031 24031 24031 24031 24031 24031 24031 24031 24031 24031 24031 24031 24031 24031 24031 24031 24031 24031 24031 24031 24031 24031 0 24031 24031 24031 4 24031 4 24031 4 4 24031 24031 24031 24031 24031 24031 24031 24031 24031 24031 24031 24031 24031 24031 4 24031 24031 24031 24031 24031 24031 24031 24031 24031 24031 24031 24031 24031 24031 24031 3 24031 24031 24031 24031 24031 24031 24031 24031 24031 24031 24031 24031 24031 24031 24031 24031 24031 
80 3000 24031 24031 24031 24031 24031 24031 24031 24031 24031 24031 24031 24031 24031 24031 24031 2 24031 24031 24031 24031 24031 24031 24031 24031 24031 24031 24031 24031 24031 24031 24031 24031 24031 24031 24031 24031 24031 24031 24031 24031 24031 24031 24031 24031 24031 24031 24031 24031 24031 24031 24031 24031 24031 24031 24031 24031 24031 24031 24031 24031 24031 24031 24031 24031 24031 24031 24031 24031 24031 24031 24031 4 24031 24031 24031 3 24031 4 0 1 24031 24031 24031 24031 24031 24031 24031 24031 24031 24031 24031 24031 24031 24031 24031 2 24031 24031 24031 24031 24031 24031 24031 24031 24031 24031 24031 24031 24031 24031 24031 2 24031 24031 24031 24031 24031 24031 24031 24031 24031 24031 24031 24031 24031 24031 24031 24031 
81 3000 24031 24031 24031 24031 24031 24031 24031 24031 24031 24031 24031 24031 24031 24031 24031 24031 0 24031 24031 24031 24031 24031 24031 24031 24031 24031 24031 24031 24031 24031 24031 24031 24031 24031 24031 24031 24031 24031 24031 24031 24031 24031 24031 24031 24031 24031 24031 24031 24031 24031 24031 24031 24031 24031 24031 24031 24031 24031 24031 24031 24031 24031 24031 24031 3 24031 24031 24031 24031 24031 24031 24031 24031 24031 24031 24031 24031 24031 24031 24031 4 2 3 24031 4 24031 24031 24031 4 24031 24031 24031 24031 24031 24031 24031 24031 24031 24031 24031 24031 24031 24031 24031 24031 24031 24031 24031 24031 24031 24031 24031 4 24031 24031 24031 24031 24031 24031 24031 24031 24031 24031 24031 24031 24031 24031 24031 
82 3000 24031 24031 24031 24031 24031 24031 24031 24031 24031 24031 24031 24031 24031 24031 24031 24031 24031 3 24031 24031 24031 24031 24031 24031 24031 24031 24031 24031 24031 24031 24031 24031 24031 24031 24031 24031 24031 24031 24031 24031 24031 24031 24031 24031 24031 24031 24031 24031 24031 24031 24031 24031 24031 24031 24031 24031 24031 24031 24031 24031 24031 24031 24031 24031 24031 3 24031 24031 24031 24031 24031 24031 24031 24031 24031 24031 24031 24031 24031 24031 0 2 24031 0 24031 3 24031 24031 24031 4 24031 24031 24031 24031 24031 24031 24031 24031 24031 24031 24031 24031 24031 24031 24031 24031 24031 24031 24031 24031 24031 24031 24031 3 24031 24031 24031 24031 24031 24031 24031 24031 24031 24031 24031 24031 24031 24031 
83 3000 24031 24031 24031 24031 24031 24031 24031 24031 24031 24031 24031 24031 24031 24031 24031 24031 24031 24031 1 24031 24031 24031 24031 24031 24031 24031 24031 24031 24031 24031 24031 24031 24031 24031 24031 24031 24031 24031 24031 24031 24031 24031 24031 24031 24031 24031 24031 24031 24031 24031 24031 24031 24031 24031 24031 24031 24031 24031 24031 24031 24031 24031 24031 24031 24031 24031 3 24031 24031 24031 24031 24031 24031 24031 24031 24031 24031 24031 24031 24031 1 24031 3 2 24031 24031 3 24031 24031 24031 4 24031 24031 24031 24031 24031 24031 24031 24031 24031 24031 24031 24031 24031 24031 24031 24031 24031 24031 24031 24031 24031 24031 24031 4 24031 24031 24031 24031 24031 24031 24031 24031 24031 24031 24031 24031 24031 
84 3000 24031 24031 24031 24031 24031 24031 24031 24031 24031 24031 24031 24031 24031 24031 24031 24031 24031 24031 24031 0 24031 24031 24031 24031 24031 24031 24031 24031 24031 24031 24031 24031 24031 24031 24031 24031 24031 24031 24031 24031 24031 24031 24031 24031 24031 24031 24031 24031 24031 24031 24031 24031 24031 24031 24031 24031 24031 24031 24031 24031 24031 24031 24031 24031 24031 24031 24031 3 24031 24031 24031 24031 24031 24031 24031 24031 24031 24031 24031 24031 24031 4 2 2 24031 24031 24031 3 24031 24031 24031 3 24031 24031 24031 24031 24031 24031 24031 24031 24031 24031 24031 24031 24031 24031 24031 24031 24031 24031 24031 24031 24031 24031 24031 2 24031 24031 24031 24031 24031 24031 24031 24031 24031 24031 24031 24031 
85 3000 24031 24031 24031 24031 24031 24031 24031 24031 24031 24031 24031 24031 24031 24031 24031 24031 24031 24031 24031 24031 4 24031 24031 24031 24031 24031 24031 24031 24031 24031 24031 24031 24031 24031 24031 24031 24031 24031 24031 24031 24031 24031 24031 24031 24031 24031 24031 24031 24031 24031 24031 24031 24031 24031 24031 24031 24031 24031 24031 24031 24031 24031 24031 24031 24031 24031 24031 24031 3 24031 24031 24031 24031 24031 24031 24031 24031 24031 24031 24031 4 24031 24031 24031 2 4 2 24031 24031 24031 24031 24031 0 24031 24031 24031 24031 24031 24031 24031 24031 24031 24031 24031 24031 24031 24031 24031 24031 24031 24031 24031 24031 24031 24031 24031 1 24031 24031 24031 24031 24031 24031 24031 24031 24031 24031 24031 
86 3000 24031 24031 24031 24031 24031 24031 24031 24031 24031 24031 24031 24031 24031 24031 24031 24031 24031 24031 24031 24031 24031 4 24031 24031 24031 24031 24031 24031 24031 24031 24031 24031 24031 24031 24031 24031 24031 24031 24031 24031 24031 24031 24031 24031 24031 24031 24031 24031 24031 24031 24031 24031 24031 24031 24031 24031 24031 24031 24031 24031 24031 24031 24031 24031 24031 24031 24031 24031 24031 3 24031 24031 24031 24031 24031 24031 24031 24031 24031 24031 24031 4 24031 24031 4 3 24031 1 24031 24031 24031 24031 24031 4 24031 24031 24031 24031 24031 24031 24031 24031 24031 24031 24031 24031 24031 24031 24031 24031 24031 24031 24031 24031 24031 24031 24031 0 24031 24031 24031 24031 24031 24031 24031 24031 24031 24031 
87 3000 24031 24031 24031 24031 24031 24031 24031 24031 24031 24031 24031 24031 24031 24031 24031 24031 24031 24031 24031 24031 24031 24031 4 24031 24031 24031 24031 24031 24031 24031 24031 24031 24031 24031 24031 24031 24031 24031 24031 24031 24031 24031 24031 24031 24031 24031 24031 24031 24031 24031 24031 24031 24031 24031 24031 24031 24031 24031 24031 24031 24031 24031 24031 24031 24031 24031 24031 24031 24031 24031 0 24031 24031 24031 24031 24031 24031 24031 24031 24031 24031 24031 3 24031 1 24031 2 1 24031 24031 24031 24031 24031 24031 1 24031 24031 24031 24031 24031 24031 24031 24031 24031 24031 24031 24031 24031 24031 24031 24031 24031 24031 24031 24031 24031 24031 24031 2 24031 24031 24031 24031 24031 24031 24031 24031 24031 
88 3000 24031 24031 24031 24031 24031 24031 24031 24031 24031 24031 24031 24031 24031 24031 24031 24031 24031 24031 24031 24031 24031 24031 24031 1 24031 24031 24031 24031 24031 24031 24031 24031 24031 24031 24031 24031 24031 24031 24031 24031 24031 24031 24031 24031 24031 24031 24031 24031 24031 24031 24031 24031 24031 24031 24031 24031 24031 24031 24031 24031 24031 24031 24031 24031 24031 24031 24031 24031 24031 24031 24031 0 24031 24031 24031 24031 24031 24031 24031 24031 24031 24031 24031 0 24031 3 4 2 24031 24031 24031 24031 24031 24031 24031 4 24031 24031 24031 24031 24031 24031 24031 24031 24031 24031 24031 24031 24031 24031 24031 24031 24031 24031 24031 24031 24031 24031 24031 1 24031 24031 24031 24031 24031 24031 24031 24031 
89 3000 24031 24031 24031 24031 24031 24031 24031 24031 24031 24031 24031 24031 24031 24031 24031 24031 24031 24031 24031 24031 24031 24031 24031 24031 0 24031 24031 24031 24031 24031 24031 24031 24031 24031 24031 24031 24031 24031 24031 24031 24031 24031 24031 24031 24031 24031 24031 24031 24031 24031 24031 24031 24031 24031 24031 24031 24031 24031 24031 24031 24031 24031 24031 24031 24031 24031 24031 24031 24031 24031 24031 24031 4 24031 24031 24031 24031 24031 24031 24031 1 24031 24031 24031 24031 24031 24031 24031 4 4 4 24031 1 24031 24031 24031 24031 24031 24031 24031 24031 24031 24031 24031 24031 24031 24031 24031 24031 24031 24031 24031 24031 24031 24031 24031 24031 24031 24031 24031 1 24031 24031 24031 24031 24031 24031 24031 
90 3000 24031 24031 24031 24031 24031 24031 24031 24031 24031 24031 24031 24031 24031 24031 24031 24031 24031 24031 24031 24031 24031 24031 24031 24031 24031 1 24031 24031 24031 24031 24031 24031 24031 24031 24031 24031 24031 24031 24031 24031 24031 24031 24031 24031 24031 24031 24031 24031 24031 24031 24031 24031 24031 24031 24031 24031 24031 24031 24031 24031 24031 24031 24031 24031 24031 24031 24031 24031 24031 24031 24031 24031 24031 0 24031 24031 24031 24031 24031 24031 24031 0 24031 24031 24031 24031 24031 24031 1 3 24031 1 24031 0 24031 24031 24031 24031 24031 24031 24031 24031 24031 24031 24031 24031 24031 24031 24031 24031 24031 24031 24031 24031 24031 24031 24031 24031 24031 24031 24031 2 24031 24031 24031 24031 24031 24031 
91 3000 24031 24031 24031 24031 24031 24031 24031 24031 24031 24031 24031 24031 24031 24031 24031 24031 24031 24031 24031 24031 24031 24031 24031 24031 24031 24031 2 24031 24031 24031 24031 24031 24031 24031 24031 24031 24031 24031 24031 24031 24031 24031 24031 24031 24031 24031 24031 24031 24031 24031 24031 24031 24031 24031 24031 24031 24031 24031 24031 24031 24031 24031 24031 24031 24031 24031 24031 24031 24031 24031 24031 24031 24031 24031 2 24031 24031 24031 24031 24031 24031 24031 3 24031 24031 24031 24031 24031 1 24031 4 4 24031 24031 2 24031 24031 24031 24031 24031 24031 24031 24031 24031 24031 24031 24031 24031 24031 24031 24031 24031 24031 24031 24031 24031 24031 24031 24031 24031 24031 24031 2 24031 24031 24031 24031 24031 
92 3000 24031 24031 24031 24031 24031 24031 24031 24031 24031 24031 24031 24031 24031 24031 24031 24031 24031 24031 24031 24031 24031 24031 24031 24031 24031 24031 24031 2 24031 24031 24031 24031 24031 24031 24031 24031 24031 24031 24031 24031 24031 24031 24031 24031 24031 24031 24031 24031 24031 24031 24031 24031 24031 24031 24031 24031 24031 24031 24031 24031 24031 24031 24031 24031 24031 24031 24031 24031 24031 24031 24031 24031 24031 24031 24031 1 24031 24031 24031 24031 24031 24031 24031 2 24031 24031 24031 24031 24031 1 4 1 24031 24031 24031 4 24031 24031 24031 24031 24031 24031 24031 24031 24031 24031 24031 24031 24031 24031 24031 24031 24031 24031 24031 24031 24031 24031 24031 24031 24031 24031 24031 0 24031 24031 24031 24031 
93 3000 24031 24031 24031 24031 24031 24031 24031 24031 24031 24031 24031 24031 24031 24031 24031 24031 24031 24031 24031 24031 24031 24031 24031 24031 24031 24031 24031 24031 4 24031 24031 24031 24031 24031 24031 24031 24031 24031 24031 24031 24031 24031 24031 24031 24031 24031 24031 24031 24031 24031 24031 24031 24031 24031 24031 24031 24031 24031 24031 24031 24031 24031 24031 24031 24031 24031 24031 24031 24031 24031 24031 24031 24031 24031 24031 24031 3 24031 24031 24031 24031 24031 24031 24031 1 24031 24031 24031 1 24031 24031 24031 4 1 1 24031 24031 24031 24031 24031 24031 24031 24031 24031 24031 24031 24031 24031 24031 24031 24031 24031 24031 24031 24031 24031 24031 24031 24031 24031 24031 24031 24031 24031 0 24031 24031 24031 
94 3000 24031 24031 24031 24031 24031 24031 24031 24031 24031 24031 24031 24031 24031 24031 24031 24031 24031 24031 24031 24031 24031 24031 24031 24031 24031 24031 24031 24031 24031 4 24031 24031 24031 24031 24031 24031 24031 24031 24031 24031 24031 24031 24031 24031 24031 24031 24031 24031 24031 24031 24031 24031 24031 24031 24031 24031 24031 24031 24031 24031 24031 24031 24031 24031 24031 24031 24031 24031 24031 24031 24031 24031 24031 24031 24031 24031 24031 4 24031 24031 24031 24031 24031 24031 24031 1 24031 24031 24031 1 24031 24031 4 0 24031 0 24031 24031 24031 24031 24031 24031 24031 24031 24031 24031 24031 24031 24031 24031 24031 24031 24031 24031 24031 24031 24031 24031 24031 24031 24031 24031 24031 24031 24031 4 24031 24031 
95 3000 24031 24031 24031 24031 24031 24031 24031 24031 24031 24031 24031 24031 24031 24031 24031 24031 24031 24031 24031 24031 24031 24031 24031 24031 24031 24031 24031 24031 24031 24031 4 24031 24031 24031 24031 24031 24031 24031 24031 24031 24031 24031 24031 24031 24031 24031 24031 24031 24031 24031 24031 24031 24031 24031 24031 24031 24031 24031 24031 24031 24031 24031 24031 24031 24031 24031 24031 24031 24031 24031 24031 24031 24031 24031 24031 24031 24031 24031 3 24031 24031 24031 24031 24031 24031 24031 1 24031 24031 24031 3 24031 2 24031 0 4 24031 24031 24031 24031 24031 24031 24031 24031 24031 24031 24031 24031 24031 24031 24031 24031 24031 24031 24031 24031 24031 24031 24031 24031 24031 24031 24031 24031 24031 24031 4 24031 
96 3000 24031 24031 24031 24031 24031 24031 24031 24031 24031 24031 24031 24031 24031 24031 24031 24031 24031 24031 24031 24031 24031 24031 24031 24031 24031 24031 24031 24031 24031 24031 24031 3 24031 24031 24031 24031 24031 24031 24031 24031 24031 24031 24031 24031 24031 24031 24031 24031 24031 24031 24031 24031 24031 24031 24031 24031 24031 24031 24031 24031 24031 24031 24031 24031 24031 24031 24031 24031 24031 24031 24031 24031 24031 24031 24031 24031 24031 24031 24031 4 24031 24031 24031 24031 24031 24031 24031 0 24031 24031 24031 1 24031 1 4 0 24031 24031 24031 24031 24031 24031 24031 24031 24031 24031 24031 24031 24031 24031 24031 24031 24031 24031 24031 24031 24031 24031 24031 24031 24031 24031 24031 24031 24031 24031 24031 1 
97 3000 24031 24031 24031 24031 24031 24031 24031 24031 24031 24031 24031 24031 24031 24031 24031 24031 24031 24031 24031 24031 24031 24031 24031 24031 24031 24031 24031 24031 24031 24031 24031 24031 1 24031 24031 24031 24031 24031 24031 24031 24031 24031 24031 24031 24031 24031 24031 24031 24031 24031 24031 24031 24031 24031 24031 24031 24031 24031 24031 24031 24031 24031 24031 24031 4 24031 24031 24031 24031 24031 24031 24031 24031 24031 24031 24031 24031 24031 24031 24031 24031 24031 24031 24031 24031 24031 24031 24031 24031 24031 24031 24031 24031 24031 24031 24031 0 2 3 24031 2 24031 24031 24031 2 24031 24031 24031 24031 24031 24031 24031 0 24031 24031 24031 24031 24031 24031 24031 24031 24031 24031 24031 24031 24031 24031 24031 
98 3000 24031 24031 24031 24031 24031 24031 24031 24031 24031 24031 24031 24031 24031 24031 24031 24031 24031 24031 24031 24031 24031 24031 24031 24031 24031 24031 24031 24031 24031 24031 24031 24031 24031 2 24031 24031 24031 24031 24031 24031 24031 24031 24031 24031 24031 24031 24031 24031 24031 24031 24031 24031 24031 24031 24031 24031 24031 24031 24031 24031 24031 24031 24031 24031 24031 4 24031 24031 24031 24031 24031 24031 24031 24031 24031 24031 24031 24031 24031 24031 24031 24031 24031 24031 24031 24031 24031 24031 24031 24031 24031 24031 24031 24031 24031 24031 1 1 24031 2 24031 4 24031 24031 24031 3 24031 24031 24031 24031 24031 24031 24031 2 24031 24031 24031 24031 24031 24031 24031 24031 24031 24031 24031 24031 24031 24031 
99 3000 24031 24031 24031 24031 24031 24031 24031 24031 24031 24031 24031 24031 24031 24031 24031 24031 24031 24031 24031 24031 24031 24031 24031 24031 24031 24031 24031 24031 24031 24031 24031 24031 24031 24031 3 24031 24031 24031 24031 24031 24031 24031 24031 24031 24031 24031 24031 24031 24031 24031 24031 24031 24031 24031 24031 24031 24031 24031 24031 24031 24031 24031 24031 24031 24031 24031 3 24031 24031 24031 24031 24031 24031 24031 24031 24031 24031 24031 24031 24031 24031 24031 24031 24031 24031 24031 24031 24031 24031 24031 24031 24031 24031 24031 24031 24031 2 24031 4 0 24031 24031 2 24031 24031 24031 0 24031 24031 24031 24031 24031 24031 24031 4 24031 24031 24031 24031 24031 24031 24031 24031 24031 24031 24031 24031 24031 
100 3000 24031 24031 24031 24031 24031 24031 24031 24031 24031 24031 24031 24031 24031 24031 24031 24031 24031 24031 24031 24031 24031 24031 24031 24031 24031 24031 24031 24031 24031 24031 24031 24031 24031 24031 24031 3 24031 24031 24031 24031 24031 24031 24031 24031 24031 24031 24031 24031 24031 24031 24031 24031 24031 24031 24031 24031 24031 24031 24031 24031 24031 24031 24031 24031 24031 24031 24031 4 24031 24031 24031 24031 24031 24031 24031 24031 24031 24031 24031 24031 24031 24031 24031 24031 24031 24031 24031 24031 24031 24031 24031 24031 24031 24031 24031 24031 24031 1 1 1 24031 24031 24031 2 24031 24031 24031 4 24031 24031 24031 24031 24031 24031 24031 4 24031 24031 24031 24031 24031 24031 24031 24031 24031 24031 24031 24031 
101 3000 24031 24031 24031 24031 24031 24031 24031 24031 24031 24031 24031 24031 24031 24031 24031 24031 24031 24031 24031 24031 24031 24031 24031 24031 24031 24031 24031 24031 24031 24031 24031 24031 24031 24031 24031 24031 4 24031 24031 24031 24031 24031 24031 24031 24031 24031 24031 24031 24031 24031 24031 24031 24031 24031 24031 24031 24031 24031 24031 24031 24031 24031 24031 24031 24031 24031 24031 24031 1 24031 24031 24031 24031 24031 24031 24031 24031 24031 24031 24031 24031 24031 24031 24031 24031 24031 24031 24031 24031 24031 24031 24031 24031 24031 24031 24031 4 24031 24031 24031 0 3 1 24031 24031 24031 24031 24031 0 24031 24031 24031 24031 24031 24031 24031 2 24031 24031 24031 24031 24031 24031 24031 24031 24031 24031 24031 
102 3000 24031 24031 24031 24031 24031 24031 24031 24031 24031 24031 24031 24031 24031 24031 24031 24031 24031 24031 24031 24031 24031 24031 24031 24031 24031 24031 24031 24031 24031 24031 24031 24031 24031 24031 24031 24031 24031 2 24031 24031 24031 24031 24031 24031 24031 24031 24031 24031 24031 24031 24031 24031 24031 24031 24031 24031 24031 24031 24031 24031 24031 24031 24031 24031 24031 24031 24031 24031 24031 1 24031 24031 24031 24031 24031 24031 24031 24031 24031 24031 24031 24031 24031 24031 24031 24031 24031 24031 24031 24031 24031 24031 24031 24031 24031 24031 24031 2 24031 24031 3 0 24031 4 24031 24031 24031 24031 24031 0 24031 24031 24031 24031 24031 24031 24031 3 24031 24031 24031 24031 24031 24031 24031 24031 24031 24031 
103 3000 24031 24031 24031 24031 24031 24031 24031 24031 24031 24031 24031 24031 24031 24031 24031 24031 24031 24031 24031 24031 24031 24031 24031 24031 24031 24031 24031 24031 24031 24031 24031 24031 24031 24031 24031 24031 24031 24031 3 24031 24031 24031 24031 24031 24031 24031 24031 24031 24031 24031 24031 24031 24031 24031 24031 24031 24031 24031 24031 24031 24031 24031 24031 24031 24031 24031 24031 24031 24031 24031 1 24031 24031 24031 24031 24031 24031 24031 24031 24031 24031 24031 24031 24031 24031 24031 24031 24031 24031 24031 24031 24031 24031 24031 24031 24031 24031 24031 3 24031 3 24031 3 2 24031 24031 24031 24031 24031 24031 4 24031 24031 24031 24031 24031 24031 24031 4 24031 24031 24031 24031 24031 24031 24031 24031 24031 
104 3000 24031 24031 24031 24031 24031 24031 24031 24031 24031 24031 24031 24031 24031 24031 24031 24031 24031 24031 24031 24031 24031 24031 24031 24031 24031 24031 24031 24031 24031 24031 24031 24031 24031 24031 24031 24031 24031 24031 24031 4 24031 24031 24031 24031 24031 24031 24031 24031 24031 24031 24031 24031 24031 24031 24031 24031 24031 24031 24031 24031 24031 24031 24031 24031 24031 24031 24031 24031 24031 24031 24031 0 24031 24031 24031 24031 24031 24031 24031 24031 24031 24031 24031 24031 24031 24031 24031 24031 24031 24031 24031 24031 24031 24031 24031 24031 24031 24031 24031 0 24031 4 3 3 24031 24031 24031 24031 24031 24031 24031 4 24031 24031 24031 24031 24031 24031 24031 1 24031 24031 24031 24031 24031 24031 24031 24031 
105 3000 24031 24031 24031 24031 24031 24031 24031 24031 24031 24031 24031 24031 24031 24031 24031 24031 24031 24031 24031 24031 24031 24031 24031 24031 24031 24031 24031 24031 24031 24031 24031 24031 24031 24031 24031 24031 24031 24031 24031 24031 3 24031 24031 24031 24031 24031 24031 24031 24031 24031 24031 24031 24031 24031 24031 24031 24031 24031 24031 24031 24031 24031 24031 24031 24031 24031 24031 24031 24031 24031 24031 24031 1 24031 24031 24031 24031 24031 24031 24031 24031 24031 24031 24031 24031 24031 24031 24031 24031 24031 24031 24031 24031 24031 24031 24031 0 24031 24031 24031 24031 24031 24031 24031 3 4 4 24031 4 24031 24031 24031 24031 24031 24031 24031 24031 24031 24031 24031 1 24031 24031 24031 24031 24031 24031 24031 
106 3000 24031 24031 24031 24031 24031 24031 24031 24031 24031 24031 24031 24031 24031 24031 24031 24031 24031 24031 24031 24031 24031 24031 24031 24031 24031 24031 24031 24031 24031 24031 24031 24031 24031 24031 24031 24031 24031 24031 24031 24031 24031 3 24031 24031 24031 24031 24031 24031 24031 24031 24031 24031 24031 24031 24031 24031 24031 24031 24031 24031 24031 24031 24031 24031 24031 24031 24031 24031 24031 24031 24031 24031 24031 1 24031 24031 24031 24031 24031 24031 24031 24031 24031 24031 24031 24031 24031 24031 24031 24031 24031 24031 24031 24031 24031 24031 24031 1 24031 24031 24031 24031 24031 24031 4 2 24031 1 24031 2 24031 24031 24031 24031 24031 24031 24031 24031 24031 24031 24031 1 24031 24031 24031 24031 24031 24031 
107 3000 24031 24031 24031 24031 24031 24031 24031 24031 24031 24031 24031 24031 24031 24031 24031 24031 24031 24031 24031 24031 24031 24031 24031 24031 24031 24031 24031 24031 24031 24031 24031 24031 24031 24031 24031 24031 24031 24031 24031 24031 24031 24031 4 24031 24031 24031 24031 24031 24031 24031 24031 24031 24031 24031 24031 24031 24031 24031 24031 24031 24031 24031 24031 24031 24031 24031 24031 24031 24031 24031 24031 24031 24031 24031 3 24031 24031 24031 24031 24031 24031 24031 24031 24031 24031 24031 24031 24031 24031 24031 24031 24031 24031 24031 24031 24031 24031 24031 2 24031 24031 24031 24031 24031 1 24031 3 4 24031 24031 4 24031 24031 24031 24031 24031 24031 24031 24031 24031 24031 24031 1 24031 24031 24031 24031 24031 
108 3000 24031 24031 24031 24031 24031 24031 24031 24031 24031 24031 24031 24031 24031 24031 24031 24031 24031 24031 24031 24031 24031 24031 24031 24031 24031 24031 24031 24031 24031 24031 24031 24031 24031 24031 24031 24031 24031 24031 24031 24031 24031 24031 24031 2 24031 24031 24031 24031 24031 24031 24031 24031 24031 24031 24031 24031 24031 24031 24031 24031 24031 24031 24031 24031 24031 24031 24031 24031 24031 24031 24031 24031 24031 24031 24031 2 24031 24031 24031 24031 24031 24031 24031 24031 24031 24031 24031 24031 24031 24031 24031 24031 24031 24031 24031 24031 24031 24031 24031 0 24031 24031 24031 24031 24031 2 2 3 24031 24031 24031 4 24031 24031 24031 24031 24031 24031 24031 24031 24031 24031 24031 3 24031 24031 24031 24031 
109 3000 24031 24031 24031 24031 24031 24031 24031 24031 24031 24031 24031 24031 24031 24031 24031 24031 24031 24031 24031 24031 24031 24031 24031 24031 24031 24031 24031 24031 24031 24031 24031 24031 24031 24031 24031 24031 24031 24031 24031 24031 24031 24031 24031 24031 1 24031 24031 24031 24031 24031 24031 24031 24031 24031 24031 24031 24031 24031 24031 24031 24031 24031 24031 24031 24031 24031 24031 24031 24031 24031 24031 24031 24031 24031 24031 24031 4 24031 24031 24031 24031 24031 24031 24031 24031 24031 24031 24031 24031 24031 24031 24031 24031 24031 24031 24031 24031 24031 24031 24031 0 24031 24031 24031 2 24031 24031 24031 4 3 0 24031 24031 24031 24031 24031 24031 24031 24031 24031 24031 24031 24031 24031 1 24031 24031 24031 
110 3000 24031 24031 24031 24031 24031 24031 24031 24031 24031 24031 24031 24031 24031 24031 24031 24031 24031 24031 24031 24031 24031 24031 24031 24031 24031 24031 24031 24031 24031 24031 24031 24031 24031 24031 24031 24031 24031 24031 24031 24031 24031 24031 24031 24031 24031 0 24031 24031 24031 24031 24031 24031 24031 24031 24031 24031 24031 24031 24031 24031 24031 24031 24031 24031 24031 24031 24031 24031 24031 24031 24031 24031 24031 24031 24031 24031 24031 2 24031 24031 24031 24031 24031 24031 24031 24031 24031 24031 24031 24031 24031 24031 24031 24031 24031 24031 24031 24031 24031 24031 24031 4 24031 24031 24031 3 24031 24031 2 4 24031 0 24031 24031 24031 24031 24031 24031 24031 24031 24031 24031 24031 24031 24031 1 24031 24031 
111 3000 24031 24031 24031 24031 24031 24031 24031 24031 24031 24031 24031 24031 24031 24031 24031 24031 24031 24031 24031 24031 24031 24031 24031 24031 24031 24031 24031 24031 24031 24031 24031 24031 24031 24031 24031 24031 24031 24031 24031 24031 24031 24031 24031 24031 24031 24031 4 24031 24031 24031 24031 24031 24031 24031 24031 24031 24031 24031 24031 24031 24031 24031 24031 24031 24031 24031 24031 24031 24031 24031 24031 24031 24031 24031 24031 24031 24031 24031 2 24031 24031 24031 24031 24031 24031 24031 24031 24031 24031 24031 24031 24031 24031 24031 24031 24031 24031 24031 24031 24031 24031 24031 2 24031 24031 24031 0 24031 0 24031 4 2 24031 24031 24031 24031 24031 24031 24031 24031 24031 24031 24031 24031 24031 24031 3 24031 
112 3000 24031 24031 24031 24031 24031 24031 24031 24031 24031 24031 24031 24031 24031 24031 24031 24031 24031 24031 24031 24031 24031 24031 24031 24031 24031 24031 24031 24031 24031 24031 24031 24031 24031 24031 24031 24031 24031 24031 24031 24031 24031 24031 24031 24031 24031 24031 24031 2 24031 24031 24031 24031 24031 24031 24031 24031 24031 24031 24031 24031 24031 24031 24031 24031 24031 24031 24031 24031 24031 24031 24031 24031 24031 24031 24031 24031 24031 24031 24031 4 24031 24031 24031 24031 24031 24031 24031 24031 24031 24031 24031 24031 24031 24031 24031 24031 24031 24031 24031 24031 24031 24031 24031 3 24031 24031 24031 2 24031 2 0 0 24031 24031 24031 24031 24031 24031 24031 24031 24031 24031 24031 24031 24031 24031 24031 0 
113 3000 24031 24031 24031 24031 24031 24031 24031 24031 24031 24031 24031 24031 24031 24031 24031 24031 24031 24031 24031 24031 24031 24031 24031 24031 24031 24031 24031 24031 24031 24031 24031 24031 24031 24031 24031 24031 24031 24031 24031 24031 24031 24031 24031 24031 24031 24031 24031 24031 4 24031 24031 24031 24031 24031 24031 24031 24031 24031 24031 24031 24031 24031 24031 24031 24031 24031 24031 24031 24031 24031 24031 24031 24031 24031 24031 24031 24031 24031 24031 24031 3 24031 24031 24031 24031 24031 24031 24031 24031 24031 24031 24031 24031 24031 24031 24031 3 24031 24031 24031 24031 24031 24031 24031 24031 24031 24031 24031 24031 24031 24031 24031 3 0 3 24031 1 24031 24031 24031 0 24031 24031 24031 24031 24031 24031 24031 
114 3000 24031 24031 24031 24031 24031 24031 24031 24031 24031 24031 24031 24031 24031 24031 24031 24031 24031 24031 24031 24031 24031 24031 24031 24031 24031 24031 24031 24031 24031 24031 24031 24031 24031 24031 24031 24031 24031 24031 24031 24031 24031 24031 24031 24031 24031 24031 24031 24031 24031 4 24031 24031 24031 24031 24031 24031 24031 24031 24031 24031 24031 24031 24031 24031 24031 24031 24031 24031 24031 24031 24031 24031 24031 24031 24031 24031 24031 24031 24031 24031 24031 2 24031 24031 24031 24031 24031 24031 24031 24031 24031 24031 24031 24031 24031 24031 24031 4 24031 24031 24031 24031 24031 24031 24031 24031 24031 24031 24031 24031 24031 24031 2 4 24031 1 24031 2 24031 24031 24031 0 24031 24031 24031 24031 24031 24031 
115 3000 24031 24031 24031 24031 24031 24031 24031 24031 24031 24031 24031 24031 24031 24031 24031 24031 24031 24031 24031 24031 24031 24031 24031 24031 24031 24031 24031 24031 24031 24031 24031 24031 24031 24031 24031 24031 24031 24031 24031 24031 24031 24031 24031 24031 24031 24031 24031 24031 24031 24031 4 24031 24031 24031 24031 24031 24031 24031 24031 24031 24031 24031 24031 24031 24031 24031 24031 24031 24031 24031 24031 24031 24031 24031 24031 24031 24031 24031 24031 24031 24031 24031 0 24031 24031 24031 24031 24031 24031 24031 24031 24031 24031 24031 24031 24031 24031 24031 0 24031 24031 24031 24031 24031 24031 24031 24031 24031 24031 24031 24031 24031 1 24031 1 4 24031 24031 3 24031 24031 24031 3 24031 24031 24031 24031 24031 
116 3000 24031 24031 24031 24031 24031 24031 24031 24031 24031 24031 24031 24031 24031 24031 24031 24031 24031 24031 24031 24031 24031 24031 24031 24031 24031 24031 24031 24031 24031 24031 24031 24031 24031 24031 24031 24031 24031 24031 24031 24031 24031 24031 24031 24031 24031 24031 24031 24031 24031 24031 24031 0 24031 24031 24031 24031 24031 24031 24031 24031 24031 24031 24031 24031 24031 24031 24031 24031 24031 24031 24031 24031 24031 24031 24031 24031 24031 24031 24031 24031 24031 24031 24031 1 24031 24031 24031 24031 24031 24031 24031 24031 24031 24031 24031 24031 24031 24031 24031 2 24031 24031 24031 24031 24031 24031 24031 24031 24031 24031 24031 24031 24031 4 3 3 24031 24031 24031 4 24031 24031 24031 2 24031 24031 24031 24031 
117 3000 24031 24031 24031 24031 24031 24031 24031 24031 24031 24031 24031 24031 24031 24031 24031 24031 24031 24031 24031 24031 24031 24031 24031 24031 24031 24031 24031 24031 24031 24031 24031 24031 24031 24031 24031 24031 24031 24031 24031 24031 24031 24031 24031 24031 24031 24031 24031 24031 24031 24031 24031 24031 0 24031 24031 24031 24031 24031 24031 24031 24031 24031 24031 24031 24031 24031 24031 24031 24031 24031 24031 24031 24031 24031 24031 24031 24031 24031 24031 24031 24031 24031 24031 24031 2 24031 24031 24031 24031 24031 24031 24031 24031 24031 24031 24031 24031 24031 24031 24031 0 24031 24031 24031 24031 24031 24031 24031 24031 24031 24031 24031 3 24031 24031 24031 4 2 0 24031 24031 24031 24031 24031 4 24031 24031 24031 
118 3000 24031 24031 24031 24031 24031 24031 24031 24031 24031 24031 24031 24031 24031 24031 24031 24031 24031 24031 24031 24031 24031 24031 24031 24031 24031 24031 24031 24031 24031 24031 24031 24031 24031 24031 24031 24031 24031 24031 24031 24031 24031 24031 24031 24031 24031 24031 24031 24031 24031 24031 24031 24031 24031 2 24031 24031 24031 24031 24031 24031 24031 24031 24031 24031 24031 24031 24031 24031 24031 24031 24031 24031 24031 24031 24031 24031 24031 24031 24031 24031 24031 24031 24031 24031 24031 0 24031 24031 24031 24031 24031 24031 24031 24031 24031 24031 24031 24031 24031 24031 24031 0 24031 24031 24031 24031 24031 24031 24031 24031 24031 24031 24031 0 24031 24031 4 0 24031 2 24031 24031 24031 24031 24031 3 24031 24031 
119 3000 24031 24031 24031 24031 24031 24031 24031 24031 24031 24031 24031 24031 24031 24031 24031 24031 24031 24031 24031 24031 24031 24031 24031 24031 24031 24031 24031 24031 24031 24031 24031 24031 24031 24031 24031 24031 24031 24031 24031 24031 24031 24031 24031 24031 24031 24031 24031 24031 24031 24031 24031 24031 24031 24031 2 24031 24031 24031 24031 24031 24031 24031 24031 24031 24031 24031 24031 24031 24031 24031 24031 24031 24031 24031 24031 24031 24031 24031 24031 24031 24031 24031 24031 24031 24031 24031 4 24031 24031 24031 24031 24031 24031 24031 24031 24031 24031 24031 24031 24031 24031 24031 1 24031 24031 24031 24031 24031 24031 24031 24031 24031 24031 24031 0 24031 4 24031 0 4 24031 24031 24031 24031 24031 24031 1 24031 
120 3000 24031 24031 24031 24031 24031 24031 24031 24031 24031 24031 24031 24031 24031 24031 24031 24031 24031 24031 24031 24031 24031 24031 24031 24031 24031 24031 24031 24031 24031 24031 24031 24031 24031 24031 24031 24031 24031 24031 24031 24031 24031 24031 24031 24031 24031 24031 24031 24031 24031 24031 24031 24031 24031 24031 24031 3 24031 24031 24031 24031 24031 24031 24031 24031 24031 24031 24031 24031 24031 24031 24031 24031 24031 24031 24031 24031 24031 24031 24031 24031 24031 24031 24031 24031 24031 24031 24031 2 24031 24031 24031 24031 24031 24031 24031 24031 24031 24031 24031 24031 24031 24031 24031 4 24031 24031 24031 24031 24031 24031 24031 24031 24031 24031 24031 0 24031 3 1 1 24031 24031 24031 24031 24031 24031 24031 3 
121 3000 24031 24031 24031 24031 24031 24031 24031 24031 24031 24031 24031 24031 24031 24031 24031 24031 24031 24031 24031 24031 24031 24031 24031 24031 24031 24031 24031 24031 24031 24031 24031 24031 24031 24031 24031 24031 24031 24031 24031 24031 24031 24031 24031 24031 24031 24031 24031 24031 24031 24031 24031 24031 24031 24031 24031 24031 0 24031 24031 24031 24031 24031 24031 24031 24031 24031 24031 24031 24031 24031 24031 24031 24031 24031 24031 24031 24031 24031 24031 24031 24031 24031 24031 24031 24031 24031 24031 24031 0 24031 24031 24031 24031 24031 24031 24031 24031 24031 24031 24031 24031 24031 24031 24031 1 24031 24031 24031 24031 24031 24031 24031 1 24031 24031 24031 24031 24031 24031 24031 2 3 3 24031 4 24031 24031 24031 
122 3000 24031 24031 24031 24031 24031 24031 24031 24031 24031 24031 24031 24031 24031 24031 24031 24031 24031 24031 24031 24031 24031 24031 24031 24031 24031 24031 24031 24031 24031 24031 24031 24031 24031 24031 24031 24031 24031 24031 24031 24031 24031 24031 24031 24031 24031 24031 24031 24031 24031 24031 24031 24031 24031 24031 24031 24031 24031 3 24031 24031 24031 24031 24031 24031 24031 24031 24031 24031 24031 24031 24031 24031 24031 24031 24031 24031 24031 24031 24031 24031 24031 24031 24031 24031 24031 24031 24031 24031 24031 2 24031 24031 24031 24031 24031 24031 24031 24031 24031 24031 24031 24031 24031 24031 24031 2 24031 24031 24031 24031 24031 24031 24031 1 24031 24031 24031 24031 24031 24031 2 4 24031 2 24031 3 24031 24031 
123 3000 24031 24031 24031 24031 24031 24031 24031 24031 24031 24031 24031 24031 24031 24031 24031 24031 24031 24031 24031 24031 24031 24031 24031 24031 24031 24031 24031 24031 24031 24031 24031 24031 24031 24031 24031 24031 24031 24031 24031 24031 24031 24031 24031 24031 24031 24031 24031 24031 24031 24031 24031 24031 24031 24031 24031 24031 24031 24031 0 24031 24031 24031 24031 24031 24031 24031 24031 24031 24031 24031 24031 24031 24031 24031 24031 24031 24031 24031 24031 24031 24031 24031 24031 24031 24031 24031 24031 24031 24031 24031 3 24031 24031 24031 24031 24031 24031 24031 24031 24031 24031 24031 24031 24031 24031 24031 4 24031 24031 24031 24031 24031 24031 24031 1 24031 24031 24031 24031 24031 3 24031 0 3 24031 24031 2 24031 
124 3000 24031 24031 24031 24031 24031 24031 24031 24031 24031 24031 24031 24031 24031 24031 24031 24031 24031 24031 24031 24031 24031 24031 24031 24031 24031 24031 24031 24031 24031 24031 24031 24031 24031 24031 24031 24031 24031 24031 24031 24031 24031 24031 24031 24031 24031 24031 24031 24031 24031 24031 24031 24031 24031 24031 24031 24031 24031 24031 24031 2 24031 24031 24031 24031 24031 24031 24031 24031 24031 24031 24031 24031 24031 24031 24031 24031 24031 24031 24031 24031 24031 24031 24031 24031 24031 24031 24031 24031 24031 24031 24031 4 24031 24031 24031 24031 24031 24031 24031 24031 24031 24031 24031 24031 24031 24031 24031 3 24031 24031 24031 24031 24031 24031 24031 0 24031 24031 24031 24031 24031 2 1 2 24031 24031 24031 3 
125 3000 24031 24031 24031 24031 24031 24031 24031 24031 24031 24031 24031 24031 24031 24031 24031 24031 24031 24031 24031 24031 24031 24031 24031 24031 24031 24031 24031 24031 24031 24031 24031 24031 24031 24031 24031 24031 24031 24031 24031 24031 24031 24031 24031 24031 24031 24031 24031 24031 24031 24031 24031 24031 24031 24031 24031 24031 24031 24031 24031 24031 4 24031 24031 24031 24031 24031 24031 24031 24031 24031 24031 24031 24031 24031 24031 24031 24031 24031 24031 24031 24031 24031 24031 24031 24031 24031 24031 24031 24031 24031 24031 24031 0 24031 24031 24031 24031 24031 24031 24031 24031 24031 24031 24031 24031 24031 24031 24031 4 24031 24031 24031 24031 24031 24031 24031 3 24031 24031 24031 3 24031 24031 24031 2 2 1 24031 
126 3000 24031 24031 24031 24031 24031 24031 24031 24031 24031 24031 24031 24031 24031 24031 24031 24031 24031 24031 24031 24031 24031 24031 24031 24031 24031 24031 24031 24031 24031 24031 24031 24031 24031 24031 24031 24031 24031 24031 24031 24031 24031 24031 24031 24031 24031 24031 24031 24031 24031 24031 24031 24031 24031 24031 24031 24031 24031 24031 24031 24031 24031 0 24031 24031 24031 24031 24031 24031 24031 24031 24031 24031 24031 24031 24031 24031 24031 24031 24031 24031 24031 24031 24031 24031 24031 24031 24031 24031 24031 24031 24031 24031 24031 3 24031 24031 24031 24031 24031 24031 24031 24031 24031 24031 24031 24031 24031 24031 24031 2 24031 24031 24031 24031 24031 24031 24031 3 24031 24031 24031 0 24031 24031 0 0 24031 2 
127 3000 24031 24031 24031 24031 24031 24031 24031 24031 24031 24031 24031 24031 24031 24031 24031 24031 24031 24031 24031 24031 24031 24031 24031 24031 24031 24031 24031 24031 24031 24031 24031 24031 24031 24031 24031 24031 24031 24031 24031 24031 24031 24031 24031 24031 24031 24031 24031 24031 24031 24031 24031 24031 24031 24031 24031 24031 24031 24031 24031 24031 24031 24031 1 24031 24031 24031 24031 24031 24031 24031 24031 24031 24031 24031 24031 24031 24031 24031 24031 24031 24031 24031 24031 24031 24031 24031 24031 24031 24031 24031 24031 24031 24031 24031 4 24031 24031 24031 24031 24031 24031 24031 24031 24031 24031 24031 24031 24031 24031 24031 1 24031 24031 24031 24031 24031 24031 24031 4 24031 24031 24031 0 24031 1 24031 2 2 
128 3000 24031 24031 24031 24031 24031 24031 24031 24031 24031 24031 24031 24031 24031 24031 24031 24031 24031 24031 24031 24031 24031 24031 24031 24031 24031 24031 24031 24031 24031 24031 24031 24031 24031 24031 24031 24031 24031 24031 24031 24031 24031 24031 24031 24031 24031 24031 24031 24031 24031 24031 24031 24031 24031 24031 24031 24031 24031 24031 24031 24031 24031 24031 24031 4 24031 24031 24031 24031 24031 24031 24031 24031 24031 24031 24031 24031 24031 24031 24031 24031 24031 24031 24031 24031 24031 24031 24031 24031 24031 24031 24031 24031 24031 24031 24031 4 24031 24031 24031 24031 24031 24031 24031 24031 24031 24031 24031 24031 24031 24031 24031 3 24031 24031 24031 24031 24031 24031 24031 4 24031 24031 24031 1 24031 0 0 3 
