FILE: 734PCodesS.txt
128 128 0 
1 3000 4 1 4 24027 3 24027 24027 24027 3 24027 24027 24027 24027 24027 24027 24027 2 24027 24027 24027 24027 24027 24027 24027 24027 24027 24027 24027 24027 24027 24027 24027 2 24027 24027 24027 24027 24027 24027 24027 24027 24027 24027 24027 24027 24027 24027 24027 24027 24027 24027 24027 24027 24027 24027 24027 24027 24027 24027 24027 24027 24027 24027 24027 1 24027 24027 24027 24027 24027 24027 24027 24027 24027 24027 24027 24027 24027 24027 24027 24027 24027 24027 24027 24027 24027 24027 24027 24027 24027 24027 24027 24027 24027 24027 24027 24027 24027 24027 24027 24027 24027 24027 24027 24027 24027 24027 24027 24027 24027 24027 24027 24027 24027 24027 24027 24027 24027 24027 24027 24027 24027 24027 24027 24027 24027 24027 24027 
2 3000 2 3 24027 0 24027 0 24027 24027 24027 2 24027 24027 24027 24027 24027 24027 24027 2 24027 24027 24027 24027 24027 24027 24027 24027 24027 24027 24027 24027 24027 24027 24027 0 24027 24027 24027 24027 24027 24027 24027 24027 24027 24027 24027 24027 24027 24027 24027 24027 24027 24027 24027 24027 24027 24027 24027 24027 24027 24027 24027 24027 24027 24027 24027 4 24027 24027 24027 24027 24027 24027 24027 24027 24027 24027 24027 24027 24027 24027 24027 24027 24027 24027 24027 24027 24027 24027 24027 24027 24027 24027 24027 24027 24027 24027 24027 24027 24027 24027 24027 24027 24027 24027 24027 24027 24027 24027 24027 24027 24027 24027 24027 24027 24027 24027 24027 24027 24027 24027 24027 24027 24027 24027 24027 24027 24027 24027 
3 3000 2 24027 1 2 24027 24027 0 24027 24027 24027 0 24027 24027 24027 24027 24027 24027 24027 3 24027 24027 24027 24027 24027 24027 24027 24027 24027 24027 24027 24027 24027 24027 24027 1 24027 24027 24027 24027 24027 24027 24027 24027 24027 24027 24027 24027 24027 24027 24027 24027 24027 24027 24027 24027 24027 24027 24027 24027 24027 24027 24027 24027 24027 24027 24027 4 24027 24027 24027 24027 24027 24027 24027 24027 24027 24027 24027 24027 24027 24027 24027 24027 24027 24027 24027 24027 24027 24027 24027 24027 24027 24027 24027 24027 24027 24027 24027 24027 24027 24027 24027 24027 24027 24027 24027 24027 24027 24027 24027 24027 24027 24027 24027 24027 24027 24027 24027 24027 24027 24027 24027 24027 24027 24027 24027 24027 24027 
4 3000 24027 1 4 0 24027 24027 24027 1 24027 24027 24027 1 24027 24027 24027 24027 24027 24027 24027 3 24027 24027 24027 24027 24027 24027 24027 24027 24027 24027 24027 24027 24027 24027 24027 3 24027 24027 24027 24027 24027 24027 24027 24027 24027 24027 24027 24027 24027 24027 24027 24027 24027 24027 24027 24027 24027 24027 24027 24027 24027 24027 24027 24027 24027 24027 24027 2 24027 24027 24027 24027 24027 24027 24027 24027 24027 24027 24027 24027 24027 24027 24027 24027 24027 24027 24027 24027 24027 24027 24027 24027 24027 24027 24027 24027 24027 24027 24027 24027 24027 24027 24027 24027 24027 24027 24027 24027 24027 24027 24027 24027 24027 24027 24027 24027 24027 24027 24027 24027 24027 24027 24027 24027 24027 24027 24027 24027 
5 3000 4 24027 24027 24027 0 0 2 24027 24027 24027 24027 24027 2 24027 24027 24027 24027 24027 24027 24027 1 24027 24027 24027 24027 24027 24027 24027 24027 24027 24027 24027 24027 24027 24027 24027 2 24027 24027 24027 24027 24027 24027 24027 24027 24027 24027 24027 24027 24027 24027 24027 24027 24027 24027 24027 24027 24027 24027 24027 24027 24027 24027 24027 24027 24027 24027 24027 4 24027 24027 24027 24027 24027 24027 24027 24027 24027 24027 24027 24027 24027 24027 24027 24027 24027 24027 24027 24027 24027 24027 24027 24027 24027 24027 24027 24027 24027 24027 24027 24027 24027 24027 24027 24027 24027 24027 24027 24027 24027 24027 24027 24027 24027 24027 24027 24027 24027 24027 24027 24027 24027 24027 24027 24027 24027 24027 24027 
6 3000 24027 2 24027 24027 3 1 24027 4 24027 24027 24027 24027 24027 0 24027 24027 24027 24027 24027 24027 24027 4 24027 24027 24027 24027 24027 24027 24027 24027 24027 24027 24027 24027 24027 24027 24027 1 24027 24027 24027 24027 24027 24027 24027 24027 24027 24027 24027 24027 24027 24027 24027 24027 24027 24027 24027 24027 24027 24027 24027 24027 24027 24027 24027 24027 24027 24027 24027 3 24027 24027 24027 24027 24027 24027 24027 24027 24027 24027 24027 24027 24027 24027 24027 24027 24027 24027 24027 24027 24027 24027 24027 24027 24027 24027 24027 24027 24027 24027 24027 24027 24027 24027 24027 24027 24027 24027 24027 24027 24027 24027 24027 24027 24027 24027 24027 24027 24027 24027 24027 24027 24027 24027 24027 24027 24027 24027 
7 3000 24027 24027 4 24027 3 24027 0 3 24027 24027 24027 24027 24027 24027 3 24027 24027 24027 24027 24027 24027 24027 0 24027 24027 24027 24027 24027 24027 24027 24027 24027 24027 24027 24027 24027 24027 24027 3 24027 24027 24027 24027 24027 24027 24027 24027 24027 24027 24027 24027 24027 24027 24027 24027 24027 24027 24027 24027 24027 24027 24027 24027 24027 24027 24027 24027 24027 24027 24027 4 24027 24027 24027 24027 24027 24027 24027 24027 24027 24027 24027 24027 24027 24027 24027 24027 24027 24027 24027 24027 24027 24027 24027 24027 24027 24027 24027 24027 24027 24027 24027 24027 24027 24027 24027 24027 24027 24027 24027 24027 24027 24027 24027 24027 24027 24027 24027 24027 24027 24027 24027 24027 24027 24027 24027 24027 24027 
8 3000 24027 24027 24027 0 24027 2 0 0 24027 24027 24027 24027 24027 24027 24027 4 24027 24027 24027 24027 24027 24027 24027 4 24027 24027 24027 24027 24027 24027 24027 24027 24027 24027 24027 24027 24027 24027 24027 2 24027 24027 24027 24027 24027 24027 24027 24027 24027 24027 24027 24027 24027 24027 24027 24027 24027 24027 24027 24027 24027 24027 24027 24027 24027 24027 24027 24027 24027 24027 24027 4 24027 24027 24027 24027 24027 24027 24027 24027 24027 24027 24027 24027 24027 24027 24027 24027 24027 24027 24027 24027 24027 24027 24027 24027 24027 24027 24027 24027 24027 24027 24027 24027 24027 24027 24027 24027 24027 24027 24027 24027 24027 24027 24027 24027 24027 24027 24027 24027 24027 24027 24027 24027 24027 24027 24027 24027 
9 3000 3 24027 24027 24027 24027 24027 24027 24027 1 2 0 24027 4 24027 24027 24027 24027 24027 24027 24027 24027 24027 24027 24027 0 24027 24027 24027 24027 24027 24027 24027 24027 24027 24027 24027 24027 24027 24027 24027 3 24027 24027 24027 24027 24027 24027 24027 24027 24027 24027 24027 24027 24027 24027 24027 24027 24027 24027 24027 24027 24027 24027 24027 24027 24027 24027 24027 24027 24027 24027 24027 0 24027 24027 24027 24027 24027 24027 24027 24027 24027 24027 24027 24027 24027 24027 24027 24027 24027 24027 24027 24027 24027 24027 24027 24027 24027 24027 24027 24027 24027 24027 24027 24027 24027 24027 24027 24027 24027 24027 24027 24027 24027 24027 24027 24027 24027 24027 24027 24027 24027 24027 24027 24027 24027 24027 24027 
10 3000 24027 0 24027 24027 24027 24027 24027 24027 4 1 24027 2 24027 4 24027 24027 24027 24027 24027 24027 24027 24027 24027 24027 24027 0 24027 24027 24027 24027 24027 24027 24027 24027 24027 24027 24027 24027 24027 24027 24027 0 24027 24027 24027 24027 24027 24027 24027 24027 24027 24027 24027 24027 24027 24027 24027 24027 24027 24027 24027 24027 24027 24027 24027 24027 24027 24027 24027 24027 24027 24027 24027 4 24027 24027 24027 24027 24027 24027 24027 24027 24027 24027 24027 24027 24027 24027 24027 24027 24027 24027 24027 24027 24027 24027 24027 24027 24027 24027 24027 24027 24027 24027 24027 24027 24027 24027 24027 24027 24027 24027 24027 24027 24027 24027 24027 24027 24027 24027 24027 24027 24027 24027 24027 24027 24027 24027 
11 3000 24027 24027 4 24027 24027 24027 24027 24027 0 24027 2 4 24027 24027 2 24027 24027 24027 24027 24027 24027 24027 24027 24027 24027 24027 3 24027 24027 24027 24027 24027 24027 24027 24027 24027 24027 24027 24027 24027 24027 24027 4 24027 24027 24027 24027 24027 24027 24027 24027 24027 24027 24027 24027 24027 24027 24027 24027 24027 24027 24027 24027 24027 24027 24027 24027 24027 24027 24027 24027 24027 24027 24027 4 24027 24027 24027 24027 24027 24027 24027 24027 24027 24027 24027 24027 24027 24027 24027 24027 24027 24027 24027 24027 24027 24027 24027 24027 24027 24027 24027 24027 24027 24027 24027 24027 24027 24027 24027 24027 24027 24027 24027 24027 24027 24027 24027 24027 24027 24027 24027 24027 24027 24027 24027 24027 24027 
12 3000 24027 24027 24027 4 24027 24027 24027 24027 24027 3 2 4 24027 24027 24027 4 24027 24027 24027 24027 24027 24027 24027 24027 24027 24027 24027 0 24027 24027 24027 24027 24027 24027 24027 24027 24027 24027 24027 24027 24027 24027 24027 2 24027 24027 24027 24027 24027 24027 24027 24027 24027 24027 24027 24027 24027 24027 24027 24027 24027 24027 24027 24027 24027 24027 24027 24027 24027 24027 24027 24027 24027 24027 24027 3 24027 24027 24027 24027 24027 24027 24027 24027 24027 24027 24027 24027 24027 24027 24027 24027 24027 24027 24027 24027 24027 24027 24027 24027 24027 24027 24027 24027 24027 24027 24027 24027 24027 24027 24027 24027 24027 24027 24027 24027 24027 24027 24027 24027 24027 24027 24027 24027 24027 24027 24027 24027 
13 3000 24027 24027 24027 24027 3 24027 24027 24027 3 24027 24027 24027 0 0 0 24027 24027 24027 24027 24027 24027 24027 24027 24027 24027 24027 24027 24027 4 24027 24027 24027 24027 24027 24027 24027 24027 24027 24027 24027 24027 24027 24027 24027 2 24027 24027 24027 24027 24027 24027 24027 24027 24027 24027 24027 24027 24027 24027 24027 24027 24027 24027 24027 24027 24027 24027 24027 24027 24027 24027 24027 24027 24027 24027 24027 2 24027 24027 24027 24027 24027 24027 24027 24027 24027 24027 24027 24027 24027 24027 24027 24027 24027 24027 24027 24027 24027 24027 24027 24027 24027 24027 24027 24027 24027 24027 24027 24027 24027 24027 24027 24027 24027 24027 24027 24027 24027 24027 24027 24027 24027 24027 24027 24027 24027 24027 24027 
14 3000 24027 24027 24027 24027 24027 3 24027 24027 24027 3 24027 24027 1 0 24027 0 24027 24027 24027 24027 24027 24027 24027 24027 24027 24027 24027 24027 24027 2 24027 24027 24027 24027 24027 24027 24027 24027 24027 24027 24027 24027 24027 24027 24027 0 24027 24027 24027 24027 24027 24027 24027 24027 24027 24027 24027 24027 24027 24027 24027 24027 24027 24027 24027 24027 24027 24027 24027 24027 24027 24027 24027 24027 24027 24027 24027 3 24027 24027 24027 24027 24027 24027 24027 24027 24027 24027 24027 24027 24027 24027 24027 24027 24027 24027 24027 24027 24027 24027 24027 24027 24027 24027 24027 24027 24027 24027 24027 24027 24027 24027 24027 24027 24027 24027 24027 24027 24027 24027 24027 24027 24027 24027 24027 24027 24027 24027 
15 3000 24027 24027 24027 24027 24027 24027 3 24027 24027 24027 2 24027 4 24027 3 3 24027 24027 24027 24027 24027 24027 24027 24027 24027 24027 24027 24027 24027 24027 4 24027 24027 24027 24027 24027 24027 24027 24027 24027 24027 24027 24027 24027 24027 24027 3 24027 24027 24027 24027 24027 24027 24027 24027 24027 24027 24027 24027 24027 24027 24027 24027 24027 24027 24027 24027 24027 24027 24027 24027 24027 24027 24027 24027 24027 24027 24027 0 24027 24027 24027 24027 24027 24027 24027 24027 24027 24027 24027 24027 24027 24027 24027 24027 24027 24027 24027 24027 24027 24027 24027 24027 24027 24027 24027 24027 24027 24027 24027 24027 24027 24027 24027 24027 24027 24027 24027 24027 24027 24027 24027 24027 24027 24027 24027 24027 24027 
16 3000 24027 24027 24027 24027 24027 24027 24027 4 24027 24027 24027 4 24027 2 4 4 24027 24027 24027 24027 24027 24027 24027 24027 24027 24027 24027 24027 24027 24027 24027 1 24027 24027 24027 24027 24027 24027 24027 24027 24027 24027 24027 24027 24027 24027 24027 1 24027 24027 24027 24027 24027 24027 24027 24027 24027 24027 24027 24027 24027 24027 24027 24027 24027 24027 24027 24027 24027 24027 24027 24027 24027 24027 24027 24027 24027 24027 24027 4 24027 24027 24027 24027 24027 24027 24027 24027 24027 24027 24027 24027 24027 24027 24027 24027 24027 24027 24027 24027 24027 24027 24027 24027 24027 24027 24027 24027 24027 24027 24027 24027 24027 24027 24027 24027 24027 24027 24027 24027 24027 24027 24027 24027 24027 24027 24027 24027 
17 3000 2 24027 24027 24027 24027 24027 24027 24027 24027 24027 24027 24027 24027 24027 24027 24027 4 3 1 24027 4 24027 24027 24027 3 24027 24027 24027 24027 24027 24027 24027 24027 24027 24027 24027 24027 24027 24027 24027 24027 24027 24027 24027 24027 24027 24027 24027 2 24027 24027 24027 24027 24027 24027 24027 24027 24027 24027 24027 24027 24027 24027 24027 24027 24027 24027 24027 24027 24027 24027 24027 24027 24027 24027 24027 24027 24027 24027 24027 0 24027 24027 24027 24027 24027 24027 24027 24027 24027 24027 24027 24027 24027 24027 24027 24027 24027 24027 24027 24027 24027 24027 24027 24027 24027 24027 24027 24027 24027 24027 24027 24027 24027 24027 24027 24027 24027 24027 24027 24027 24027 24027 24027 24027 24027 24027 24027 
18 3000 24027 4 24027 24027 24027 24027 24027 24027 24027 24027 24027 24027 24027 24027 24027 24027 3 2 24027 1 24027 0 24027 24027 24027 3 24027 24027 24027 24027 24027 24027 24027 24027 24027 24027 24027 24027 24027 24027 24027 24027 24027 24027 24027 24027 24027 24027 24027 4 24027 24027 24027 24027 24027 24027 24027 24027 24027 24027 24027 24027 24027 24027 24027 24027 24027 24027 24027 24027 24027 24027 24027 24027 24027 24027 24027 24027 24027 24027 24027 0 24027 24027 24027 24027 24027 24027 24027 24027 24027 24027 24027 24027 24027 24027 24027 24027 24027 24027 24027 24027 24027 24027 24027 24027 24027 24027 24027 24027 24027 24027 24027 24027 24027 24027 24027 24027 24027 24027 24027 24027 24027 24027 24027 24027 24027 24027 
19 3000 24027 24027 1 24027 24027 24027 24027 24027 24027 24027 24027 24027 24027 24027 24027 24027 4 24027 2 2 24027 24027 0 24027 24027 24027 0 24027 24027 24027 24027 24027 24027 24027 24027 24027 24027 24027 24027 24027 24027 24027 24027 24027 24027 24027 24027 24027 24027 24027 0 24027 24027 24027 24027 24027 24027 24027 24027 24027 24027 24027 24027 24027 24027 24027 24027 24027 24027 24027 24027 24027 24027 24027 24027 24027 24027 24027 24027 24027 24027 24027 2 24027 24027 24027 24027 24027 24027 24027 24027 24027 24027 24027 24027 24027 24027 24027 24027 24027 24027 24027 24027 24027 24027 24027 24027 24027 24027 24027 24027 24027 24027 24027 24027 24027 24027 24027 24027 24027 24027 24027 24027 24027 24027 24027 24027 24027 
20 3000 24027 24027 24027 1 24027 24027 24027 24027 24027 24027 24027 24027 24027 24027 24027 24027 24027 3 2 1 24027 24027 24027 0 24027 24027 24027 1 24027 24027 24027 24027 24027 24027 24027 24027 24027 24027 24027 24027 24027 24027 24027 24027 24027 24027 24027 24027 24027 24027 24027 1 24027 24027 24027 24027 24027 24027 24027 24027 24027 24027 24027 24027 24027 24027 24027 24027 24027 24027 24027 24027 24027 24027 24027 24027 24027 24027 24027 24027 24027 24027 24027 4 24027 24027 24027 24027 24027 24027 24027 24027 24027 24027 24027 24027 24027 24027 24027 24027 24027 24027 24027 24027 24027 24027 24027 24027 24027 24027 24027 24027 24027 24027 24027 24027 24027 24027 24027 24027 24027 24027 24027 24027 24027 24027 24027 24027 
21 3000 24027 24027 24027 24027 4 24027 24027 24027 24027 24027 24027 24027 24027 24027 24027 24027 4 24027 24027 24027 4 3 4 24027 24027 24027 24027 24027 1 24027 24027 24027 24027 24027 24027 24027 24027 24027 24027 24027 24027 24027 24027 24027 24027 24027 24027 24027 24027 24027 24027 24027 1 24027 24027 24027 24027 24027 24027 24027 24027 24027 24027 24027 24027 24027 24027 24027 24027 24027 24027 24027 24027 24027 24027 24027 24027 24027 24027 24027 24027 24027 24027 24027 0 24027 24027 24027 24027 24027 24027 24027 24027 24027 24027 24027 24027 24027 24027 24027 24027 24027 24027 24027 24027 24027 24027 24027 24027 24027 24027 24027 24027 24027 24027 24027 24027 24027 24027 24027 24027 24027 24027 24027 24027 24027 24027 24027 
22 3000 24027 24027 24027 24027 24027 3 24027 24027 24027 24027 24027 24027 24027 24027 24027 24027 24027 2 24027 24027 2 0 24027 1 24027 24027 24027 24027 24027 4 24027 24027 24027 24027 24027 24027 24027 24027 24027 24027 24027 24027 24027 24027 24027 24027 24027 24027 24027 24027 24027 24027 24027 1 24027 24027 24027 24027 24027 24027 24027 24027 24027 24027 24027 24027 24027 24027 24027 24027 24027 24027 24027 24027 24027 24027 24027 24027 24027 24027 24027 24027 24027 24027 24027 4 24027 24027 24027 24027 24027 24027 24027 24027 24027 24027 24027 24027 24027 24027 24027 24027 24027 24027 24027 24027 24027 24027 24027 24027 24027 24027 24027 24027 24027 24027 24027 24027 24027 24027 24027 24027 24027 24027 24027 24027 24027 24027 
23 3000 24027 24027 24027 24027 24027 24027 1 24027 24027 24027 24027 24027 24027 24027 24027 24027 24027 24027 3 24027 2 24027 2 2 24027 24027 24027 24027 24027 24027 1 24027 24027 24027 24027 24027 24027 24027 24027 24027 24027 24027 24027 24027 24027 24027 24027 24027 24027 24027 24027 24027 24027 24027 0 24027 24027 24027 24027 24027 24027 24027 24027 24027 24027 24027 24027 24027 24027 24027 24027 24027 24027 24027 24027 24027 24027 24027 24027 24027 24027 24027 24027 24027 24027 24027 2 24027 24027 24027 24027 24027 24027 24027 24027 24027 24027 24027 24027 24027 24027 24027 24027 24027 24027 24027 24027 24027 24027 24027 24027 24027 24027 24027 24027 24027 24027 24027 24027 24027 24027 24027 24027 24027 24027 24027 24027 24027 
24 3000 24027 24027 24027 24027 24027 24027 24027 0 24027 24027 24027 24027 24027 24027 24027 24027 24027 24027 24027 4 24027 2 3 2 24027 24027 24027 24027 24027 24027 24027 0 24027 24027 24027 24027 24027 24027 24027 24027 24027 24027 24027 24027 24027 24027 24027 24027 24027 24027 24027 24027 24027 24027 24027 1 24027 24027 24027 24027 24027 24027 24027 24027 24027 24027 24027 24027 24027 24027 24027 24027 24027 24027 24027 24027 24027 24027 24027 24027 24027 24027 24027 24027 24027 24027 24027 2 24027 24027 24027 24027 24027 24027 24027 24027 24027 24027 24027 24027 24027 24027 24027 24027 24027 24027 24027 24027 24027 24027 24027 24027 24027 24027 24027 24027 24027 24027 24027 24027 24027 24027 24027 24027 24027 24027 24027 24027 
25 3000 24027 24027 24027 24027 24027 24027 24027 24027 3 24027 24027 24027 24027 24027 24027 24027 4 24027 24027 24027 24027 24027 24027 24027 1 0 3 24027 2 24027 24027 24027 24027 24027 24027 24027 24027 24027 24027 24027 24027 24027 24027 24027 24027 24027 24027 24027 24027 24027 24027 24027 24027 24027 24027 24027 0 24027 24027 24027 24027 24027 24027 24027 24027 24027 24027 24027 24027 24027 24027 24027 24027 24027 24027 24027 24027 24027 24027 24027 24027 24027 24027 24027 24027 24027 24027 24027 0 24027 24027 24027 24027 24027 24027 24027 24027 24027 24027 24027 24027 24027 24027 24027 24027 24027 24027 24027 24027 24027 24027 24027 24027 24027 24027 24027 24027 24027 24027 24027 24027 24027 24027 24027 24027 24027 24027 24027 
26 3000 24027 24027 24027 24027 24027 24027 24027 24027 24027 3 24027 24027 24027 24027 24027 24027 24027 4 24027 24027 24027 24027 24027 24027 0 4 24027 4 24027 4 24027 24027 24027 24027 24027 24027 24027 24027 24027 24027 24027 24027 24027 24027 24027 24027 24027 24027 24027 24027 24027 24027 24027 24027 24027 24027 24027 3 24027 24027 24027 24027 24027 24027 24027 24027 24027 24027 24027 24027 24027 24027 24027 24027 24027 24027 24027 24027 24027 24027 24027 24027 24027 24027 24027 24027 24027 24027 24027 2 24027 24027 24027 24027 24027 24027 24027 24027 24027 24027 24027 24027 24027 24027 24027 24027 24027 24027 24027 24027 24027 24027 24027 24027 24027 24027 24027 24027 24027 24027 24027 24027 24027 24027 24027 24027 24027 24027 
27 3000 24027 24027 24027 24027 24027 24027 24027 24027 24027 24027 4 24027 24027 24027 24027 24027 24027 24027 2 24027 24027 24027 24027 24027 2 24027 2 2 24027 24027 1 24027 24027 24027 24027 24027 24027 24027 24027 24027 24027 24027 24027 24027 24027 24027 24027 24027 24027 24027 24027 24027 24027 24027 24027 24027 24027 24027 2 24027 24027 24027 24027 24027 24027 24027 24027 24027 24027 24027 24027 24027 24027 24027 24027 24027 24027 24027 24027 24027 24027 24027 24027 24027 24027 24027 24027 24027 24027 24027 2 24027 24027 24027 24027 24027 24027 24027 24027 24027 24027 24027 24027 24027 24027 24027 24027 24027 24027 24027 24027 24027 24027 24027 24027 24027 24027 24027 24027 24027 24027 24027 24027 24027 24027 24027 24027 24027 
28 3000 24027 24027 24027 24027 24027 24027 24027 24027 24027 24027 24027 2 24027 24027 24027 24027 24027 24027 24027 4 24027 24027 24027 24027 24027 0 3 4 24027 24027 24027 4 24027 24027 24027 24027 24027 24027 24027 24027 24027 24027 24027 24027 24027 24027 24027 24027 24027 24027 24027 24027 24027 24027 24027 24027 24027 24027 24027 4 24027 24027 24027 24027 24027 24027 24027 24027 24027 24027 24027 24027 24027 24027 24027 24027 24027 24027 24027 24027 24027 24027 24027 24027 24027 24027 24027 24027 24027 24027 24027 4 24027 24027 24027 24027 24027 24027 24027 24027 24027 24027 24027 24027 24027 24027 24027 24027 24027 24027 24027 24027 24027 24027 24027 24027 24027 24027 24027 24027 24027 24027 24027 24027 24027 24027 24027 24027 
29 3000 24027 24027 24027 24027 24027 24027 24027 24027 24027 24027 24027 24027 2 24027 24027 24027 24027 24027 24027 24027 3 24027 24027 24027 3 24027 24027 24027 3 0 4 24027 24027 24027 24027 24027 24027 24027 24027 24027 24027 24027 24027 24027 24027 24027 24027 24027 24027 24027 24027 24027 24027 24027 24027 24027 24027 24027 24027 24027 4 24027 24027 24027 24027 24027 24027 24027 24027 24027 24027 24027 24027 24027 24027 24027 24027 24027 24027 24027 24027 24027 24027 24027 24027 24027 24027 24027 24027 24027 24027 24027 1 24027 24027 24027 24027 24027 24027 24027 24027 24027 24027 24027 24027 24027 24027 24027 24027 24027 24027 24027 24027 24027 24027 24027 24027 24027 24027 24027 24027 24027 24027 24027 24027 24027 24027 24027 
30 3000 24027 24027 24027 24027 24027 24027 24027 24027 24027 24027 24027 24027 24027 4 24027 24027 24027 24027 24027 24027 24027 3 24027 24027 24027 4 24027 24027 4 2 24027 3 24027 24027 24027 24027 24027 24027 24027 24027 24027 24027 24027 24027 24027 24027 24027 24027 24027 24027 24027 24027 24027 24027 24027 24027 24027 24027 24027 24027 24027 0 24027 24027 24027 24027 24027 24027 24027 24027 24027 24027 24027 24027 24027 24027 24027 24027 24027 24027 24027 24027 24027 24027 24027 24027 24027 24027 24027 24027 24027 24027 24027 4 24027 24027 24027 24027 24027 24027 24027 24027 24027 24027 24027 24027 24027 24027 24027 24027 24027 24027 24027 24027 24027 24027 24027 24027 24027 24027 24027 24027 24027 24027 24027 24027 24027 24027 
31 3000 24027 24027 24027 24027 24027 24027 24027 24027 24027 24027 24027 24027 24027 24027 4 24027 24027 24027 24027 24027 24027 24027 1 24027 24027 24027 1 24027 4 24027 1 2 24027 24027 24027 24027 24027 24027 24027 24027 24027 24027 24027 24027 24027 24027 24027 24027 24027 24027 24027 24027 24027 24027 24027 24027 24027 24027 24027 24027 24027 24027 3 24027 24027 24027 24027 24027 24027 24027 24027 24027 24027 24027 24027 24027 24027 24027 24027 24027 24027 24027 24027 24027 24027 24027 24027 24027 24027 24027 24027 24027 24027 24027 2 24027 24027 24027 24027 24027 24027 24027 24027 24027 24027 24027 24027 24027 24027 24027 24027 24027 24027 24027 24027 24027 24027 24027 24027 24027 24027 24027 24027 24027 24027 24027 24027 24027 
32 3000 24027 24027 24027 24027 24027 24027 24027 24027 24027 24027 24027 24027 24027 24027 24027 0 24027 24027 24027 24027 24027 24027 24027 4 24027 24027 24027 1 24027 0 1 0 24027 24027 24027 24027 24027 24027 24027 24027 24027 24027 24027 24027 24027 24027 24027 24027 24027 24027 24027 24027 24027 24027 24027 24027 24027 24027 24027 24027 24027 24027 24027 1 24027 24027 24027 24027 24027 24027 24027 24027 24027 24027 24027 24027 24027 24027 24027 24027 24027 24027 24027 24027 24027 24027 24027 24027 24027 24027 24027 24027 24027 24027 24027 1 24027 24027 24027 24027 24027 24027 24027 24027 24027 24027 24027 24027 24027 24027 24027 24027 24027 24027 24027 24027 24027 24027 24027 24027 24027 24027 24027 24027 24027 24027 24027 24027 
33 3000 3 24027 24027 24027 24027 24027 24027 24027 24027 24027 24027 24027 24027 24027 24027 24027 24027 24027 24027 24027 24027 24027 24027 24027 24027 24027 24027 24027 24027 24027 24027 24027 2 2 2 24027 0 24027 24027 24027 3 24027 24027 24027 24027 24027 24027 24027 2 24027 24027 24027 24027 24027 24027 24027 24027 24027 24027 24027 24027 24027 24027 24027 24027 24027 24027 24027 24027 24027 24027 24027 24027 24027 24027 24027 24027 24027 24027 24027 24027 24027 24027 24027 24027 24027 24027 24027 24027 24027 24027 24027 24027 24027 24027 24027 0 24027 24027 24027 24027 24027 24027 24027 24027 24027 24027 24027 24027 24027 24027 24027 24027 24027 24027 24027 24027 24027 24027 24027 24027 24027 24027 24027 24027 24027 24027 24027 
34 3000 24027 3 24027 24027 24027 24027 24027 24027 24027 24027 24027 24027 24027 24027 24027 24027 24027 24027 24027 24027 24027 24027 24027 24027 24027 24027 24027 24027 24027 24027 24027 24027 0 0 24027 0 24027 3 24027 24027 24027 1 24027 24027 24027 24027 24027 24027 24027 1 24027 24027 24027 24027 24027 24027 24027 24027 24027 24027 24027 24027 24027 24027 24027 24027 24027 24027 24027 24027 24027 24027 24027 24027 24027 24027 24027 24027 24027 24027 24027 24027 24027 24027 24027 24027 24027 24027 24027 24027 24027 24027 24027 24027 24027 24027 24027 2 24027 24027 24027 24027 24027 24027 24027 24027 24027 24027 24027 24027 24027 24027 24027 24027 24027 24027 24027 24027 24027 24027 24027 24027 24027 24027 24027 24027 24027 24027 
35 3000 24027 24027 4 24027 24027 24027 24027 24027 24027 24027 24027 24027 24027 24027 24027 24027 24027 24027 24027 24027 24027 24027 24027 24027 24027 24027 24027 24027 24027 24027 24027 24027 1 24027 2 4 24027 24027 2 24027 24027 24027 2 24027 24027 24027 24027 24027 24027 24027 3 24027 24027 24027 24027 24027 24027 24027 24027 24027 24027 24027 24027 24027 24027 24027 24027 24027 24027 24027 24027 24027 24027 24027 24027 24027 24027 24027 24027 24027 24027 24027 24027 24027 24027 24027 24027 24027 24027 24027 24027 24027 24027 24027 24027 24027 24027 24027 0 24027 24027 24027 24027 24027 24027 24027 24027 24027 24027 24027 24027 24027 24027 24027 24027 24027 24027 24027 24027 24027 24027 24027 24027 24027 24027 24027 24027 24027 
36 3000 24027 24027 24027 0 24027 24027 24027 24027 24027 24027 24027 24027 24027 24027 24027 24027 24027 24027 24027 24027 24027 24027 24027 24027 24027 24027 24027 24027 24027 24027 24027 24027 24027 3 1 0 24027 24027 24027 1 24027 24027 24027 1 24027 24027 24027 24027 24027 24027 24027 0 24027 24027 24027 24027 24027 24027 24027 24027 24027 24027 24027 24027 24027 24027 24027 24027 24027 24027 24027 24027 24027 24027 24027 24027 24027 24027 24027 24027 24027 24027 24027 24027 24027 24027 24027 24027 24027 24027 24027 24027 24027 24027 24027 24027 24027 24027 24027 1 24027 24027 24027 24027 24027 24027 24027 24027 24027 24027 24027 24027 24027 24027 24027 24027 24027 24027 24027 24027 24027 24027 24027 24027 24027 24027 24027 24027 
37 3000 24027 24027 24027 24027 2 24027 24027 24027 24027 24027 24027 24027 24027 24027 24027 24027 24027 24027 24027 24027 24027 24027 24027 24027 24027 24027 24027 24027 24027 24027 24027 24027 0 24027 24027 24027 2 2 3 24027 24027 24027 24027 24027 1 24027 24027 24027 24027 24027 24027 24027 1 24027 24027 24027 24027 24027 24027 24027 24027 24027 24027 24027 24027 24027 24027 24027 24027 24027 24027 24027 24027 24027 24027 24027 24027 24027 24027 24027 24027 24027 24027 24027 24027 24027 24027 24027 24027 24027 24027 24027 24027 24027 24027 24027 24027 24027 24027 24027 1 24027 24027 24027 24027 24027 24027 24027 24027 24027 24027 24027 24027 24027 24027 24027 24027 24027 24027 24027 24027 24027 24027 24027 24027 24027 24027 24027 
38 3000 24027 24027 24027 24027 24027 0 24027 24027 24027 24027 24027 24027 24027 24027 24027 24027 24027 24027 24027 24027 24027 24027 24027 24027 24027 24027 24027 24027 24027 24027 24027 24027 24027 0 24027 24027 0 4 24027 3 24027 24027 24027 24027 24027 4 24027 24027 24027 24027 24027 24027 24027 2 24027 24027 24027 24027 24027 24027 24027 24027 24027 24027 24027 24027 24027 24027 24027 24027 24027 24027 24027 24027 24027 24027 24027 24027 24027 24027 24027 24027 24027 24027 24027 24027 24027 24027 24027 24027 24027 24027 24027 24027 24027 24027 24027 24027 24027 24027 24027 2 24027 24027 24027 24027 24027 24027 24027 24027 24027 24027 24027 24027 24027 24027 24027 24027 24027 24027 24027 24027 24027 24027 24027 24027 24027 24027 
39 3000 24027 24027 24027 24027 24027 24027 2 24027 24027 24027 24027 24027 24027 24027 24027 24027 24027 24027 24027 24027 24027 24027 24027 24027 24027 24027 24027 24027 24027 24027 24027 24027 24027 24027 4 24027 4 24027 1 1 24027 24027 24027 24027 24027 24027 4 24027 24027 24027 24027 24027 24027 24027 4 24027 24027 24027 24027 24027 24027 24027 24027 24027 24027 24027 24027 24027 24027 24027 24027 24027 24027 24027 24027 24027 24027 24027 24027 24027 24027 24027 24027 24027 24027 24027 24027 24027 24027 24027 24027 24027 24027 24027 24027 24027 24027 24027 24027 24027 24027 24027 4 24027 24027 24027 24027 24027 24027 24027 24027 24027 24027 24027 24027 24027 24027 24027 24027 24027 24027 24027 24027 24027 24027 24027 24027 24027 
40 3000 24027 24027 24027 24027 24027 24027 24027 1 24027 24027 24027 24027 24027 24027 24027 24027 24027 24027 24027 24027 24027 24027 24027 24027 24027 24027 24027 24027 24027 24027 24027 24027 24027 24027 24027 4 24027 3 1 1 24027 24027 24027 24027 24027 24027 24027 1 24027 24027 24027 24027 24027 24027 24027 1 24027 24027 24027 24027 24027 24027 24027 24027 24027 24027 24027 24027 24027 24027 24027 24027 24027 24027 24027 24027 24027 24027 24027 24027 24027 24027 24027 24027 24027 24027 24027 24027 24027 24027 24027 24027 24027 24027 24027 24027 24027 24027 24027 24027 24027 24027 24027 2 24027 24027 24027 24027 24027 24027 24027 24027 24027 24027 24027 24027 24027 24027 24027 24027 24027 24027 24027 24027 24027 24027 24027 24027 
41 3000 24027 24027 24027 24027 24027 24027 24027 24027 3 24027 24027 24027 24027 24027 24027 24027 24027 24027 24027 24027 24027 24027 24027 24027 24027 24027 24027 24027 24027 24027 24027 24027 1 24027 24027 24027 24027 24027 24027 24027 3 3 1 24027 4 24027 24027 24027 24027 24027 24027 24027 24027 24027 24027 24027 4 24027 24027 24027 24027 24027 24027 24027 24027 24027 24027 24027 24027 24027 24027 24027 24027 24027 24027 24027 24027 24027 24027 24027 24027 24027 24027 24027 24027 24027 24027 24027 24027 24027 24027 24027 24027 24027 24027 24027 24027 24027 24027 24027 24027 24027 24027 24027 1 24027 24027 24027 24027 24027 24027 24027 24027 24027 24027 24027 24027 24027 24027 24027 24027 24027 24027 24027 24027 24027 24027 24027 
42 3000 24027 24027 24027 24027 24027 24027 24027 24027 24027 0 24027 24027 24027 24027 24027 24027 24027 24027 24027 24027 24027 24027 24027 24027 24027 24027 24027 24027 24027 24027 24027 24027 24027 1 24027 24027 24027 24027 24027 24027 3 3 24027 2 24027 1 24027 24027 24027 24027 24027 24027 24027 24027 24027 24027 24027 0 24027 24027 24027 24027 24027 24027 24027 24027 24027 24027 24027 24027 24027 24027 24027 24027 24027 24027 24027 24027 24027 24027 24027 24027 24027 24027 24027 24027 24027 24027 24027 24027 24027 24027 24027 24027 24027 24027 24027 24027 24027 24027 24027 24027 24027 24027 24027 2 24027 24027 24027 24027 24027 24027 24027 24027 24027 24027 24027 24027 24027 24027 24027 24027 24027 24027 24027 24027 24027 24027 
43 3000 24027 24027 24027 24027 24027 24027 24027 24027 24027 24027 0 24027 24027 24027 24027 24027 24027 24027 24027 24027 24027 24027 24027 24027 24027 24027 24027 24027 24027 24027 24027 24027 24027 24027 2 24027 24027 24027 24027 24027 1 24027 1 3 24027 24027 1 24027 24027 24027 24027 24027 24027 24027 24027 24027 24027 24027 3 24027 24027 24027 24027 24027 24027 24027 24027 24027 24027 24027 24027 24027 24027 24027 24027 24027 24027 24027 24027 24027 24027 24027 24027 24027 24027 24027 24027 24027 24027 24027 24027 24027 24027 24027 24027 24027 24027 24027 24027 24027 24027 24027 24027 24027 24027 24027 0 24027 24027 24027 24027 24027 24027 24027 24027 24027 24027 24027 24027 24027 24027 24027 24027 24027 24027 24027 24027 24027 
44 3000 24027 24027 24027 24027 24027 24027 24027 24027 24027 24027 24027 2 24027 24027 24027 24027 24027 24027 24027 24027 24027 24027 24027 24027 24027 24027 24027 24027 24027 24027 24027 24027 24027 24027 24027 1 24027 24027 24027 24027 24027 3 2 4 24027 24027 24027 1 24027 24027 24027 24027 24027 24027 24027 24027 24027 24027 24027 0 24027 24027 24027 24027 24027 24027 24027 24027 24027 24027 24027 24027 24027 24027 24027 24027 24027 24027 24027 24027 24027 24027 24027 24027 24027 24027 24027 24027 24027 24027 24027 24027 24027 24027 24027 24027 24027 24027 24027 24027 24027 24027 24027 24027 24027 24027 24027 1 24027 24027 24027 24027 24027 24027 24027 24027 24027 24027 24027 24027 24027 24027 24027 24027 24027 24027 24027 24027 
45 3000 24027 24027 24027 24027 24027 24027 24027 24027 24027 24027 24027 24027 1 24027 24027 24027 24027 24027 24027 24027 24027 24027 24027 24027 24027 24027 24027 24027 24027 24027 24027 24027 24027 24027 24027 24027 4 24027 24027 24027 1 24027 24027 24027 0 4 4 24027 24027 24027 24027 24027 24027 24027 24027 24027 24027 24027 24027 24027 3 24027 24027 24027 24027 24027 24027 24027 24027 24027 24027 24027 24027 24027 24027 24027 24027 24027 24027 24027 24027 24027 24027 24027 24027 24027 24027 24027 24027 24027 24027 24027 24027 24027 24027 24027 24027 24027 24027 24027 24027 24027 24027 24027 24027 24027 24027 24027 3 24027 24027 24027 24027 24027 24027 24027 24027 24027 24027 24027 24027 24027 24027 24027 24027 24027 24027 24027 
46 3000 24027 24027 24027 24027 24027 24027 24027 24027 24027 24027 24027 24027 24027 0 24027 24027 24027 24027 24027 24027 24027 24027 24027 24027 24027 24027 24027 24027 24027 24027 24027 24027 24027 24027 24027 24027 24027 3 24027 24027 24027 3 24027 24027 4 1 24027 3 24027 24027 24027 24027 24027 24027 24027 24027 24027 24027 24027 24027 24027 0 24027 24027 24027 24027 24027 24027 24027 24027 24027 24027 24027 24027 24027 24027 24027 24027 24027 24027 24027 24027 24027 24027 24027 24027 24027 24027 24027 24027 24027 24027 24027 24027 24027 24027 24027 24027 24027 24027 24027 24027 24027 24027 24027 24027 24027 24027 24027 1 24027 24027 24027 24027 24027 24027 24027 24027 24027 24027 24027 24027 24027 24027 24027 24027 24027 24027 
47 3000 24027 24027 24027 24027 24027 24027 24027 24027 24027 24027 24027 24027 24027 24027 1 24027 24027 24027 24027 24027 24027 24027 24027 24027 24027 24027 24027 24027 24027 24027 24027 24027 24027 24027 24027 24027 24027 24027 2 24027 24027 24027 1 24027 4 24027 2 1 24027 24027 24027 24027 24027 24027 24027 24027 24027 24027 24027 24027 24027 24027 2 24027 24027 24027 24027 24027 24027 24027 24027 24027 24027 24027 24027 24027 24027 24027 24027 24027 24027 24027 24027 24027 24027 24027 24027 24027 24027 24027 24027 24027 24027 24027 24027 24027 24027 24027 24027 24027 24027 24027 24027 24027 24027 24027 24027 24027 24027 24027 2 24027 24027 24027 24027 24027 24027 24027 24027 24027 24027 24027 24027 24027 24027 24027 24027 24027 
48 3000 24027 24027 24027 24027 24027 24027 24027 24027 24027 24027 24027 24027 24027 24027 24027 1 24027 24027 24027 24027 24027 24027 24027 24027 24027 24027 24027 24027 24027 24027 24027 24027 24027 24027 24027 24027 24027 24027 24027 4 24027 24027 24027 0 24027 2 0 4 24027 24027 24027 24027 24027 24027 24027 24027 24027 24027 24027 24027 24027 24027 24027 2 24027 24027 24027 24027 24027 24027 24027 24027 24027 24027 24027 24027 24027 24027 24027 24027 24027 24027 24027 24027 24027 24027 24027 24027 24027 24027 24027 24027 24027 24027 24027 24027 24027 24027 24027 24027 24027 24027 24027 24027 24027 24027 24027 24027 24027 24027 24027 1 24027 24027 24027 24027 24027 24027 24027 24027 24027 24027 24027 24027 24027 24027 24027 24027 
49 3000 24027 24027 24027 24027 24027 24027 24027 24027 24027 24027 24027 24027 24027 24027 24027 24027 3 24027 24027 24027 24027 24027 24027 24027 24027 24027 24027 24027 24027 24027 24027 24027 3 24027 24027 24027 24027 24027 24027 24027 24027 24027 24027 24027 24027 24027 24027 24027 4 1 4 24027 3 24027 24027 24027 3 24027 24027 24027 24027 24027 24027 24027 24027 24027 24027 24027 24027 24027 24027 24027 24027 24027 24027 24027 24027 24027 24027 24027 24027 24027 24027 24027 24027 24027 24027 24027 24027 24027 24027 24027 24027 24027 24027 24027 24027 24027 24027 24027 24027 24027 24027 24027 24027 24027 24027 24027 24027 24027 24027 24027 1 24027 24027 24027 24027 24027 24027 24027 24027 24027 24027 24027 24027 24027 24027 24027 
50 3000 24027 24027 24027 24027 24027 24027 24027 24027 24027 24027 24027 24027 24027 24027 24027 24027 24027 2 24027 24027 24027 24027 24027 24027 24027 24027 24027 24027 24027 24027 24027 24027 24027 2 24027 24027 24027 24027 24027 24027 24027 24027 24027 24027 24027 24027 24027 24027 0 1 24027 3 24027 4 24027 24027 24027 3 24027 24027 24027 24027 24027 24027 24027 24027 24027 24027 24027 24027 24027 24027 24027 24027 24027 24027 24027 24027 24027 24027 24027 24027 24027 24027 24027 24027 24027 24027 24027 24027 24027 24027 24027 24027 24027 24027 24027 24027 24027 24027 24027 24027 24027 24027 24027 24027 24027 24027 24027 24027 24027 24027 24027 0 24027 24027 24027 24027 24027 24027 24027 24027 24027 24027 24027 24027 24027 24027 
51 3000 24027 24027 24027 24027 24027 24027 24027 24027 24027 24027 24027 24027 24027 24027 24027 24027 24027 24027 1 24027 24027 24027 24027 24027 24027 24027 24027 24027 24027 24027 24027 24027 24027 24027 0 24027 24027 24027 24027 24027 24027 24027 24027 24027 24027 24027 24027 24027 0 24027 0 0 24027 24027 3 24027 24027 24027 4 24027 24027 24027 24027 24027 24027 24027 24027 24027 24027 24027 24027 24027 24027 24027 24027 24027 24027 24027 24027 24027 24027 24027 24027 24027 24027 24027 24027 24027 24027 24027 24027 24027 24027 24027 24027 24027 24027 24027 24027 24027 24027 24027 24027 24027 24027 24027 24027 24027 24027 24027 24027 24027 24027 24027 4 24027 24027 24027 24027 24027 24027 24027 24027 24027 24027 24027 24027 24027 
52 3000 24027 24027 24027 24027 24027 24027 24027 24027 24027 24027 24027 24027 24027 24027 24027 24027 24027 24027 24027 3 24027 24027 24027 24027 24027 24027 24027 24027 24027 24027 24027 24027 24027 24027 24027 3 24027 24027 24027 24027 24027 24027 24027 24027 24027 24027 24027 24027 24027 3 1 1 24027 24027 24027 3 24027 24027 24027 4 24027 24027 24027 24027 24027 24027 24027 24027 24027 24027 24027 24027 24027 24027 24027 24027 24027 24027 24027 24027 24027 24027 24027 24027 24027 24027 24027 24027 24027 24027 24027 24027 24027 24027 24027 24027 24027 24027 24027 24027 24027 24027 24027 24027 24027 24027 24027 24027 24027 24027 24027 24027 24027 24027 24027 1 24027 24027 24027 24027 24027 24027 24027 24027 24027 24027 24027 24027 
53 3000 24027 24027 24027 24027 24027 24027 24027 24027 24027 24027 24027 24027 24027 24027 24027 24027 24027 24027 24027 24027 0 24027 24027 24027 24027 24027 24027 24027 24027 24027 24027 24027 24027 24027 24027 24027 4 24027 24027 24027 24027 24027 24027 24027 24027 24027 24027 24027 2 24027 24027 24027 2 1 3 24027 24027 24027 24027 24027 2 24027 24027 24027 24027 24027 24027 24027 24027 24027 24027 24027 24027 24027 24027 24027 24027 24027 24027 24027 24027 24027 24027 24027 24027 24027 24027 24027 24027 24027 24027 24027 24027 24027 24027 24027 24027 24027 24027 24027 24027 24027 24027 24027 24027 24027 24027 24027 24027 24027 24027 24027 24027 24027 24027 24027 3 24027 24027 24027 24027 24027 24027 24027 24027 24027 24027 24027 
54 3000 24027 24027 24027 24027 24027 24027 24027 24027 24027 24027 24027 24027 24027 24027 24027 24027 24027 24027 24027 24027 24027 4 24027 24027 24027 24027 24027 24027 24027 24027 24027 24027 24027 24027 24027 24027 24027 4 24027 24027 24027 24027 24027 24027 24027 24027 24027 24027 24027 0 24027 24027 3 2 24027 2 24027 24027 24027 24027 24027 0 24027 24027 24027 24027 24027 24027 24027 24027 24027 24027 24027 24027 24027 24027 24027 24027 24027 24027 24027 24027 24027 24027 24027 24027 24027 24027 24027 24027 24027 24027 24027 24027 24027 24027 24027 24027 24027 24027 24027 24027 24027 24027 24027 24027 24027 24027 24027 24027 24027 24027 24027 24027 24027 24027 24027 0 24027 24027 24027 24027 24027 24027 24027 24027 24027 24027 
55 3000 24027 24027 24027 24027 24027 24027 24027 24027 24027 24027 24027 24027 24027 24027 24027 24027 24027 24027 24027 24027 24027 24027 4 24027 24027 24027 24027 24027 24027 24027 24027 24027 24027 24027 24027 24027 24027 24027 2 24027 24027 24027 24027 24027 24027 24027 24027 24027 24027 24027 3 24027 3 24027 2 2 24027 24027 24027 24027 24027 24027 1 24027 24027 24027 24027 24027 24027 24027 24027 24027 24027 24027 24027 24027 24027 24027 24027 24027 24027 24027 24027 24027 24027 24027 24027 24027 24027 24027 24027 24027 24027 24027 24027 24027 24027 24027 24027 24027 24027 24027 24027 24027 24027 24027 24027 24027 24027 24027 24027 24027 24027 24027 24027 24027 24027 24027 2 24027 24027 24027 24027 24027 24027 24027 24027 24027 
56 3000 24027 24027 24027 24027 24027 24027 24027 24027 24027 24027 24027 24027 24027 24027 24027 24027 24027 24027 24027 24027 24027 24027 24027 1 24027 24027 24027 24027 24027 24027 24027 24027 24027 24027 24027 24027 24027 24027 24027 2 24027 24027 24027 24027 24027 24027 24027 24027 24027 24027 24027 2 24027 0 2 1 24027 24027 24027 24027 24027 24027 24027 2 24027 24027 24027 24027 24027 24027 24027 24027 24027 24027 24027 24027 24027 24027 24027 24027 24027 24027 24027 24027 24027 24027 24027 24027 24027 24027 24027 24027 24027 24027 24027 24027 24027 24027 24027 24027 24027 24027 24027 24027 24027 24027 24027 24027 24027 24027 24027 24027 24027 24027 24027 24027 24027 24027 24027 0 24027 24027 24027 24027 24027 24027 24027 24027 
57 3000 24027 24027 24027 24027 24027 24027 24027 24027 24027 24027 24027 24027 24027 24027 24027 24027 24027 24027 24027 24027 24027 24027 24027 24027 4 24027 24027 24027 24027 24027 24027 24027 24027 24027 24027 24027 24027 24027 24027 24027 2 24027 24027 24027 24027 24027 24027 24027 2 24027 24027 24027 24027 24027 24027 24027 3 2 1 24027 1 24027 24027 24027 24027 24027 24027 24027 24027 24027 24027 24027 24027 24027 24027 24027 24027 24027 24027 24027 24027 24027 24027 24027 24027 24027 24027 24027 24027 24027 24027 24027 24027 24027 24027 24027 24027 24027 24027 24027 24027 24027 24027 24027 24027 24027 24027 24027 24027 24027 24027 24027 24027 24027 24027 24027 24027 24027 24027 24027 3 24027 24027 24027 24027 24027 24027 24027 
58 3000 24027 24027 24027 24027 24027 24027 24027 24027 24027 24027 24027 24027 24027 24027 24027 24027 24027 24027 24027 24027 24027 24027 24027 24027 24027 3 24027 24027 24027 24027 24027 24027 24027 24027 24027 24027 24027 24027 24027 24027 24027 2 24027 24027 24027 24027 24027 24027 24027 4 24027 24027 24027 24027 24027 24027 0 3 24027 4 24027 4 24027 24027 24027 24027 24027 24027 24027 24027 24027 24027 24027 24027 24027 24027 24027 24027 24027 24027 24027 24027 24027 24027 24027 24027 24027 24027 24027 24027 24027 24027 24027 24027 24027 24027 24027 24027 24027 24027 24027 24027 24027 24027 24027 24027 24027 24027 24027 24027 24027 24027 24027 24027 24027 24027 24027 24027 24027 24027 24027 3 24027 24027 24027 24027 24027 24027 
59 3000 24027 24027 24027 24027 24027 24027 24027 24027 24027 24027 24027 24027 24027 24027 24027 24027 24027 24027 24027 24027 24027 24027 24027 24027 24027 24027 0 24027 24027 24027 24027 24027 24027 24027 24027 24027 24027 24027 24027 24027 24027 24027 3 24027 24027 24027 24027 24027 24027 24027 0 24027 24027 24027 24027 24027 4 24027 2 1 24027 24027 2 24027 24027 24027 24027 24027 24027 24027 24027 24027 24027 24027 24027 24027 24027 24027 24027 24027 24027 24027 24027 24027 24027 24027 24027 24027 24027 24027 24027 24027 24027 24027 24027 24027 24027 24027 24027 24027 24027 24027 24027 24027 24027 24027 24027 24027 24027 24027 24027 24027 24027 24027 24027 24027 24027 24027 24027 24027 24027 24027 2 24027 24027 24027 24027 24027 
60 3000 24027 24027 24027 24027 24027 24027 24027 24027 24027 24027 24027 24027 24027 24027 24027 24027 24027 24027 24027 24027 24027 24027 24027 24027 24027 24027 24027 3 24027 24027 24027 24027 24027 24027 24027 24027 24027 24027 24027 24027 24027 24027 24027 3 24027 24027 24027 24027 24027 24027 24027 2 24027 24027 24027 24027 24027 0 2 1 24027 24027 24027 3 24027 24027 24027 24027 24027 24027 24027 24027 24027 24027 24027 24027 24027 24027 24027 24027 24027 24027 24027 24027 24027 24027 24027 24027 24027 24027 24027 24027 24027 24027 24027 24027 24027 24027 24027 24027 24027 24027 24027 24027 24027 24027 24027 24027 24027 24027 24027 24027 24027 24027 24027 24027 24027 24027 24027 24027 24027 24027 24027 0 24027 24027 24027 24027 
61 3000 24027 24027 24027 24027 24027 24027 24027 24027 24027 24027 24027 24027 24027 24027 24027 24027 24027 24027 24027 24027 24027 24027 24027 24027 24027 24027 24027 24027 3 24027 24027 24027 24027 24027 24027 24027 24027 24027 24027 24027 24027 24027 24027 24027 4 24027 24027 24027 24027 24027 24027 24027 1 24027 24027 24027 0 24027 24027 24027 4 3 4 24027 24027 24027 24027 24027 24027 24027 24027 24027 24027 24027 24027 24027 24027 24027 24027 24027 24027 24027 24027 24027 24027 24027 24027 24027 24027 24027 24027 24027 24027 24027 24027 24027 24027 24027 24027 24027 24027 24027 24027 24027 24027 24027 24027 24027 24027 24027 24027 24027 24027 24027 24027 24027 24027 24027 24027 24027 24027 24027 24027 24027 2 24027 24027 24027 
62 3000 24027 24027 24027 24027 24027 24027 24027 24027 24027 24027 24027 24027 24027 24027 24027 24027 24027 24027 24027 24027 24027 24027 24027 24027 24027 24027 24027 24027 24027 0 24027 24027 24027 24027 24027 24027 24027 24027 24027 24027 24027 24027 24027 24027 24027 0 24027 24027 24027 24027 24027 24027 24027 4 24027 24027 24027 2 24027 24027 1 4 24027 0 24027 24027 24027 24027 24027 24027 24027 24027 24027 24027 24027 24027 24027 24027 24027 24027 24027 24027 24027 24027 24027 24027 24027 24027 24027 24027 24027 24027 24027 24027 24027 24027 24027 24027 24027 24027 24027 24027 24027 24027 24027 24027 24027 24027 24027 24027 24027 24027 24027 24027 24027 24027 24027 24027 24027 24027 24027 24027 24027 24027 24027 0 24027 24027 
63 3000 24027 24027 24027 24027 24027 24027 24027 24027 24027 24027 24027 24027 24027 24027 24027 24027 24027 24027 24027 24027 24027 24027 24027 24027 24027 24027 24027 24027 24027 24027 1 24027 24027 24027 24027 24027 24027 24027 24027 24027 24027 24027 24027 24027 24027 24027 3 24027 24027 24027 24027 24027 24027 24027 0 24027 24027 24027 2 24027 3 24027 0 0 24027 24027 24027 24027 24027 24027 24027 24027 24027 24027 24027 24027 24027 24027 24027 24027 24027 24027 24027 24027 24027 24027 24027 24027 24027 24027 24027 24027 24027 24027 24027 24027 24027 24027 24027 24027 24027 24027 24027 24027 24027 24027 24027 24027 24027 24027 24027 24027 24027 24027 24027 24027 24027 24027 24027 24027 24027 24027 24027 24027 24027 24027 3 24027 
64 3000 24027 24027 24027 24027 24027 24027 24027 24027 24027 24027 24027 24027 24027 24027 24027 24027 24027 24027 24027 24027 24027 24027 24027 24027 24027 24027 24027 24027 24027 24027 24027 1 24027 24027 24027 24027 24027 24027 24027 24027 24027 24027 24027 24027 24027 24027 24027 3 24027 24027 24027 24027 24027 24027 24027 1 24027 24027 24027 4 24027 3 2 4 24027 24027 24027 24027 24027 24027 24027 24027 24027 24027 24027 24027 24027 24027 24027 24027 24027 24027 24027 24027 24027 24027 24027 24027 24027 24027 24027 24027 24027 24027 24027 24027 24027 24027 24027 24027 24027 24027 24027 24027 24027 24027 24027 24027 24027 24027 24027 24027 24027 24027 24027 24027 24027 24027 24027 24027 24027 24027 24027 24027 24027 24027 24027 2 
65 3000 1 24027 24027 24027 24027 24027 24027 24027 24027 24027 24027 24027 24027 24027 24027 24027 24027 24027 24027 24027 24027 24027 24027 24027 24027 24027 24027 24027 24027 24027 24027 24027 24027 24027 24027 24027 24027 24027 24027 24027 24027 24027 24027 24027 24027 24027 24027 24027 24027 24027 24027 24027 24027 24027 24027 24027 24027 24027 24027 24027 24027 24027 24027 24027 0 1 1 24027 4 24027 24027 24027 3 24027 24027 24027 24027 24027 24027 24027 0 24027 24027 24027 24027 24027 24027 24027 24027 24027 24027 24027 24027 24027 24027 24027 3 24027 24027 24027 24027 24027 24027 24027 24027 24027 24027 24027 24027 24027 24027 24027 24027 24027 24027 24027 24027 24027 24027 24027 24027 24027 24027 24027 24027 24027 24027 24027 
66 3000 24027 2 24027 24027 24027 24027 24027 24027 24027 24027 24027 24027 24027 24027 24027 24027 24027 24027 24027 24027 24027 24027 24027 24027 24027 24027 24027 24027 24027 24027 24027 24027 24027 24027 24027 24027 24027 24027 24027 24027 24027 24027 24027 24027 24027 24027 24027 24027 24027 24027 24027 24027 24027 24027 24027 24027 24027 24027 24027 24027 24027 24027 24027 24027 1 0 24027 0 24027 3 24027 24027 24027 0 24027 24027 24027 24027 24027 24027 24027 3 24027 24027 24027 24027 24027 24027 24027 24027 24027 24027 24027 24027 24027 24027 24027 2 24027 24027 24027 24027 24027 24027 24027 24027 24027 24027 24027 24027 24027 24027 24027 24027 24027 24027 24027 24027 24027 24027 24027 24027 24027 24027 24027 24027 24027 24027 
67 3000 24027 24027 2 24027 24027 24027 24027 24027 24027 24027 24027 24027 24027 24027 24027 24027 24027 24027 24027 24027 24027 24027 24027 24027 24027 24027 24027 24027 24027 24027 24027 24027 24027 24027 24027 24027 24027 24027 24027 24027 24027 24027 24027 24027 24027 24027 24027 24027 24027 24027 24027 24027 24027 24027 24027 24027 24027 24027 24027 24027 24027 24027 24027 24027 4 24027 2 1 24027 24027 0 24027 24027 24027 4 24027 24027 24027 24027 24027 24027 24027 1 24027 24027 24027 24027 24027 24027 24027 24027 24027 24027 24027 24027 24027 24027 24027 2 24027 24027 24027 24027 24027 24027 24027 24027 24027 24027 24027 24027 24027 24027 24027 24027 24027 24027 24027 24027 24027 24027 24027 24027 24027 24027 24027 24027 24027 
68 3000 24027 24027 24027 4 24027 24027 24027 24027 24027 24027 24027 24027 24027 24027 24027 24027 24027 24027 24027 24027 24027 24027 24027 24027 24027 24027 24027 24027 24027 24027 24027 24027 24027 24027 24027 24027 24027 24027 24027 24027 24027 24027 24027 24027 24027 24027 24027 24027 24027 24027 24027 24027 24027 24027 24027 24027 24027 24027 24027 24027 24027 24027 24027 24027 24027 3 0 2 24027 24027 24027 2 24027 24027 24027 0 24027 24027 24027 24027 24027 24027 24027 4 24027 24027 24027 24027 24027 24027 24027 24027 24027 24027 24027 24027 24027 24027 24027 0 24027 24027 24027 24027 24027 24027 24027 24027 24027 24027 24027 24027 24027 24027 24027 24027 24027 24027 24027 24027 24027 24027 24027 24027 24027 24027 24027 24027 
69 3000 24027 24027 24027 24027 0 24027 24027 24027 24027 24027 24027 24027 24027 24027 24027 24027 24027 24027 24027 24027 24027 24027 24027 24027 24027 24027 24027 24027 24027 24027 24027 24027 24027 24027 24027 24027 24027 24027 24027 24027 24027 24027 24027 24027 24027 24027 24027 24027 24027 24027 24027 24027 24027 24027 24027 24027 24027 24027 24027 24027 24027 24027 24027 24027 0 24027 24027 24027 1 3 2 24027 24027 24027 24027 24027 3 24027 24027 24027 24027 24027 24027 24027 1 24027 24027 24027 24027 24027 24027 24027 24027 24027 24027 24027 24027 24027 24027 24027 1 24027 24027 24027 24027 24027 24027 24027 24027 24027 24027 24027 24027 24027 24027 24027 24027 24027 24027 24027 24027 24027 24027 24027 24027 24027 24027 24027 
70 3000 24027 24027 24027 24027 24027 0 24027 24027 24027 24027 24027 24027 24027 24027 24027 24027 24027 24027 24027 24027 24027 24027 24027 24027 24027 24027 24027 24027 24027 24027 24027 24027 24027 24027 24027 24027 24027 24027 24027 24027 24027 24027 24027 24027 24027 24027 24027 24027 24027 24027 24027 24027 24027 24027 24027 24027 24027 24027 24027 24027 24027 24027 24027 24027 24027 1 24027 24027 0 2 24027 2 24027 24027 24027 24027 24027 4 24027 24027 24027 24027 24027 24027 24027 3 24027 24027 24027 24027 24027 24027 24027 24027 24027 24027 24027 24027 24027 24027 24027 3 24027 24027 24027 24027 24027 24027 24027 24027 24027 24027 24027 24027 24027 24027 24027 24027 24027 24027 24027 24027 24027 24027 24027 24027 24027 24027 
71 3000 24027 24027 24027 24027 24027 24027 1 24027 24027 24027 24027 24027 24027 24027 24027 24027 24027 24027 24027 24027 24027 24027 24027 24027 24027 24027 24027 24027 24027 24027 24027 24027 24027 24027 24027 24027 24027 24027 24027 24027 24027 24027 24027 24027 24027 24027 24027 24027 24027 24027 24027 24027 24027 24027 24027 24027 24027 24027 24027 24027 24027 24027 24027 24027 24027 24027 3 24027 2 24027 1 0 24027 24027 24027 24027 24027 24027 1 24027 24027 24027 24027 24027 24027 24027 2 24027 24027 24027 24027 24027 24027 24027 24027 24027 24027 24027 24027 24027 24027 24027 1 24027 24027 24027 24027 24027 24027 24027 24027 24027 24027 24027 24027 24027 24027 24027 24027 24027 24027 24027 24027 24027 24027 24027 24027 24027 
72 3000 24027 24027 24027 24027 24027 24027 24027 4 24027 24027 24027 24027 24027 24027 24027 24027 24027 24027 24027 24027 24027 24027 24027 24027 24027 24027 24027 24027 24027 24027 24027 24027 24027 24027 24027 24027 24027 24027 24027 24027 24027 24027 24027 24027 24027 24027 24027 24027 24027 24027 24027 24027 24027 24027 24027 24027 24027 24027 24027 24027 24027 24027 24027 24027 24027 24027 24027 0 24027 3 2 3 24027 24027 24027 24027 24027 24027 24027 0 24027 24027 24027 24027 24027 24027 24027 4 24027 24027 24027 24027 24027 24027 24027 24027 24027 24027 24027 24027 24027 24027 24027 3 24027 24027 24027 24027 24027 24027 24027 24027 24027 24027 24027 24027 24027 24027 24027 24027 24027 24027 24027 24027 24027 24027 24027 24027 
73 3000 24027 24027 24027 24027 24027 24027 24027 24027 2 24027 24027 24027 24027 24027 24027 24027 24027 24027 24027 24027 24027 24027 24027 24027 24027 24027 24027 24027 24027 24027 24027 24027 24027 24027 24027 24027 24027 24027 24027 24027 24027 24027 24027 24027 24027 24027 24027 24027 24027 24027 24027 24027 24027 24027 24027 24027 24027 24027 24027 24027 24027 24027 24027 24027 4 24027 24027 24027 24027 24027 24027 24027 0 0 3 24027 4 24027 24027 24027 24027 24027 24027 24027 24027 24027 24027 24027 3 24027 24027 24027 24027 24027 24027 24027 24027 24027 24027 24027 24027 24027 24027 24027 2 24027 24027 24027 24027 24027 24027 24027 24027 24027 24027 24027 24027 24027 24027 24027 24027 24027 24027 24027 24027 24027 24027 24027 
74 3000 24027 24027 24027 24027 24027 24027 24027 24027 24027 2 24027 24027 24027 24027 24027 24027 24027 24027 24027 24027 24027 24027 24027 24027 24027 24027 24027 24027 24027 24027 24027 24027 24027 24027 24027 24027 24027 24027 24027 24027 24027 24027 24027 24027 24027 24027 24027 24027 24027 24027 24027 24027 24027 24027 24027 24027 24027 24027 24027 24027 24027 24027 24027 24027 24027 3 24027 24027 24027 24027 24027 24027 3 1 24027 1 24027 1 24027 24027 24027 24027 24027 24027 24027 24027 24027 24027 24027 2 24027 24027 24027 24027 24027 24027 24027 24027 24027 24027 24027 24027 24027 24027 24027 4 24027 24027 24027 24027 24027 24027 24027 24027 24027 24027 24027 24027 24027 24027 24027 24027 24027 24027 24027 24027 24027 24027 
75 3000 24027 24027 24027 24027 24027 24027 24027 24027 24027 24027 2 24027 24027 24027 24027 24027 24027 24027 24027 24027 24027 24027 24027 24027 24027 24027 24027 24027 24027 24027 24027 24027 24027 24027 24027 24027 24027 24027 24027 24027 24027 24027 24027 24027 24027 24027 24027 24027 24027 24027 24027 24027 24027 24027 24027 24027 24027 24027 24027 24027 24027 24027 24027 24027 24027 24027 4 24027 24027 24027 24027 24027 2 24027 0 3 24027 24027 0 24027 24027 24027 24027 24027 24027 24027 24027 24027 24027 24027 1 24027 24027 24027 24027 24027 24027 24027 24027 24027 24027 24027 24027 24027 24027 24027 4 24027 24027 24027 24027 24027 24027 24027 24027 24027 24027 24027 24027 24027 24027 24027 24027 24027 24027 24027 24027 24027 
76 3000 24027 24027 24027 24027 24027 24027 24027 24027 24027 24027 24027 3 24027 24027 24027 24027 24027 24027 24027 24027 24027 24027 24027 24027 24027 24027 24027 24027 24027 24027 24027 24027 24027 24027 24027 24027 24027 24027 24027 24027 24027 24027 24027 24027 24027 24027 24027 24027 24027 24027 24027 24027 24027 24027 24027 24027 24027 24027 24027 24027 24027 24027 24027 24027 24027 24027 24027 4 24027 24027 24027 24027 24027 0 0 4 24027 24027 24027 0 24027 24027 24027 24027 24027 24027 24027 24027 24027 24027 24027 0 24027 24027 24027 24027 24027 24027 24027 24027 24027 24027 24027 24027 24027 24027 24027 3 24027 24027 24027 24027 24027 24027 24027 24027 24027 24027 24027 24027 24027 24027 24027 24027 24027 24027 24027 24027 
77 3000 24027 24027 24027 24027 24027 24027 24027 24027 24027 24027 24027 24027 1 24027 24027 24027 24027 24027 24027 24027 24027 24027 24027 24027 24027 24027 24027 24027 24027 24027 24027 24027 24027 24027 24027 24027 24027 24027 24027 24027 24027 24027 24027 24027 24027 24027 24027 24027 24027 24027 24027 24027 24027 24027 24027 24027 24027 24027 24027 24027 24027 24027 24027 24027 24027 24027 24027 24027 2 24027 24027 24027 3 24027 24027 24027 0 3 4 24027 24027 24027 24027 24027 24027 24027 24027 24027 24027 24027 24027 24027 2 24027 24027 24027 24027 24027 24027 24027 24027 24027 24027 24027 24027 24027 24027 24027 0 24027 24027 24027 24027 24027 24027 24027 24027 24027 24027 24027 24027 24027 24027 24027 24027 24027 24027 24027 
78 3000 24027 24027 24027 24027 24027 24027 24027 24027 24027 24027 24027 24027 24027 1 24027 24027 24027 24027 24027 24027 24027 24027 24027 24027 24027 24027 24027 24027 24027 24027 24027 24027 24027 24027 24027 24027 24027 24027 24027 24027 24027 24027 24027 24027 24027 24027 24027 24027 24027 24027 24027 24027 24027 24027 24027 24027 24027 24027 24027 24027 24027 24027 24027 24027 24027 24027 24027 24027 24027 1 24027 24027 24027 0 24027 24027 3 1 24027 4 24027 24027 24027 24027 24027 24027 24027 24027 24027 24027 24027 24027 24027 4 24027 24027 24027 24027 24027 24027 24027 24027 24027 24027 24027 24027 24027 24027 24027 2 24027 24027 24027 24027 24027 24027 24027 24027 24027 24027 24027 24027 24027 24027 24027 24027 24027 24027 
79 3000 24027 24027 24027 24027 24027 24027 24027 24027 24027 24027 24027 24027 24027 24027 1 24027 24027 24027 24027 24027 24027 24027 24027 24027 24027 24027 24027 24027 24027 24027 24027 24027 24027 24027 24027 24027 24027 24027 24027 24027 24027 24027 24027 24027 24027 24027 24027 24027 24027 24027 24027 24027 24027 24027 24027 24027 24027 24027 24027 24027 24027 24027 24027 24027 24027 24027 24027 24027 24027 24027 2 24027 24027 24027 3 24027 3 24027 4 3 24027 24027 24027 24027 24027 24027 24027 24027 24027 24027 24027 24027 24027 24027 0 24027 24027 24027 24027 24027 24027 24027 24027 24027 24027 24027 24027 24027 24027 24027 2 24027 24027 24027 24027 24027 24027 24027 24027 24027 24027 24027 24027 24027 24027 24027 24027 24027 
80 3000 24027 24027 24027 24027 24027 24027 24027 24027 24027 24027 24027 24027 24027 24027 24027 3 24027 24027 24027 24027 24027 24027 24027 24027 24027 24027 24027 24027 24027 24027 24027 24027 24027 24027 24027 24027 24027 24027 24027 24027 24027 24027 24027 24027 24027 24027 24027 24027 24027 24027 24027 24027 24027 24027 24027 24027 24027 24027 24027 24027 24027 24027 24027 24027 24027 24027 24027 24027 24027 24027 24027 1 24027 24027 24027 2 24027 2 2 4 24027 24027 24027 24027 24027 24027 24027 24027 24027 24027 24027 24027 24027 24027 24027 3 24027 24027 24027 24027 24027 24027 24027 24027 24027 24027 24027 24027 24027 24027 24027 4 24027 24027 24027 24027 24027 24027 24027 24027 24027 24027 24027 24027 24027 24027 24027 24027 
81 3000 24027 24027 24027 24027 24027 24027 24027 24027 24027 24027 24027 24027 24027 24027 24027 24027 2 24027 24027 24027 24027 24027 24027 24027 24027 24027 24027 24027 24027 24027 24027 24027 24027 24027 24027 24027 24027 24027 24027 24027 24027 24027 24027 24027 24027 24027 24027 24027 24027 24027 24027 24027 24027 24027 24027 24027 24027 24027 24027 24027 24027 24027 24027 24027 1 24027 24027 24027 24027 24027 24027 24027 24027 24027 24027 24027 24027 24027 24027 24027 1 3 4 24027 1 24027 24027 24027 0 24027 24027 24027 24027 24027 24027 24027 24027 24027 24027 24027 24027 24027 24027 24027 24027 24027 24027 24027 24027 24027 24027 24027 2 24027 24027 24027 24027 24027 24027 24027 24027 24027 24027 24027 24027 24027 24027 24027 
82 3000 24027 24027 24027 24027 24027 24027 24027 24027 24027 24027 24027 24027 24027 24027 24027 24027 24027 0 24027 24027 24027 24027 24027 24027 24027 24027 24027 24027 24027 24027 24027 24027 24027 24027 24027 24027 24027 24027 24027 24027 24027 24027 24027 24027 24027 24027 24027 24027 24027 24027 24027 24027 24027 24027 24027 24027 24027 24027 24027 24027 24027 24027 24027 24027 24027 4 24027 24027 24027 24027 24027 24027 24027 24027 24027 24027 24027 24027 24027 24027 4 4 24027 2 24027 0 24027 24027 24027 3 24027 24027 24027 24027 24027 24027 24027 24027 24027 24027 24027 24027 24027 24027 24027 24027 24027 24027 24027 24027 24027 24027 24027 3 24027 24027 24027 24027 24027 24027 24027 24027 24027 24027 24027 24027 24027 24027 
83 3000 24027 24027 24027 24027 24027 24027 24027 24027 24027 24027 24027 24027 24027 24027 24027 24027 24027 24027 3 24027 24027 24027 24027 24027 24027 24027 24027 24027 24027 24027 24027 24027 24027 24027 24027 24027 24027 24027 24027 24027 24027 24027 24027 24027 24027 24027 24027 24027 24027 24027 24027 24027 24027 24027 24027 24027 24027 24027 24027 24027 24027 24027 24027 24027 24027 24027 1 24027 24027 24027 24027 24027 24027 24027 24027 24027 24027 24027 24027 24027 4 24027 4 0 24027 24027 2 24027 24027 24027 3 24027 24027 24027 24027 24027 24027 24027 24027 24027 24027 24027 24027 24027 24027 24027 24027 24027 24027 24027 24027 24027 24027 24027 3 24027 24027 24027 24027 24027 24027 24027 24027 24027 24027 24027 24027 24027 
84 3000 24027 24027 24027 24027 24027 24027 24027 24027 24027 24027 24027 24027 24027 24027 24027 24027 24027 24027 24027 1 24027 24027 24027 24027 24027 24027 24027 24027 24027 24027 24027 24027 24027 24027 24027 24027 24027 24027 24027 24027 24027 24027 24027 24027 24027 24027 24027 24027 24027 24027 24027 24027 24027 24027 24027 24027 24027 24027 24027 24027 24027 24027 24027 24027 24027 24027 24027 1 24027 24027 24027 24027 24027 24027 24027 24027 24027 24027 24027 24027 24027 4 3 1 24027 24027 24027 3 24027 24027 24027 4 24027 24027 24027 24027 24027 24027 24027 24027 24027 24027 24027 24027 24027 24027 24027 24027 24027 24027 24027 24027 24027 24027 24027 0 24027 24027 24027 24027 24027 24027 24027 24027 24027 24027 24027 24027 
85 3000 24027 24027 24027 24027 24027 24027 24027 24027 24027 24027 24027 24027 24027 24027 24027 24027 24027 24027 24027 24027 3 24027 24027 24027 24027 24027 24027 24027 24027 24027 24027 24027 24027 24027 24027 24027 24027 24027 24027 24027 24027 24027 24027 24027 24027 24027 24027 24027 24027 24027 24027 24027 24027 24027 24027 24027 24027 24027 24027 24027 24027 24027 24027 24027 24027 24027 24027 24027 1 24027 24027 24027 24027 24027 24027 24027 24027 24027 24027 24027 2 24027 24027 24027 1 4 2 24027 24027 24027 24027 24027 4 24027 24027 24027 24027 24027 24027 24027 24027 24027 24027 24027 24027 24027 24027 24027 24027 24027 24027 24027 24027 24027 24027 24027 4 24027 24027 24027 24027 24027 24027 24027 24027 24027 24027 24027 
86 3000 24027 24027 24027 24027 24027 24027 24027 24027 24027 24027 24027 24027 24027 24027 24027 24027 24027 24027 24027 24027 24027 2 24027 24027 24027 24027 24027 24027 24027 24027 24027 24027 24027 24027 24027 24027 24027 24027 24027 24027 24027 24027 24027 24027 24027 24027 24027 24027 24027 24027 24027 24027 24027 24027 24027 24027 24027 24027 24027 24027 24027 24027 24027 24027 24027 24027 24027 24027 24027 2 24027 24027 24027 24027 24027 24027 24027 24027 24027 24027 24027 0 24027 24027 3 2 24027 4 24027 24027 24027 24027 24027 4 24027 24027 24027 24027 24027 24027 24027 24027 24027 24027 24027 24027 24027 24027 24027 24027 24027 24027 24027 24027 24027 24027 24027 3 24027 24027 24027 24027 24027 24027 24027 24027 24027 24027 
87 3000 24027 24027 24027 24027 24027 24027 24027 24027 24027 24027 24027 24027 24027 24027 24027 24027 24027 24027 24027 24027 24027 24027 4 24027 24027 24027 24027 24027 24027 24027 24027 24027 24027 24027 24027 24027 24027 24027 24027 24027 24027 24027 24027 24027 24027 24027 24027 24027 24027 24027 24027 24027 24027 24027 24027 24027 24027 24027 24027 24027 24027 24027 24027 24027 24027 24027 24027 24027 24027 24027 2 24027 24027 24027 24027 24027 24027 24027 24027 24027 24027 24027 4 24027 1 24027 1 2 24027 24027 24027 24027 24027 24027 3 24027 24027 24027 24027 24027 24027 24027 24027 24027 24027 24027 24027 24027 24027 24027 24027 24027 24027 24027 24027 24027 24027 24027 2 24027 24027 24027 24027 24027 24027 24027 24027 24027 
88 3000 24027 24027 24027 24027 24027 24027 24027 24027 24027 24027 24027 24027 24027 24027 24027 24027 24027 24027 24027 24027 24027 24027 24027 3 24027 24027 24027 24027 24027 24027 24027 24027 24027 24027 24027 24027 24027 24027 24027 24027 24027 24027 24027 24027 24027 24027 24027 24027 24027 24027 24027 24027 24027 24027 24027 24027 24027 24027 24027 24027 24027 24027 24027 24027 24027 24027 24027 24027 24027 24027 24027 0 24027 24027 24027 24027 24027 24027 24027 24027 24027 24027 24027 0 24027 1 1 4 24027 24027 24027 24027 24027 24027 24027 3 24027 24027 24027 24027 24027 24027 24027 24027 24027 24027 24027 24027 24027 24027 24027 24027 24027 24027 24027 24027 24027 24027 24027 1 24027 24027 24027 24027 24027 24027 24027 24027 
89 3000 24027 24027 24027 24027 24027 24027 24027 24027 24027 24027 24027 24027 24027 24027 24027 24027 24027 24027 24027 24027 24027 24027 24027 24027 0 24027 24027 24027 24027 24027 24027 24027 24027 24027 24027 24027 24027 24027 24027 24027 24027 24027 24027 24027 24027 24027 24027 24027 24027 24027 24027 24027 24027 24027 24027 24027 24027 24027 24027 24027 24027 24027 24027 24027 24027 24027 24027 24027 24027 24027 24027 24027 1 24027 24027 24027 24027 24027 24027 24027 1 24027 24027 24027 24027 24027 24027 24027 3 3 0 24027 1 24027 24027 24027 24027 24027 24027 24027 24027 24027 24027 24027 24027 24027 24027 24027 24027 24027 24027 24027 24027 24027 24027 24027 24027 24027 24027 24027 2 24027 24027 24027 24027 24027 24027 24027 
90 3000 24027 24027 24027 24027 24027 24027 24027 24027 24027 24027 24027 24027 24027 24027 24027 24027 24027 24027 24027 24027 24027 24027 24027 24027 24027 4 24027 24027 24027 24027 24027 24027 24027 24027 24027 24027 24027 24027 24027 24027 24027 24027 24027 24027 24027 24027 24027 24027 24027 24027 24027 24027 24027 24027 24027 24027 24027 24027 24027 24027 24027 24027 24027 24027 24027 24027 24027 24027 24027 24027 24027 24027 24027 0 24027 24027 24027 24027 24027 24027 24027 3 24027 24027 24027 24027 24027 24027 1 2 24027 0 24027 0 24027 24027 24027 24027 24027 24027 24027 24027 24027 24027 24027 24027 24027 24027 24027 24027 24027 24027 24027 24027 24027 24027 24027 24027 24027 24027 24027 0 24027 24027 24027 24027 24027 24027 
91 3000 24027 24027 24027 24027 24027 24027 24027 24027 24027 24027 24027 24027 24027 24027 24027 24027 24027 24027 24027 24027 24027 24027 24027 24027 24027 24027 3 24027 24027 24027 24027 24027 24027 24027 24027 24027 24027 24027 24027 24027 24027 24027 24027 24027 24027 24027 24027 24027 24027 24027 24027 24027 24027 24027 24027 24027 24027 24027 24027 24027 24027 24027 24027 24027 24027 24027 24027 24027 24027 24027 24027 24027 24027 24027 1 24027 24027 24027 24027 24027 24027 24027 0 24027 24027 24027 24027 24027 3 24027 4 1 24027 24027 4 24027 24027 24027 24027 24027 24027 24027 24027 24027 24027 24027 24027 24027 24027 24027 24027 24027 24027 24027 24027 24027 24027 24027 24027 24027 24027 24027 1 24027 24027 24027 24027 24027 
92 3000 24027 24027 24027 24027 24027 24027 24027 24027 24027 24027 24027 24027 24027 24027 24027 24027 24027 24027 24027 24027 24027 24027 24027 24027 24027 24027 24027 1 24027 24027 24027 24027 24027 24027 24027 24027 24027 24027 24027 24027 24027 24027 24027 24027 24027 24027 24027 24027 24027 24027 24027 24027 24027 24027 24027 24027 24027 24027 24027 24027 24027 24027 24027 24027 24027 24027 24027 24027 24027 24027 24027 24027 24027 24027 24027 4 24027 24027 24027 24027 24027 24027 24027 2 24027 24027 24027 24027 24027 0 3 3 24027 24027 24027 4 24027 24027 24027 24027 24027 24027 24027 24027 24027 24027 24027 24027 24027 24027 24027 24027 24027 24027 24027 24027 24027 24027 24027 24027 24027 24027 24027 0 24027 24027 24027 24027 
93 3000 24027 24027 24027 24027 24027 24027 24027 24027 24027 24027 24027 24027 24027 24027 24027 24027 24027 24027 24027 24027 24027 24027 24027 24027 24027 24027 24027 24027 1 24027 24027 24027 24027 24027 24027 24027 24027 24027 24027 24027 24027 24027 24027 24027 24027 24027 24027 24027 24027 24027 24027 24027 24027 24027 24027 24027 24027 24027 24027 24027 24027 24027 24027 24027 24027 24027 24027 24027 24027 24027 24027 24027 24027 24027 24027 24027 3 24027 24027 24027 24027 24027 24027 24027 4 24027 24027 24027 3 24027 24027 24027 0 2 0 24027 24027 24027 24027 24027 24027 24027 24027 24027 24027 24027 24027 24027 24027 24027 24027 24027 24027 24027 24027 24027 24027 24027 24027 24027 24027 24027 24027 24027 2 24027 24027 24027 
94 3000 24027 24027 24027 24027 24027 24027 24027 24027 24027 24027 24027 24027 24027 24027 24027 24027 24027 24027 24027 24027 24027 24027 24027 24027 24027 24027 24027 24027 24027 0 24027 24027 24027 24027 24027 24027 24027 24027 24027 24027 24027 24027 24027 24027 24027 24027 24027 24027 24027 24027 24027 24027 24027 24027 24027 24027 24027 24027 24027 24027 24027 24027 24027 24027 24027 24027 24027 24027 24027 24027 24027 24027 24027 24027 24027 24027 24027 3 24027 24027 24027 24027 24027 24027 24027 1 24027 24027 24027 4 24027 24027 2 4 24027 4 24027 24027 24027 24027 24027 24027 24027 24027 24027 24027 24027 24027 24027 24027 24027 24027 24027 24027 24027 24027 24027 24027 24027 24027 24027 24027 24027 24027 24027 0 24027 24027 
95 3000 24027 24027 24027 24027 24027 24027 24027 24027 24027 24027 24027 24027 24027 24027 24027 24027 24027 24027 24027 24027 24027 24027 24027 24027 24027 24027 24027 24027 24027 24027 0 24027 24027 24027 24027 24027 24027 24027 24027 24027 24027 24027 24027 24027 24027 24027 24027 24027 24027 24027 24027 24027 24027 24027 24027 24027 24027 24027 24027 24027 24027 24027 24027 24027 24027 24027 24027 24027 24027 24027 24027 24027 24027 24027 24027 24027 24027 24027 3 24027 24027 24027 24027 24027 24027 24027 1 24027 24027 24027 0 24027 0 24027 4 1 24027 24027 24027 24027 24027 24027 24027 24027 24027 24027 24027 24027 24027 24027 24027 24027 24027 24027 24027 24027 24027 24027 24027 24027 24027 24027 24027 24027 24027 24027 2 24027 
96 3000 24027 24027 24027 24027 24027 24027 24027 24027 24027 24027 24027 24027 24027 24027 24027 24027 24027 24027 24027 24027 24027 24027 24027 24027 24027 24027 24027 24027 24027 24027 24027 1 24027 24027 24027 24027 24027 24027 24027 24027 24027 24027 24027 24027 24027 24027 24027 24027 24027 24027 24027 24027 24027 24027 24027 24027 24027 24027 24027 24027 24027 24027 24027 24027 24027 24027 24027 24027 24027 24027 24027 24027 24027 24027 24027 24027 24027 24027 24027 2 24027 24027 24027 24027 24027 24027 24027 4 24027 24027 24027 2 24027 3 0 2 24027 24027 24027 24027 24027 24027 24027 24027 24027 24027 24027 24027 24027 24027 24027 24027 24027 24027 24027 24027 24027 24027 24027 24027 24027 24027 24027 24027 24027 24027 24027 0 
97 3000 24027 24027 24027 24027 24027 24027 24027 24027 24027 24027 24027 24027 24027 24027 24027 24027 24027 24027 24027 24027 24027 24027 24027 24027 24027 24027 24027 24027 24027 24027 24027 24027 3 24027 24027 24027 24027 24027 24027 24027 24027 24027 24027 24027 24027 24027 24027 24027 24027 24027 24027 24027 24027 24027 24027 24027 24027 24027 24027 24027 24027 24027 24027 24027 0 24027 24027 24027 24027 24027 24027 24027 24027 24027 24027 24027 24027 24027 24027 24027 24027 24027 24027 24027 24027 24027 24027 24027 24027 24027 24027 24027 24027 24027 24027 24027 3 2 2 24027 1 24027 24027 24027 4 24027 24027 24027 24027 24027 24027 24027 2 24027 24027 24027 24027 24027 24027 24027 24027 24027 24027 24027 24027 24027 24027 24027 
98 3000 24027 24027 24027 24027 24027 24027 24027 24027 24027 24027 24027 24027 24027 24027 24027 24027 24027 24027 24027 24027 24027 24027 24027 24027 24027 24027 24027 24027 24027 24027 24027 24027 24027 1 24027 24027 24027 24027 24027 24027 24027 24027 24027 24027 24027 24027 24027 24027 24027 24027 24027 24027 24027 24027 24027 24027 24027 24027 24027 24027 24027 24027 24027 24027 24027 2 24027 24027 24027 24027 24027 24027 24027 24027 24027 24027 24027 24027 24027 24027 24027 24027 24027 24027 24027 24027 24027 24027 24027 24027 24027 24027 24027 24027 24027 24027 3 3 24027 1 24027 3 24027 24027 24027 0 24027 24027 24027 24027 24027 24027 24027 1 24027 24027 24027 24027 24027 24027 24027 24027 24027 24027 24027 24027 24027 24027 
99 3000 24027 24027 24027 24027 24027 24027 24027 24027 24027 24027 24027 24027 24027 24027 24027 24027 24027 24027 24027 24027 24027 24027 24027 24027 24027 24027 24027 24027 24027 24027 24027 24027 24027 24027 3 24027 24027 24027 24027 24027 24027 24027 24027 24027 24027 24027 24027 24027 24027 24027 24027 24027 24027 24027 24027 24027 24027 24027 24027 24027 24027 24027 24027 24027 24027 24027 4 24027 24027 24027 24027 24027 24027 24027 24027 24027 24027 24027 24027 24027 24027 24027 24027 24027 24027 24027 24027 24027 24027 24027 24027 24027 24027 24027 24027 24027 1 24027 2 3 24027 24027 3 24027 24027 24027 3 24027 24027 24027 24027 24027 24027 24027 0 24027 24027 24027 24027 24027 24027 24027 24027 24027 24027 24027 24027 24027 
100 3000 24027 24027 24027 24027 24027 24027 24027 24027 24027 24027 24027 24027 24027 24027 24027 24027 24027 24027 24027 24027 24027 24027 24027 24027 24027 24027 24027 24027 24027 24027 24027 24027 24027 24027 24027 3 24027 24027 24027 24027 24027 24027 24027 24027 24027 24027 24027 24027 24027 24027 24027 24027 24027 24027 24027 24027 24027 24027 24027 24027 24027 24027 24027 24027 24027 24027 24027 4 24027 24027 24027 24027 24027 24027 24027 24027 24027 24027 24027 24027 24027 24027 24027 24027 24027 24027 24027 24027 24027 24027 24027 24027 24027 24027 24027 24027 24027 0 1 0 24027 24027 24027 2 24027 24027 24027 0 24027 24027 24027 24027 24027 24027 24027 2 24027 24027 24027 24027 24027 24027 24027 24027 24027 24027 24027 24027 
101 3000 24027 24027 24027 24027 24027 24027 24027 24027 24027 24027 24027 24027 24027 24027 24027 24027 24027 24027 24027 24027 24027 24027 24027 24027 24027 24027 24027 24027 24027 24027 24027 24027 24027 24027 24027 24027 2 24027 24027 24027 24027 24027 24027 24027 24027 24027 24027 24027 24027 24027 24027 24027 24027 24027 24027 24027 24027 24027 24027 24027 24027 24027 24027 24027 24027 24027 24027 24027 0 24027 24027 24027 24027 24027 24027 24027 24027 24027 24027 24027 24027 24027 24027 24027 24027 24027 24027 24027 24027 24027 24027 24027 24027 24027 24027 24027 4 24027 24027 24027 4 1 1 24027 24027 24027 24027 24027 1 24027 24027 24027 24027 24027 24027 24027 4 24027 24027 24027 24027 24027 24027 24027 24027 24027 24027 24027 
102 3000 24027 24027 24027 24027 24027 24027 24027 24027 24027 24027 24027 24027 24027 24027 24027 24027 24027 24027 24027 24027 24027 24027 24027 24027 24027 24027 24027 24027 24027 24027 24027 24027 24027 24027 24027 24027 24027 4 24027 24027 24027 24027 24027 24027 24027 24027 24027 24027 24027 24027 24027 24027 24027 24027 24027 24027 24027 24027 24027 24027 24027 24027 24027 24027 24027 24027 24027 24027 24027 0 24027 24027 24027 24027 24027 24027 24027 24027 24027 24027 24027 24027 24027 24027 24027 24027 24027 24027 24027 24027 24027 24027 24027 24027 24027 24027 24027 0 24027 24027 2 1 24027 4 24027 24027 24027 24027 24027 4 24027 24027 24027 24027 24027 24027 24027 1 24027 24027 24027 24027 24027 24027 24027 24027 24027 24027 
103 3000 24027 24027 24027 24027 24027 24027 24027 24027 24027 24027 24027 24027 24027 24027 24027 24027 24027 24027 24027 24027 24027 24027 24027 24027 24027 24027 24027 24027 24027 24027 24027 24027 24027 24027 24027 24027 24027 24027 3 24027 24027 24027 24027 24027 24027 24027 24027 24027 24027 24027 24027 24027 24027 24027 24027 24027 24027 24027 24027 24027 24027 24027 24027 24027 24027 24027 24027 24027 24027 24027 0 24027 24027 24027 24027 24027 24027 24027 24027 24027 24027 24027 24027 24027 24027 24027 24027 24027 24027 24027 24027 24027 24027 24027 24027 24027 24027 24027 2 24027 1 24027 1 1 24027 24027 24027 24027 24027 24027 1 24027 24027 24027 24027 24027 24027 24027 3 24027 24027 24027 24027 24027 24027 24027 24027 24027 
104 3000 24027 24027 24027 24027 24027 24027 24027 24027 24027 24027 24027 24027 24027 24027 24027 24027 24027 24027 24027 24027 24027 24027 24027 24027 24027 24027 24027 24027 24027 24027 24027 24027 24027 24027 24027 24027 24027 24027 24027 3 24027 24027 24027 24027 24027 24027 24027 24027 24027 24027 24027 24027 24027 24027 24027 24027 24027 24027 24027 24027 24027 24027 24027 24027 24027 24027 24027 24027 24027 24027 24027 4 24027 24027 24027 24027 24027 24027 24027 24027 24027 24027 24027 24027 24027 24027 24027 24027 24027 24027 24027 24027 24027 24027 24027 24027 24027 24027 24027 3 24027 0 2 1 24027 24027 24027 24027 24027 24027 24027 2 24027 24027 24027 24027 24027 24027 24027 3 24027 24027 24027 24027 24027 24027 24027 24027 
105 3000 24027 24027 24027 24027 24027 24027 24027 24027 24027 24027 24027 24027 24027 24027 24027 24027 24027 24027 24027 24027 24027 24027 24027 24027 24027 24027 24027 24027 24027 24027 24027 24027 24027 24027 24027 24027 24027 24027 24027 24027 0 24027 24027 24027 24027 24027 24027 24027 24027 24027 24027 24027 24027 24027 24027 24027 24027 24027 24027 24027 24027 24027 24027 24027 24027 24027 24027 24027 24027 24027 24027 24027 0 24027 24027 24027 24027 24027 24027 24027 24027 24027 24027 24027 24027 24027 24027 24027 24027 24027 24027 24027 24027 24027 24027 24027 3 24027 24027 24027 24027 24027 24027 24027 3 0 4 24027 1 24027 24027 24027 24027 24027 24027 24027 24027 24027 24027 24027 4 24027 24027 24027 24027 24027 24027 24027 
106 3000 24027 24027 24027 24027 24027 24027 24027 24027 24027 24027 24027 24027 24027 24027 24027 24027 24027 24027 24027 24027 24027 24027 24027 24027 24027 24027 24027 24027 24027 24027 24027 24027 24027 24027 24027 24027 24027 24027 24027 24027 24027 1 24027 24027 24027 24027 24027 24027 24027 24027 24027 24027 24027 24027 24027 24027 24027 24027 24027 24027 24027 24027 24027 24027 24027 24027 24027 24027 24027 24027 24027 24027 24027 2 24027 24027 24027 24027 24027 24027 24027 24027 24027 24027 24027 24027 24027 24027 24027 24027 24027 24027 24027 24027 24027 24027 24027 4 24027 24027 24027 24027 24027 24027 2 4 24027 2 24027 2 24027 24027 24027 24027 24027 24027 24027 24027 24027 24027 24027 3 24027 24027 24027 24027 24027 24027 
107 3000 24027 24027 24027 24027 24027 24027 24027 24027 24027 24027 24027 24027 24027 24027 24027 24027 24027 24027 24027 24027 24027 24027 24027 24027 24027 24027 24027 24027 24027 24027 24027 24027 24027 24027 24027 24027 24027 24027 24027 24027 24027 24027 2 24027 24027 24027 24027 24027 24027 24027 24027 24027 24027 24027 24027 24027 24027 24027 24027 24027 24027 24027 24027 24027 24027 24027 24027 24027 24027 24027 24027 24027 24027 24027 4 24027 24027 24027 24027 24027 24027 24027 24027 24027 24027 24027 24027 24027 24027 24027 24027 24027 24027 24027 24027 24027 24027 24027 3 24027 24027 24027 24027 24027 3 24027 4 2 24027 24027 0 24027 24027 24027 24027 24027 24027 24027 24027 24027 24027 24027 4 24027 24027 24027 24027 24027 
108 3000 24027 24027 24027 24027 24027 24027 24027 24027 24027 24027 24027 24027 24027 24027 24027 24027 24027 24027 24027 24027 24027 24027 24027 24027 24027 24027 24027 24027 24027 24027 24027 24027 24027 24027 24027 24027 24027 24027 24027 24027 24027 24027 24027 1 24027 24027 24027 24027 24027 24027 24027 24027 24027 24027 24027 24027 24027 24027 24027 24027 24027 24027 24027 24027 24027 24027 24027 24027 24027 24027 24027 24027 24027 24027 24027 2 24027 24027 24027 24027 24027 24027 24027 24027 24027 24027 24027 24027 24027 24027 24027 24027 24027 24027 24027 24027 24027 24027 24027 0 24027 24027 24027 24027 24027 0 0 4 24027 24027 24027 0 24027 24027 24027 24027 24027 24027 24027 24027 24027 24027 24027 1 24027 24027 24027 24027 
109 3000 24027 24027 24027 24027 24027 24027 24027 24027 24027 24027 24027 24027 24027 24027 24027 24027 24027 24027 24027 24027 24027 24027 24027 24027 24027 24027 24027 24027 24027 24027 24027 24027 24027 24027 24027 24027 24027 24027 24027 24027 24027 24027 24027 24027 3 24027 24027 24027 24027 24027 24027 24027 24027 24027 24027 24027 24027 24027 24027 24027 24027 24027 24027 24027 24027 24027 24027 24027 24027 24027 24027 24027 24027 24027 24027 24027 0 24027 24027 24027 24027 24027 24027 24027 24027 24027 24027 24027 24027 24027 24027 24027 24027 24027 24027 24027 24027 24027 24027 24027 1 24027 24027 24027 4 24027 24027 24027 3 3 3 24027 24027 24027 24027 24027 24027 24027 24027 24027 24027 24027 24027 24027 2 24027 24027 24027 
110 3000 24027 24027 24027 24027 24027 24027 24027 24027 24027 24027 24027 24027 24027 24027 24027 24027 24027 24027 24027 24027 24027 24027 24027 24027 24027 24027 24027 24027 24027 24027 24027 24027 24027 24027 24027 24027 24027 24027 24027 24027 24027 24027 24027 24027 24027 3 24027 24027 24027 24027 24027 24027 24027 24027 24027 24027 24027 24027 24027 24027 24027 24027 24027 24027 24027 24027 24027 24027 24027 24027 24027 24027 24027 24027 24027 24027 24027 2 24027 24027 24027 24027 24027 24027 24027 24027 24027 24027 24027 24027 24027 24027 24027 24027 24027 24027 24027 24027 24027 24027 24027 1 24027 24027 24027 0 24027 24027 2 4 24027 3 24027 24027 24027 24027 24027 24027 24027 24027 24027 24027 24027 24027 24027 4 24027 24027 
111 3000 24027 24027 24027 24027 24027 24027 24027 24027 24027 24027 24027 24027 24027 24027 24027 24027 24027 24027 24027 24027 24027 24027 24027 24027 24027 24027 24027 24027 24027 24027 24027 24027 24027 24027 24027 24027 24027 24027 24027 24027 24027 24027 24027 24027 24027 24027 0 24027 24027 24027 24027 24027 24027 24027 24027 24027 24027 24027 24027 24027 24027 24027 24027 24027 24027 24027 24027 24027 24027 24027 24027 24027 24027 24027 24027 24027 24027 24027 2 24027 24027 24027 24027 24027 24027 24027 24027 24027 24027 24027 24027 24027 24027 24027 24027 24027 24027 24027 24027 24027 24027 24027 3 24027 24027 24027 0 24027 3 24027 1 1 24027 24027 24027 24027 24027 24027 24027 24027 24027 24027 24027 24027 24027 24027 2 24027 
112 3000 24027 24027 24027 24027 24027 24027 24027 24027 24027 24027 24027 24027 24027 24027 24027 24027 24027 24027 24027 24027 24027 24027 24027 24027 24027 24027 24027 24027 24027 24027 24027 24027 24027 24027 24027 24027 24027 24027 24027 24027 24027 24027 24027 24027 24027 24027 24027 3 24027 24027 24027 24027 24027 24027 24027 24027 24027 24027 24027 24027 24027 24027 24027 24027 24027 24027 24027 24027 24027 24027 24027 24027 24027 24027 24027 24027 24027 24027 24027 0 24027 24027 24027 24027 24027 24027 24027 24027 24027 24027 24027 24027 24027 24027 24027 24027 24027 24027 24027 24027 24027 24027 24027 3 24027 24027 24027 1 24027 4 0 2 24027 24027 24027 24027 24027 24027 24027 24027 24027 24027 24027 24027 24027 24027 24027 4 
113 3000 24027 24027 24027 24027 24027 24027 24027 24027 24027 24027 24027 24027 24027 24027 24027 24027 24027 24027 24027 24027 24027 24027 24027 24027 24027 24027 24027 24027 24027 24027 24027 24027 24027 24027 24027 24027 24027 24027 24027 24027 24027 24027 24027 24027 24027 24027 24027 24027 2 24027 24027 24027 24027 24027 24027 24027 24027 24027 24027 24027 24027 24027 24027 24027 24027 24027 24027 24027 24027 24027 24027 24027 24027 24027 24027 24027 24027 24027 24027 24027 3 24027 24027 24027 24027 24027 24027 24027 24027 24027 24027 24027 24027 24027 24027 24027 0 24027 24027 24027 24027 24027 24027 24027 24027 24027 24027 24027 24027 24027 24027 24027 2 1 2 24027 2 24027 24027 24027 0 24027 24027 24027 24027 24027 24027 24027 
114 3000 24027 24027 24027 24027 24027 24027 24027 24027 24027 24027 24027 24027 24027 24027 24027 24027 24027 24027 24027 24027 24027 24027 24027 24027 24027 24027 24027 24027 24027 24027 24027 24027 24027 24027 24027 24027 24027 24027 24027 24027 24027 24027 24027 24027 24027 24027 24027 24027 24027 2 24027 24027 24027 24027 24027 24027 24027 24027 24027 24027 24027 24027 24027 24027 24027 24027 24027 24027 24027 24027 24027 24027 24027 24027 24027 24027 24027 24027 24027 24027 24027 3 24027 24027 24027 24027 24027 24027 24027 24027 24027 24027 24027 24027 24027 24027 24027 4 24027 24027 24027 24027 24027 24027 24027 24027 24027 24027 24027 24027 24027 24027 3 4 24027 1 24027 1 24027 24027 24027 1 24027 24027 24027 24027 24027 24027 
115 3000 24027 24027 24027 24027 24027 24027 24027 24027 24027 24027 24027 24027 24027 24027 24027 24027 24027 24027 24027 24027 24027 24027 24027 24027 24027 24027 24027 24027 24027 24027 24027 24027 24027 24027 24027 24027 24027 24027 24027 24027 24027 24027 24027 24027 24027 24027 24027 24027 24027 24027 4 24027 24027 24027 24027 24027 24027 24027 24027 24027 24027 24027 24027 24027 24027 24027 24027 24027 24027 24027 24027 24027 24027 24027 24027 24027 24027 24027 24027 24027 24027 24027 2 24027 24027 24027 24027 24027 24027 24027 24027 24027 24027 24027 24027 24027 24027 24027 3 24027 24027 24027 24027 24027 24027 24027 24027 24027 24027 24027 24027 24027 2 24027 1 3 24027 24027 0 24027 24027 24027 4 24027 24027 24027 24027 24027 
116 3000 24027 24027 24027 24027 24027 24027 24027 24027 24027 24027 24027 24027 24027 24027 24027 24027 24027 24027 24027 24027 24027 24027 24027 24027 24027 24027 24027 24027 24027 24027 24027 24027 24027 24027 24027 24027 24027 24027 24027 24027 24027 24027 24027 24027 24027 24027 24027 24027 24027 24027 24027 4 24027 24027 24027 24027 24027 24027 24027 24027 24027 24027 24027 24027 24027 24027 24027 24027 24027 24027 24027 24027 24027 24027 24027 24027 24027 24027 24027 24027 24027 24027 24027 3 24027 24027 24027 24027 24027 24027 24027 24027 24027 24027 24027 24027 24027 24027 24027 1 24027 24027 24027 24027 24027 24027 24027 24027 24027 24027 24027 24027 24027 0 1 3 24027 24027 24027 0 24027 24027 24027 3 24027 24027 24027 24027 
117 3000 24027 24027 24027 24027 24027 24027 24027 24027 24027 24027 24027 24027 24027 24027 24027 24027 24027 24027 24027 24027 24027 24027 24027 24027 24027 24027 24027 24027 24027 24027 24027 24027 24027 24027 24027 24027 24027 24027 24027 24027 24027 24027 24027 24027 24027 24027 24027 24027 24027 24027 24027 24027 3 24027 24027 24027 24027 24027 24027 24027 24027 24027 24027 24027 24027 24027 24027 24027 24027 24027 24027 24027 24027 24027 24027 24027 24027 24027 24027 24027 24027 24027 24027 24027 0 24027 24027 24027 24027 24027 24027 24027 24027 24027 24027 24027 24027 24027 24027 24027 4 24027 24027 24027 24027 24027 24027 24027 24027 24027 24027 24027 3 24027 24027 24027 0 2 4 24027 24027 24027 24027 24027 0 24027 24027 24027 
118 3000 24027 24027 24027 24027 24027 24027 24027 24027 24027 24027 24027 24027 24027 24027 24027 24027 24027 24027 24027 24027 24027 24027 24027 24027 24027 24027 24027 24027 24027 24027 24027 24027 24027 24027 24027 24027 24027 24027 24027 24027 24027 24027 24027 24027 24027 24027 24027 24027 24027 24027 24027 24027 24027 3 24027 24027 24027 24027 24027 24027 24027 24027 24027 24027 24027 24027 24027 24027 24027 24027 24027 24027 24027 24027 24027 24027 24027 24027 24027 24027 24027 24027 24027 24027 24027 2 24027 24027 24027 24027 24027 24027 24027 24027 24027 24027 24027 24027 24027 24027 24027 3 24027 24027 24027 24027 24027 24027 24027 24027 24027 24027 24027 3 24027 24027 0 1 24027 1 24027 24027 24027 24027 24027 4 24027 24027 
119 3000 24027 24027 24027 24027 24027 24027 24027 24027 24027 24027 24027 24027 24027 24027 24027 24027 24027 24027 24027 24027 24027 24027 24027 24027 24027 24027 24027 24027 24027 24027 24027 24027 24027 24027 24027 24027 24027 24027 24027 24027 24027 24027 24027 24027 24027 24027 24027 24027 24027 24027 24027 24027 24027 24027 3 24027 24027 24027 24027 24027 24027 24027 24027 24027 24027 24027 24027 24027 24027 24027 24027 24027 24027 24027 24027 24027 24027 24027 24027 24027 24027 24027 24027 24027 24027 24027 3 24027 24027 24027 24027 24027 24027 24027 24027 24027 24027 24027 24027 24027 24027 24027 3 24027 24027 24027 24027 24027 24027 24027 24027 24027 24027 24027 2 24027 0 24027 0 1 24027 24027 24027 24027 24027 24027 2 24027 
120 3000 24027 24027 24027 24027 24027 24027 24027 24027 24027 24027 24027 24027 24027 24027 24027 24027 24027 24027 24027 24027 24027 24027 24027 24027 24027 24027 24027 24027 24027 24027 24027 24027 24027 24027 24027 24027 24027 24027 24027 24027 24027 24027 24027 24027 24027 24027 24027 24027 24027 24027 24027 24027 24027 24027 24027 2 24027 24027 24027 24027 24027 24027 24027 24027 24027 24027 24027 24027 24027 24027 24027 24027 24027 24027 24027 24027 24027 24027 24027 24027 24027 24027 24027 24027 24027 24027 24027 3 24027 24027 24027 24027 24027 24027 24027 24027 24027 24027 24027 24027 24027 24027 24027 0 24027 24027 24027 24027 24027 24027 24027 24027 24027 24027 24027 2 24027 4 3 1 24027 24027 24027 24027 24027 24027 24027 3 
121 3000 24027 24027 24027 24027 24027 24027 24027 24027 24027 24027 24027 24027 24027 24027 24027 24027 24027 24027 24027 24027 24027 24027 24027 24027 24027 24027 24027 24027 24027 24027 24027 24027 24027 24027 24027 24027 24027 24027 24027 24027 24027 24027 24027 24027 24027 24027 24027 24027 24027 24027 24027 24027 24027 24027 24027 24027 1 24027 24027 24027 24027 24027 24027 24027 24027 24027 24027 24027 24027 24027 24027 24027 24027 24027 24027 24027 24027 24027 24027 24027 24027 24027 24027 24027 24027 24027 24027 24027 0 24027 24027 24027 24027 24027 24027 24027 24027 24027 24027 24027 24027 24027 24027 24027 2 24027 24027 24027 24027 24027 24027 24027 4 24027 24027 24027 24027 24027 24027 24027 2 4 4 24027 3 24027 24027 24027 
122 3000 24027 24027 24027 24027 24027 24027 24027 24027 24027 24027 24027 24027 24027 24027 24027 24027 24027 24027 24027 24027 24027 24027 24027 24027 24027 24027 24027 24027 24027 24027 24027 24027 24027 24027 24027 24027 24027 24027 24027 24027 24027 24027 24027 24027 24027 24027 24027 24027 24027 24027 24027 24027 24027 24027 24027 24027 24027 3 24027 24027 24027 24027 24027 24027 24027 24027 24027 24027 24027 24027 24027 24027 24027 24027 24027 24027 24027 24027 24027 24027 24027 24027 24027 24027 24027 24027 24027 24027 24027 0 24027 24027 24027 24027 24027 24027 24027 24027 24027 24027 24027 24027 24027 24027 24027 0 24027 24027 24027 24027 24027 24027 24027 0 24027 24027 24027 24027 24027 24027 2 0 24027 0 24027 0 24027 24027 
123 3000 24027 24027 24027 24027 24027 24027 24027 24027 24027 24027 24027 24027 24027 24027 24027 24027 24027 24027 24027 24027 24027 24027 24027 24027 24027 24027 24027 24027 24027 24027 24027 24027 24027 24027 24027 24027 24027 24027 24027 24027 24027 24027 24027 24027 24027 24027 24027 24027 24027 24027 24027 24027 24027 24027 24027 24027 24027 24027 0 24027 24027 24027 24027 24027 24027 24027 24027 24027 24027 24027 24027 24027 24027 24027 24027 24027 24027 24027 24027 24027 24027 24027 24027 24027 24027 24027 24027 24027 24027 24027 0 24027 24027 24027 24027 24027 24027 24027 24027 24027 24027 24027 24027 24027 24027 24027 1 24027 24027 24027 24027 24027 24027 24027 0 24027 24027 24027 24027 24027 4 24027 4 2 24027 24027 1 24027 
124 3000 24027 24027 24027 24027 24027 24027 24027 24027 24027 24027 24027 24027 24027 24027 24027 24027 24027 24027 24027 24027 24027 24027 24027 24027 24027 24027 24027 24027 24027 24027 24027 24027 24027 24027 24027 24027 24027 24027 24027 24027 24027 24027 24027 24027 24027 24027 24027 24027 24027 24027 24027 24027 24027 24027 24027 24027 24027 24027 24027 3 24027 24027 24027 24027 24027 24027 24027 24027 24027 24027 24027 24027 24027 24027 24027 24027 24027 24027 24027 24027 24027 24027 24027 24027 24027 24027 24027 24027 24027 24027 24027 2 24027 24027 24027 24027 24027 24027 24027 24027 24027 24027 24027 24027 24027 24027 24027 2 24027 24027 24027 24027 24027 24027 24027 2 24027 24027 24027 24027 24027 3 3 4 24027 24027 24027 3 
125 3000 24027 24027 24027 24027 24027 24027 24027 24027 24027 24027 24027 24027 24027 24027 24027 24027 24027 24027 24027 24027 24027 24027 24027 24027 24027 24027 24027 24027 24027 24027 24027 24027 24027 24027 24027 24027 24027 24027 24027 24027 24027 24027 24027 24027 24027 24027 24027 24027 24027 24027 24027 24027 24027 24027 24027 24027 24027 24027 24027 24027 2 24027 24027 24027 24027 24027 24027 24027 24027 24027 24027 24027 24027 24027 24027 24027 24027 24027 24027 24027 24027 24027 24027 24027 24027 24027 24027 24027 24027 24027 24027 24027 1 24027 24027 24027 24027 24027 24027 24027 24027 24027 24027 24027 24027 24027 24027 24027 3 24027 24027 24027 24027 24027 24027 24027 3 24027 24027 24027 1 24027 24027 24027 4 2 2 24027 
126 3000 24027 24027 24027 24027 24027 24027 24027 24027 24027 24027 24027 24027 24027 24027 24027 24027 24027 24027 24027 24027 24027 24027 24027 24027 24027 24027 24027 24027 24027 24027 24027 24027 24027 24027 24027 24027 24027 24027 24027 24027 24027 24027 24027 24027 24027 24027 24027 24027 24027 24027 24027 24027 24027 24027 24027 24027 24027 24027 24027 24027 24027 1 24027 24027 24027 24027 24027 24027 24027 24027 24027 24027 24027 24027 24027 24027 24027 24027 24027 24027 24027 24027 24027 24027 24027 24027 24027 24027 24027 24027 24027 24027 24027 0 24027 24027 24027 24027 24027 24027 24027 24027 24027 24027 24027 24027 24027 24027 24027 3 24027 24027 24027 24027 24027 24027 24027 2 24027 24027 24027 1 24027 24027 0 2 24027 2 
127 3000 24027 24027 24027 24027 24027 24027 24027 24027 24027 24027 24027 24027 24027 24027 24027 24027 24027 24027 24027 24027 24027 24027 24027 24027 24027 24027 24027 24027 24027 24027 24027 24027 24027 24027 24027 24027 24027 24027 24027 24027 24027 24027 24027 24027 24027 24027 24027 24027 24027 24027 24027 24027 24027 24027 24027 24027 24027 24027 24027 24027 24027 24027 3 24027 24027 24027 24027 24027 24027 24027 24027 24027 24027 24027 24027 24027 24027 24027 24027 24027 24027 24027 24027 24027 24027 24027 24027 24027 24027 24027 24027 24027 24027 24027 3 24027 24027 24027 24027 24027 24027 24027 24027 24027 24027 24027 24027 24027 24027 24027 0 24027 24027 24027 24027 24027 24027 24027 1 24027 24027 24027 4 24027 3 24027 4 4 
128 3000 24027 24027 24027 24027 24027 24027 24027 24027 24027 24027 24027 24027 24027 24027 24027 24027 24027 24027 24027 24027 24027 24027 24027 24027 24027 24027 24027 24027 24027 24027 24027 24027 24027 24027 24027 24027 24027 24027 24027 24027 24027 24027 24027 24027 24027 24027 24027 24027 24027 24027 24027 24027 24027 24027 24027 24027 24027 24027 24027 24027 24027 24027 24027 0 24027 24027 24027 24027 24027 24027 24027 24027 24027 24027 24027 24027 24027 24027 24027 24027 24027 24027 24027 24027 24027 24027 24027 24027 24027 24027 24027 24027 24027 24027 24027 4 24027 24027 24027 24027 24027 24027 24027 24027 24027 24027 24027 24027 24027 24027 24027 1 24027 24027 24027 24027 24027 24027 24027 2 24027 24027 24027 1 24027 4 2 0 
