FILE: D51.01
30 80 0
1 5000 231 614 105 873 777 215 223 710 692 27 643 650 230 659 190 11 906 664 154 953 110 316 746 471 377 554 86 221 413 312 544 165 474 965 802 487 186 88 458 761 405 273 533 838 202 203 716 416 579 709 695 762 999 26 412 560 330 977 593 353 297 286 393 541 28 755 496 410 797 513 523 158 555 63 83 395 340 342 316 62 
2 5000 164 510 269 277 460 697 950 32 707 413 404 247 293 852 653 127 243 798 847 303 876 363 465 717 14 265 916 723 811 875 375 380 807 739 210 395 310 809 831 685 678 89 312 40 615 920 630 839 62 624 860 299 786 725 176 219 251 464 996 696 874 822 119 770 250 787 194 480 458 62 368 286 9 949 455 340 570 617 472 561 
3 5000 25 482 883 995 984 910 390 416 327 963 634 655 883 420 621 601 828 761 241 366 905 372 717 572 57 657 313 224 559 293 174 148 263 342 608 460 18 443 687 29 897 788 482 411 288 127 794 210 469 491 716 357 749 877 880 248 773 596 713 235 77 512 570 419 500 891 71 231 532 71 489 748 210 679 537 243 629 618 397 904 
4 5000 695 523 326 222 180 932 700 986 705 867 822 387 713 61 343 168 56 535 653 313 263 758 63 229 107 97 140 898 542 787 32 959 622 122 122 202 482 110 867 430 990 290 152 162 149 942 15 152 843 398 75 181 42 687 518 100 27 222 975 593 757 747 146 617 959 272 500 6 31 204 912 190 363 404 561 511 161 377 956 100 
5 5000 370 323 406 777 793 262 809 957 997 952 70 14 96 831 28 93 11 676 199 811 301 226 210 846 150 466 248 854 619 809 375 710 734 874 56 515 535 101 732 362 644 904 797 314 476 589 812 566 675 757 302 264 855 406 982 947 272 454 757 80 486 897 330 647 632 332 780 274 379 46 930 851 182 413 872 117 908 789 475 187 
6 5000 441 653 234 479 354 193 290 10 244 61 974 545 821 520 719 545 350 695 677 404 532 155 888 923 425 534 353 513 496 420 839 76 394 225 767 40 549 255 42 521 172 702 133 75 774 774 286 9 771 682 188 722 293 704 934 49 778 40 645 64 437 690 567 319 213 50 15 0 287 478 988 936 760 509 806 965 589 977 616 609 
7 5000 368 732 99 516 56 190 241 670 238 424 493 797 25 22 168 974 170 425 435 880 508 967 723 677 303 334 914 979 607 663 140 886 213 999 540 542 306 326 826 192 398 895 988 212 643 62 996 65 131 366 828 670 246 47 684 137 690 746 718 349 258 585 132 351 967 358 984 23 627 47 548 993 445 383 565 274 771 673 245 586 
8 5000 555 605 340 828 629 260 155 677 405 35 825 775 70 717 711 482 887 404 249 653 690 505 111 417 159 537 2 419 983 936 956 500 496 597 460 283 878 367 260 627 524 208 185 427 661 250 837 725 824 448 495 594 266 69 63 780 914 723 421 550 945 153 12 738 602 513 21 430 309 349 970 285 718 991 91 944 746 592 317 496 
9 5000 221 521 228 476 217 331 796 363 676 27 286 42 418 841 141 201 112 243 200 134 330 405 97 919 252 830 181 433 132 374 800 179 117 373 294 398 497 98 544 419 8 254 408 735 255 740 913 756 863 397 515 729 444 953 298 765 983 888 436 469 721 442 778 129 142 472 888 930 157 398 386 169 64 926 940 939 406 806 744 243 
10 5000 282 302 833 18 248 628 74 28 364 48 180 99 506 862 588 667 523 7 543 107 339 475 245 801 594 286 378 434 911 215 891 467 392 5 359 272 431 287 770 881 440 911 84 834 577 920 410 84 78 882 141 435 282 796 887 473 939 295 562 467 906 360 457 204 808 271 647 231 778 2 574 467 851 797 159 657 116 119 270 639 
11 5000 220 723 904 889 315 43 923 312 36 631 678 755 620 855 389 197 741 584 590 103 166 68 517 896 829 745 761 19 399 181 34 560 957 872 400 911 864 118 805 414 415 693 254 483 377 533 476 159 993 148 428 567 567 995 476 249 202 513 590 839 796 48 414 46 887 393 539 415 446 142 833 843 200 598 160 306 592 442 351 771 
12 5000 962 884 745 767 46 514 170 574 391 576 690 507 770 880 966 260 205 66 577 779 674 455 147 631 108 182 614 346 778 853 492 684 640 432 465 320 762 573 162 889 409 131 449 879 880 55 89 339 700 392 111 854 253 615 732 781 451 998 173 194 537 254 220 517 610 152 860 309 967 341 860 179 865 90 597 282 776 170 25 385 
13 5000 752 588 83 958 983 399 417 263 133 321 742 912 568 351 699 856 51 121 544 287 9 203 513 399 961 87 210 509 202 43 862 469 338 591 780 877 758 803 875 15 654 142 566 27 662 70 939 259 735 135 475 274 326 765 217 474 492 473 707 824 999 707 530 634 25 59 832 867 564 42 622 947 105 172 237 538 706 555 791 251 
14 5000 29 712 953 761 453 851 910 295 848 317 849 960 97 417 803 889 978 365 211 653 482 549 18 935 174 840 689 912 678 170 952 325 892 83 624 706 19 504 373 723 12 409 742 118 523 644 299 211 952 603 234 427 687 976 267 824 140 295 200 83 651 495 961 945 877 204 478 538 743 986 232 588 561 256 838 966 398 80 480 548 
15 5000 298 585 563 852 448 194 417 428 877 403 392 456 792 332 202 541 132 744 846 152 442 775 958 689 666 84 930 644 934 635 651 816 960 843 203 59 125 292 358 530 853 751 230 903 362 700 902 514 398 94 406 913 24 572 862 794 90 839 154 759 439 438 961 898 475 626 501 645 175 580 827 883 128 642 24 767 715 837 133 232 
16 5000 9 364 178 654 493 294 103 637 193 184 993 387 314 836 403 649 976 903 149 680 148 583 402 206 358 100 426 857 299 200 808 34 894 382 525 680 943 78 680 925 925 503 271 71 53 395 814 891 188 360 185 701 687 48 506 189 792 866 434 452 655 463 687 225 575 693 156 760 567 278 439 330 833 895 157 827 247 899 874 413 
17 5000 430 404 986 713 528 940 404 490 272 402 388 301 419 523 372 81 168 564 122 135 647 469 67 495 57 182 163 135 577 354 108 977 614 160 278 190 503 441 208 735 234 887 973 619 320 490 309 846 383 978 818 513 561 444 97 32 328 902 145 947 818 981 883 309 248 471 126 76 537 954 870 520 709 219 216 93 182 699 788 732 
18 5000 523 639 983 72 781 213 904 519 975 312 305 683 842 220 411 107 431 900 942 782 647 100 189 409 320 14 490 875 921 698 942 922 485 968 701 458 872 8 707 506 917 390 184 231 611 733 747 37 859 727 480 190 946 718 806 935 285 610 509 590 547 257 748 563 761 105 397 786 492 277 571 509 670 829 671 948 183 398 791 733 
19 5000 817 951 839 647 639 867 206 600 415 60 334 328 165 364 28 777 436 910 842 640 395 688 402 15 341 45 997 659 709 312 286 799 189 293 461 974 26 824 717 874 115 137 367 650 973 227 446 650 186 960 149 73 427 127 950 480 632 169 737 661 434 792 818 806 449 189 131 455 501 84 513 197 384 333 356 584 263 270 512 239 
20 5000 286 552 778 605 528 700 810 325 839 53 809 716 697 372 817 296 667 794 980 848 549 363 610 976 814 859 390 630 419 137 576 570 600 702 528 227 733 730 421 944 851 266 476 56 929 806 558 777 505 984 481 376 753 593 868 588 592 645 904 752 922 693 836 635 589 143 546 397 168 761 64 698 152 99 345 382 658 66 159 729 
21 5000 221 352 451 732 787 927 990 378 498 338 677 387 344 18 331 397 306 329 320 43 55 553 866 916 818 557 364 864 503 344 581 598 663 211 50 79 419 736 525 661 905 306 829 439 352 414 944 788 398 431 684 561 709 87 795 898 521 368 829 141 177 49 630 799 277 591 784 47 511 608 864 721 781 634 827 280 707 398 404 709 
22 5000 106 339 813 816 540 563 664 910 523 977 375 319 488 811 955 718 101 242 501 735 19 353 241 807 687 127 480 752 262 711 280 27 265 663 228 142 50 397 132 188 685 547 985 975 337 476 49 708 765 633 393 712 992 998 737 141 779 307 941 165 966 307 988 582 304 730 793 341 835 226 698 938 456 961 984 153 720 110 249 91 
23 5000 496 951 996 14 575 788 272 913 804 418 707 299 861 364 786 178 244 588 716 684 586 905 707 333 884 820 39 366 723 0 734 157 112 102 189 147 3 188 614 279 107 419 618 400 82 275 777 591 701 1 547 913 87 509 347 516 607 445 164 598 531 647 529 166 26 711 196 85 607 881 373 368 622 990 859 186 858 652 907 565 
24 5000 886 454 184 234 214 330 651 596 860 874 715 297 419 775 503 346 244 121 584 271 813 770 3 273 880 529 957 842 512 329 965 813 601 149 864 326 941 880 493 655 467 865 392 386 756 326 366 895 368 394 264 618 139 976 800 60 5 153 785 22 461 355 585 17 244 8 170 335 331 888 594 741 851 894 238 251 7 458 675 978 
25 5000 591 312 490 506 196 837 908 762 714 698 559 849 216 0 244 825 807 672 29 876 544 304 517 871 26 156 641 750 729 550 828 729 701 374 862 784 691 912 310 379 319 718 837 914 381 752 264 858 873 499 711 33 832 296 668 31 599 565 332 209 573 200 68 252 80 799 320 770 422 979 836 883 724 487 522 278 653 317 808 702 
26 5000 620 568 830 358 543 249 298 177 773 754 386 422 285 224 482 619 703 524 152 252 284 33 157 213 428 996 862 470 825 621 887 915 823 675 344 873 115 770 503 230 344 74 222 654 701 657 0 871 138 204 986 485 263 289 792 277 524 956 447 487 782 809 351 20 845 336 554 67 84 682 220 85 700 594 602 635 756 753 397 17 
27 5000 550 216 796 192 440 180 99 951 699 796 211 796 503 243 897 514 648 784 106 899 76 28 230 602 825 104 632 568 474 984 290 35 694 652 900 568 990 358 282 81 232 666 432 332 62 506 65 857 783 973 989 797 813 69 161 611 296 112 763 122 977 41 141 873 921 324 957 274 181 695 389 481 996 431 733 500 624 397 238 481 
28 5000 400 574 535 657 111 286 481 911 284 843 787 434 477 834 256 447 175 764 973 441 375 279 312 934 460 677 79 172 451 936 644 787 238 978 420 843 878 377 503 268 552 243 844 113 281 491 783 640 994 221 296 669 28 419 786 192 685 709 778 690 897 362 354 143 633 293 666 191 117 261 385 419 459 975 413 235 792 361 716 306 
29 5000 509 664 618 24 690 643 389 975 325 550 485 863 409 130 282 887 512 348 636 1 924 73 127 69 958 423 319 343 504 9 892 267 445 780 976 45 3 695 544 972 630 942 196 972 530 916 187 325 398 689 39 46 490 169 574 891 593 687 732 452 6 220 990 314 123 975 748 736 705 541 517 842 443 345 251 764 895 616 672 733 
30 5000 408 582 924 565 99 123 414 528 504 587 163 44 979 999 535 206 454 374 658 573 627 365 419 211 198 940 336 456 233 341 182 354 250 11 688 267 127 728 179 590 424 663 470 69 200 566 894 672 945 820 774 498 693 567 203 675 927 624 477 732 367 424 7 402 228 678 70 330 48 995 244 659 680 172 852 947 539 364 280 409 
