FILE: C1.01
50 100 0
1 1940 756 926 950 196 807 280 691 93 94 13 274 129 170 718 934 361 459 612 479 470 473 88 123 993 841 481 238 663 754 737 390 352 915 241 477 572 586 483 333 1 833 813 636 13 555 985 458 670 392 720 308 151 115 994 9 91 576 280 250 781 823 467 164 721 476 656 767 479 941 571 609 326 580 794 477 628 413 547 491 446 446 232 448 325 230 460 738 737 738 779 705 151 151 819 760 186 651 81 125 831 
2 1814 75 524 197 698 47 688 757 214 988 999 563 882 164 124 390 559 877 987 296 237 676 918 540 502 739 319 352 748 643 700 515 744 245 425 215 641 880 4 152 17 614 290 361 53 756 409 717 436 354 776 602 75 888 45 683 234 889 319 297 169 691 485 382 863 49 5 446 960 818 5 533 478 446 19 651 409 464 217 643 791 719 469 956 349 552 87 286 299 652 587 565 407 791 318 256 896 174 299 429 298 
3 1610 112 589 846 229 181 712 490 965 306 474 144 519 773 131 248 24 888 23 243 131 291 169 53 728 878 926 162 27 689 169 393 218 592 979 964 421 117 292 933 151 280 486 613 19 741 366 57 878 137 535 205 144 943 592 787 505 689 152 573 733 896 139 73 827 555 329 266 203 512 608 466 137 584 922 907 203 767 370 154 905 366 434 919 231 400 784 387 345 120 663 637 134 988 284 266 839 955 234 785 472 
4 1393 344 912 253 507 995 329 774 590 321 9 118 950 299 711 650 861 166 721 688 382 156 454 793 375 15 988 873 590 259 143 846 133 655 188 51 184 886 776 153 293 865 188 747 108 679 501 376 871 625 755 195 531 296 718 991 814 212 352 771 101 936 557 661 447 164 306 300 592 746 740 482 303 116 350 241 905 92 805 105 317 518 544 745 465 718 716 727 401 226 563 590 973 768 840 970 395 962 368 988 551 
5 1693 306 619 391 659 248 267 247 23 731 250 430 673 241 435 928 25 331 721 579 873 921 608 535 225 396 547 379 609 573 321 727 815 151 142 669 545 728 712 885 928 980 945 784 382 90 580 506 789 37 410 134 442 820 319 960 746 224 884 146 135 212 725 628 169 548 348 595 297 730 681 413 230 848 39 300 411 429 717 630 551 904 949 195 687 747 440 263 739 917 192 788 36 672 845 606 780 363 252 973 905 
6 1289 499 270 321 224 105 238 990 692 598 574 821 594 213 237 834 282 903 306 581 660 399 737 281 432 543 857 641 55 588 945 826 531 708 737 562 592 429 206 822 404 197 456 77 365 797 75 574 99 860 791 617 234 155 773 304 63 902 422 715 679 809 2 988 679 68 940 283 28 21 152 75 184 703 237 765 66 11 872 71 968 682 267 161 13 826 17 9 234 221 184 934 881 86 977 789 47 562 849 783 204 
7 1605 372 388 748 528 723 301 142 887 131 954 750 959 125 496 964 498 934 769 705 21 869 197 902 311 45 92 44 387 277 330 383 628 502 868 901 299 563 71 630 175 701 322 401 499 600 875 648 975 335 426 329 38 50 374 578 92 727 231 174 961 881 158 423 253 524 91 546 864 251 427 162 344 774 746 971 329 771 517 221 781 372 289 55 231 140 302 335 757 887 10 32 921 161 474 778 363 763 102 677 290 
8 1122 692 963 580 886 259 602 696 560 612 431 157 541 139 925 774 399 788 198 353 733 698 309 123 463 450 491 558 886 414 382 861 357 155 853 790 916 370 533 62 733 317 620 65 684 222 74 61 929 607 781 645 817 37 788 639 974 229 204 160 907 10 845 81 980 78 244 598 89 51 93 113 902 760 726 183 985 255 732 707 675 502 294 118 33 234 348 763 726 922 148 206 183 340 341 673 859 687 143 347 971 
9 1747 708 751 520 36 278 909 972 424 221 542 428 187 542 973 621 968 960 6 596 609 150 455 412 323 239 576 707 180 151 101 473 368 896 95 883 209 399 362 517 382 958 617 821 342 920 133 163 385 689 98 302 339 633 382 638 350 5 953 77 723 460 640 849 296 268 485 135 312 808 376 835 253 453 201 332 619 420 239 586 99 693 989 407 128 609 184 250 276 194 180 370 450 860 464 699 380 531 481 259 347 
10 1816 505 485 628 312 783 281 635 627 648 160 194 226 846 320 963 687 772 977 427 459 856 829 464 732 792 964 938 483 858 85 283 327 24 371 567 231 69 833 978 720 440 500 224 635 55 290 799 68 782 896 599 544 796 539 839 50 559 930 757 20 614 286 62 841 924 740 600 3 985 997 206 469 411 562 208 358 223 412 559 550 562 425 54 287 36 432 613 385 424 227 92 126 961 377 589 449 915 182 723 514 
11 1675 625 842 242 75 649 637 931 172 625 136 520 184 326 525 621 829 282 797 899 760 827 668 884 335 718 743 839 428 631 405 741 502 413 381 998 668 406 471 980 946 709 390 962 437 706 213 573 648 706 369 348 661 49 678 468 387 515 368 290 610 366 579 759 47 901 286 291 142 821 135 228 805 292 152 453 827 14 787 262 183 166 277 83 939 554 783 146 987 813 279 677 328 8 650 734 113 472 987 268 169 
12 1228 527 489 231 842 220 164 582 44 386 901 345 968 435 49 125 345 115 280 225 505 258 466 168 524 491 927 717 354 886 669 140 303 12 673 922 672 362 858 646 934 617 798 263 260 729 782 469 771 273 327 411 326 58 718 434 221 444 692 97 618 350 830 162 66 423 782 796 940 313 895 683 164 556 355 283 37 11 415 939 525 325 834 70 854 399 90 151 753 318 476 711 179 719 678 65 881 63 912 989 647 
13 1778 226 76 561 747 65 972 134 104 673 223 641 808 447 949 513 970 829 58 118 393 822 234 795 297 737 394 457 702 254 857 637 431 397 926 292 205 518 115 231 799 874 727 501 727 902 12 568 429 779 618 656 416 366 561 68 360 122 416 844 582 91 974 597 915 547 54 869 411 396 716 854 854 932 575 827 557 29 442 130 403 375 10 50 605 835 803 444 152 543 114 438 410 802 131 61 840 409 997 150 316 
14 1476 996 370 999 354 612 686 241 754 643 152 486 647 131 330 644 54 294 214 886 303 191 978 365 858 342 403 786 310 13 334 340 626 398 990 930 239 398 490 190 94 233 432 245 220 599 867 687 939 584 511 743 300 70 546 92 823 835 844 302 172 80 965 371 811 581 770 313 282 215 992 286 162 54 611 210 311 750 376 358 501 442 312 874 24 889 569 706 358 61 446 906 507 891 930 767 88 423 609 783 771 
15 1064 292 878 164 164 176 885 730 638 917 747 844 855 438 396 560 509 818 792 214 686 117 82 425 861 460 353 608 22 250 942 587 662 831 783 398 839 453 739 884 36 893 416 165 32 554 398 587 507 407 401 238 598 607 286 627 122 131 424 616 695 281 364 205 447 395 289 259 576 617 212 771 436 50 392 757 397 168 937 377 180 792 56 370 900 511 942 409 526 861 743 451 975 130 588 696 574 115 152 234 88 
16 1683 712 983 49 480 175 5 594 633 36 795 543 776 745 645 919 266 442 661 642 912 543 545 618 73 124 720 919 462 595 903 310 511 615 707 803 617 730 389 487 145 691 302 330 504 928 189 195 156 147 865 760 891 525 424 594 226 451 536 75 256 312 940 394 806 267 723 349 238 494 480 157 744 864 952 995 466 532 224 491 305 387 98 887 748 858 708 96 553 15 993 354 655 464 115 709 114 982 404 52 466 
17 1368 947 906 313 486 390 709 492 953 66 786 683 461 31 750 776 180 110 534 858 232 536 788 166 683 289 847 828 43 719 997 767 728 550 252 579 457 859 362 761 57 123 281 104 635 929 793 613 600 439 535 791 487 202 125 636 68 417 615 183 702 227 991 948 414 142 933 114 647 193 563 793 177 899 392 224 146 650 180 240 692 594 947 844 133 623 835 257 186 551 41 256 179 85 555 164 736 672 906 332 892 
18 1820 641 451 115 988 756 545 199 645 794 982 502 572 837 355 493 24 105 566 75 832 369 972 664 42 931 912 474 182 347 492 0 762 642 943 143 83 228 409 967 961 236 507 543 460 490 502 855 225 840 443 240 498 66 95 313 438 81 31 876 807 650 696 746 637 331 821 1 966 882 7 593 236 826 829 796 441 409 312 482 637 666 109 656 880 813 237 255 212 684 707 657 776 427 890 872 652 192 981 898 515 
19 1011 369 187 703 603 303 714 792 316 651 600 269 926 133 765 402 514 852 585 893 138 467 3 413 512 865 93 613 429 660 511 702 127 372 830 191 325 629 215 881 153 231 406 720 682 426 480 583 290 236 366 605 559 183 569 133 953 253 89 915 963 442 986 592 959 735 570 118 468 852 689 173 79 608 67 184 716 241 182 35 479 531 632 65 785 71 477 449 22 531 511 550 434 253 938 344 457 21 425 501 226 
20 1358 992 225 474 181 717 449 527 179 718 462 640 722 384 584 368 690 319 963 204 22 977 103 201 365 452 211 788 638 380 946 515 878 450 688 934 193 459 897 333 180 409 666 550 639 593 68 582 943 154 373 209 889 76 752 343 389 79 538 338 835 391 656 966 488 858 307 276 731 365 503 72 530 40 540 205 953 199 15 420 77 513 473 960 142 363 270 656 285 840 767 714 708 380 426 931 606 479 921 535 724 
21 1476 836 400 860 867 69 820 181 108 519 591 683 392 146 602 632 363 22 655 354 227 430 739 194 241 647 479 995 45 462 964 947 802 59 691 142 615 336 828 684 198 264 526 694 259 373 499 55 571 967 574 241 197 157 455 77 834 300 400 761 759 955 36 18 321 928 40 694 477 515 880 665 314 532 373 389 48 226 232 952 449 661 367 936 177 667 125 980 990 963 201 354 288 522 442 399 979 795 257 176 114 
22 1874 849 171 271 196 998 391 165 873 601 706 429 249 705 770 66 777 228 374 506 807 108 568 771 375 92 395 693 602 876 594 657 775 824 94 851 723 987 663 480 572 626 544 911 472 979 421 226 396 463 573 150 596 67 539 817 823 115 155 347 888 144 295 705 674 112 169 806 175 644 517 337 680 545 537 263 667 296 908 492 525 749 732 659 688 742 750 500 265 857 673 794 785 31 972 327 120 241 976 857 207 
23 1993 604 545 643 815 600 824 760 487 596 167 262 221 854 736 34 514 25 365 197 886 784 857 17 224 661 60 758 957 936 693 68 777 921 384 4 111 492 899 274 96 193 21 796 235 781 57 182 486 533 426 208 985 169 326 905 128 741 909 323 225 316 971 600 454 810 600 398 328 814 764 325 390 750 296 412 364 204 262 269 477 786 165 980 160 353 960 360 869 936 348 647 227 226 318 239 205 954 412 555 578 
24 1014 662 623 352 662 698 488 402 652 963 30 26 641 533 289 631 703 489 889 291 312 321 654 366 619 331 15 929 382 503 296 193 380 807 471 685 668 406 494 360 503 741 791 390 297 950 5 840 431 608 593 954 281 239 363 263 295 572 553 241 465 29 540 724 47 380 766 812 851 67 996 469 976 142 473 547 299 303 92 448 593 985 165 142 598 983 885 758 893 576 70 478 919 612 296 941 991 531 0 872 638 
25 1795 652 176 133 686 590 191 533 951 606 333 87 252 894 852 360 903 427 908 899 844 376 695 804 343 669 831 33 379 257 725 799 173 217 150 883 857 250 735 231 718 700 592 657 14 662 804 10 816 288 990 642 845 878 663 522 783 857 600 839 11 216 948 447 255 535 278 975 111 155 313 968 900 617 541 889 843 942 435 334 9 861 502 295 20 574 876 820 961 151 675 917 483 149 838 42 562 547 664 5 872 
26 1602 776 662 261 697 716 214 279 806 900 462 239 633 156 873 777 56 544 788 375 938 700 620 822 921 410 383 83 288 633 409 531 478 694 576 32 372 869 905 831 915 76 866 729 186 887 237 491 510 596 862 990 695 538 142 21 993 400 617 278 884 727 471 450 268 355 317 914 168 974 81 979 525 554 364 172 193 847 91 509 718 681 819 243 997 271 525 42 418 258 232 73 557 708 317 958 49 768 833 76 705 
27 1222 703 169 489 648 117 731 424 407 983 145 51 166 781 38 510 198 651 817 843 158 61 865 623 556 915 355 490 658 420 159 697 22 578 817 248 389 629 36 739 155 303 682 479 135 214 747 995 840 248 247 509 989 281 520 490 470 78 907 857 471 713 268 951 3 353 308 842 526 749 186 96 901 287 371 562 395 926 213 305 935 887 199 251 361 412 370 661 867 465 851 8 370 696 979 367 13 522 994 902 527 
28 1669 749 543 672 13 433 456 467 72 744 389 439 983 512 498 601 317 219 732 385 575 391 394 238 691 338 942 117 421 197 653 580 925 763 224 713 405 57 908 594 147 120 289 527 794 992 271 756 206 337 394 878 753 701 61 677 369 857 763 601 232 210 914 592 396 733 375 489 229 401 262 737 993 590 139 595 422 414 186 592 629 464 431 420 187 923 648 6 741 519 13 968 978 290 99 186 307 633 329 683 94 
29 1592 454 574 793 869 170 255 815 522 454 593 481 810 720 305 909 169 390 264 164 774 968 941 527 667 213 706 223 907 508 198 455 725 14 505 76 144 704 339 760 29 877 961 2 52 232 43 796 518 112 209 338 543 998 461 590 537 858 214 56 465 433 155 609 865 66 646 714 67 159 897 893 616 853 618 774 335 33 364 565 19 235 317 306 214 566 688 724 66 226 493 61 690 713 892 698 43 327 832 922 762 
30 1043 200 690 933 374 205 724 276 282 219 782 689 774 783 456 643 231 0 327 388 107 40 836 430 56 968 707 263 108 619 259 820 963 733 472 599 23 80 121 957 232 774 852 514 336 521 519 158 642 995 642 608 881 75 323 3 262 161 464 495 315 279 629 302 615 206 404 203 978 322 581 932 229 416 27 449 125 164 570 552 546 489 756 796 524 535 808 197 222 466 642 677 446 805 279 737 792 543 495 299 14 
31 1727 61 221 712 750 400 418 934 63 28 89 780 517 599 994 605 76 920 266 925 98 758 719 594 906 798 122 379 888 597 414 494 810 862 314 217 601 911 313 155 287 655 502 277 332 946 212 287 73 634 936 451 490 171 495 445 14 122 924 355 604 406 41 380 806 630 170 370 10 340 995 769 627 557 990 62 408 415 426 327 620 266 399 974 294 86 853 280 274 528 79 793 274 462 642 223 668 353 218 894 240 
32 1315 294 354 588 185 224 257 434 466 586 74 527 476 317 764 382 550 605 971 556 638 990 860 697 148 651 173 67 365 352 602 770 304 8 81 398 332 343 75 322 406 605 474 328 271 821 182 842 454 536 987 444 418 530 817 894 692 465 969 394 341 938 406 300 620 906 714 2 135 952 822 199 384 369 63 270 997 510 683 983 534 396 388 242 178 41 18 101 164 455 947 757 303 810 306 747 421 722 611 64 76 
33 1130 900 414 392 732 973 323 348 452 819 333 369 907 831 975 569 333 910 777 480 958 34 985 614 269 399 247 707 162 723 966 980 419 804 532 268 514 931 175 358 185 230 636 380 757 562 384 589 685 36 596 398 280 753 624 982 89 876 157 323 899 597 809 14 833 123 338 691 507 254 230 409 713 656 858 835 604 426 929 579 845 30 452 520 697 221 939 458 507 21 50 957 576 373 413 693 856 539 835 186 471 
34 1855 615 222 512 926 182 843 76 859 790 223 30 623 460 292 452 146 915 438 234 211 718 140 803 782 318 872 436 827 248 121 133 242 171 866 523 966 10 359 767 889 865 549 924 638 949 5 758 832 255 661 446 917 174 250 162 152 781 751 995 859 15 707 191 514 462 751 160 793 963 179 242 142 772 929 682 990 472 791 796 176 380 209 790 705 647 504 199 405 778 873 421 597 798 0 310 367 769 632 303 520 
35 1881 946 34 835 845 78 927 691 798 629 718 670 431 510 381 234 586 967 433 53 4 126 70 99 475 900 126 86 91 607 301 352 821 144 644 778 140 56 750 844 913 338 640 398 267 332 803 257 659 546 349 205 873 742 769 516 144 148 240 555 147 118 972 589 62 103 543 378 430 266 711 648 26 584 652 39 465 791 107 619 753 990 403 564 518 295 813 93 120 331 226 248 374 951 603 624 98 994 170 632 205 
36 1454 840 395 562 876 809 864 322 344 816 261 973 895 18 425 790 704 964 168 938 881 624 234 928 236 949 944 644 835 933 134 678 712 634 470 164 565 137 740 854 792 919 218 642 699 586 677 259 231 455 174 353 71 943 177 684 447 236 131 635 485 209 69 778 473 61 352 697 848 630 127 795 281 875 616 304 684 469 803 214 483 988 638 337 20 662 333 235 399 156 858 221 648 344 218 152 515 554 614 241 764 
37 1250 77 597 300 612 677 720 975 996 880 662 409 731 178 80 688 228 552 894 255 871 895 774 873 650 955 168 962 19 923 98 198 928 239 433 682 526 716 870 542 466 580 330 304 323 509 992 881 57 279 692 519 11 102 883 549 412 246 912 277 827 39 786 876 566 853 192 603 481 143 953 198 146 166 663 804 871 437 704 249 532 551 377 40 677 436 357 912 882 653 187 270 822 818 44 369 31 753 484 583 811 
38 1460 387 601 272 496 824 892 952 865 60 283 8 0 420 8 436 947 223 42 279 332 518 95 312 205 829 92 161 369 637 487 320 263 809 251 49 23 696 891 609 786 129 322 807 850 7 961 325 778 727 860 792 31 145 248 77 245 316 304 763 722 697 521 278 242 73 492 651 792 882 470 356 290 195 546 218 923 44 778 849 165 332 134 581 92 30 570 365 71 898 107 611 429 430 239 425 183 253 513 220 442 
39 1699 643 176 559 761 978 503 629 156 682 984 440 723 472 770 452 853 245 892 914 191 448 451 698 320 534 970 961 643 345 867 207 188 765 520 868 549 486 888 976 687 241 171 27 802 330 457 641 10 801 844 96 24 115 994 335 569 646 590 549 754 865 672 913 106 536 306 589 502 783 571 563 698 365 323 444 689 5 705 783 620 111 875 34 449 742 922 735 100 158 432 11 315 792 684 982 930 0 924 184 779 
40 1423 719 587 971 309 822 304 725 637 547 595 518 388 107 238 735 807 884 890 552 996 111 508 276 689 919 427 853 544 231 211 759 806 464 833 5 671 514 313 467 213 985 388 259 194 132 313 370 631 501 385 285 431 710 290 806 963 364 857 791 900 552 321 38 174 911 683 19 394 721 269 692 560 989 68 115 431 10 956 61 379 359 398 377 76 783 706 289 865 974 474 376 142 682 259 434 615 132 114 950 764 
41 1226 66 397 352 498 133 78 346 271 960 733 58 15 701 624 890 349 195 332 489 673 73 958 690 885 863 981 59 166 693 455 409 288 692 796 106 421 675 860 529 912 211 530 522 994 660 542 173 899 290 758 774 352 44 609 305 893 66 932 280 25 584 907 304 629 227 322 180 634 382 889 915 400 686 816 467 789 235 365 571 392 621 610 501 873 369 117 93 907 894 761 895 686 544 401 765 444 846 628 779 983 
42 1533 315 782 669 459 173 431 865 980 45 73 256 907 149 296 65 627 989 506 596 467 158 367 96 923 748 454 393 816 584 951 281 2 3 751 125 698 401 800 651 41 255 13 386 965 857 629 728 986 452 336 99 999 34 1 172 664 481 375 608 501 280 586 312 256 540 789 640 661 518 799 549 159 385 65 148 703 431 814 628 213 451 721 24 796 516 947 796 306 848 877 688 355 24 421 828 357 229 204 555 705 
43 1764 501 926 670 543 251 375 123 789 6 501 664 650 142 445 260 953 196 823 980 817 651 700 929 344 33 548 960 95 650 681 276 596 819 121 502 559 935 370 323 69 207 54 293 431 424 908 886 910 586 75 412 77 733 183 865 985 846 163 313 879 123 297 917 687 513 440 176 977 824 904 493 624 261 958 644 895 736 426 263 172 797 343 921 34 504 141 902 911 126 330 259 42 964 150 262 934 185 159 810 65 
44 1970 217 916 30 856 856 857 864 590 481 72 744 353 386 419 811 687 49 868 307 982 675 234 763 858 458 42 449 280 520 112 805 768 18 970 79 525 360 665 874 843 25 90 847 622 932 414 253 348 849 690 574 370 795 269 940 832 905 79 563 89 737 386 902 957 484 127 782 643 49 395 185 694 476 187 923 817 678 5 921 898 955 386 333 85 253 987 191 258 645 290 828 745 992 530 775 620 262 952 370 429 
45 1473 967 772 687 724 327 631 992 290 886 97 93 246 67 424 771 583 606 851 852 302 685 12 226 433 34 567 184 466 103 291 947 147 897 331 710 125 567 850 46 403 346 781 31 72 939 905 911 286 936 974 674 967 369 103 352 181 983 135 418 680 334 213 105 558 292 275 993 506 57 678 722 620 266 691 153 250 302 53 835 832 384 334 125 200 539 309 788 323 55 58 437 957 490 23 651 162 854 737 112 160 
46 1043 431 608 513 121 264 246 69 549 364 716 662 947 423 954 30 488 55 43 915 523 633 699 819 512 826 182 381 879 568 986 853 864 644 133 623 981 656 439 283 168 552 569 182 218 451 250 955 601 985 469 982 253 874 4 254 435 947 135 609 256 338 876 815 951 70 572 459 508 743 205 116 739 552 255 769 384 348 448 942 357 963 263 518 704 516 499 721 385 926 792 205 468 336 389 748 832 681 42 499 959 
47 1117 363 263 936 515 477 770 225 762 327 425 330 69 463 487 930 12 672 149 584 527 279 501 593 570 475 821 125 670 506 191 185 91 72 884 528 811 784 497 113 60 7 310 185 605 954 819 578 534 356 934 347 729 566 794 300 765 428 672 545 446 768 950 628 695 838 610 377 31 566 235 18 327 955 968 683 90 462 414 889 972 728 940 84 732 465 351 855 368 885 410 898 637 478 161 328 680 508 541 439 983 
48 1059 234 500 369 979 241 680 261 560 141 698 934 307 501 296 953 634 410 115 542 828 609 87 90 129 177 916 515 275 245 763 694 342 716 714 707 233 441 121 77 661 839 433 749 959 420 581 28 574 175 533 168 581 315 105 874 57 320 616 385 675 759 494 410 337 869 409 585 214 344 51 711 24 313 117 464 889 967 628 813 628 818 154 850 812 41 42 271 443 881 249 198 587 588 866 595 810 852 928 963 762 
49 1201 603 559 752 338 365 844 651 884 221 381 986 484 617 906 535 770 79 785 312 120 227 578 235 707 213 933 372 791 206 520 62 726 7 234 790 659 387 373 140 378 239 26 678 282 155 376 106 951 493 140 530 264 556 869 186 558 957 326 477 781 774 655 641 105 587 566 928 988 986 253 593 127 652 259 582 293 596 17 225 505 655 276 809 511 838 132 351 55 618 894 421 887 756 484 372 993 758 608 800 7 
50 1560 407 595 278 526 811 415 566 360 306 934 820 26 353 706 26 265 150 984 576 807 978 347 142 868 843 470 512 32 628 884 365 101 475 72 445 20 629 742 116 462 437 623 753 166 750 619 944 627 420 684 972 231 135 240 548 424 287 494 254 12 114 500 681 191 816 293 712 386 882 970 932 509 325 21 631 724 64 791 368 304 163 393 561 688 143 928 74 326 89 348 279 397 773 812 544 11 508 874 632 971 
