FILE: E1.01
50 100 0
1 1000 948 183 901 268 401 250 0 707 11 492 804 854 552 665 204 285 329 716 188 168 953 607 216 469 676 937 88 457 41 710 785 578 26 104 237 311 436 558 506 88 736 51 336 884 60 892 543 550 605 881 217 508 136 178 209 882 810 725 858 667 57 562 440 36 711 885 296 357 134 189 128 45 536 339 399 813 215 907 341 437 939 632 517 617 182 336 410 31 436 138 15 178 322 322 893 101 710 691 668 585 
2 1000 574 758 418 923 798 606 947 843 650 785 395 691 147 58 162 470 28 367 607 811 549 846 497 488 827 236 675 566 948 531 908 768 553 221 397 164 127 948 903 769 715 945 966 151 264 88 191 637 330 900 54 208 363 367 213 690 283 895 781 316 569 257 541 271 584 880 556 300 348 301 160 980 482 149 788 748 543 497 614 279 462 910 476 303 313 61 39 470 120 233 680 330 937 565 62 54 904 382 853 960 
3 1000 502 448 579 461 738 504 60 510 457 901 410 153 519 712 67 271 50 131 821 108 485 529 307 681 633 995 932 670 464 713 716 866 852 16 991 787 992 459 454 555 698 764 525 611 313 969 488 380 445 625 374 478 246 404 64 537 458 930 584 267 936 208 40 831 877 472 192 130 469 808 106 98 174 391 876 595 374 684 870 992 588 435 479 47 989 824 826 156 431 598 417 586 711 543 192 766 277 131 952 254 
4 1000 115 688 625 446 15 930 346 644 952 206 812 563 786 295 889 877 17 97 934 895 790 69 800 961 897 739 4 673 969 150 5 517 594 581 86 0 569 375 790 890 16 228 383 643 568 785 325 623 354 879 197 200 992 259 72 321 323 158 779 649 90 529 58 871 287 312 35 255 400 562 28 57 253 784 118 874 679 326 475 534 742 164 896 614 712 926 537 187 535 509 289 882 995 112 782 861 297 49 484 799 
5 1000 295 172 852 465 69 256 24 994 84 186 997 452 641 293 778 772 845 672 473 677 799 844 773 659 258 589 821 628 444 305 915 315 257 728 22 26 589 365 576 834 966 475 518 813 232 952 59 403 504 944 121 500 99 557 940 355 671 490 786 903 266 936 280 580 508 600 265 248 657 180 715 317 727 146 634 647 412 167 425 331 20 30 696 958 137 388 968 444 247 193 257 15 20 142 998 462 490 997 279 230 
6 1000 833 110 855 464 987 997 909 579 798 312 30 471 944 66 378 950 335 420 502 489 215 915 782 883 684 466 958 925 862 977 730 667 401 912 876 385 587 669 876 825 726 101 496 835 46 27 318 967 834 79 659 150 24 721 878 23 953 797 516 28 502 438 251 847 359 683 126 286 585 647 35 197 250 593 916 526 313 735 634 92 493 135 21 179 343 517 31 542 239 364 499 920 510 123 446 650 425 865 425 467 
7 1000 258 261 859 100 144 193 849 744 952 856 414 5 889 702 641 423 57 54 698 142 676 744 202 848 200 618 888 553 38 244 59 322 102 683 786 533 900 646 325 778 389 896 715 978 320 238 40 822 272 927 300 118 115 855 388 149 107 354 117 625 353 950 784 337 831 929 224 89 727 43 841 16 268 209 562 877 800 545 208 410 311 573 230 361 126 960 288 256 986 606 642 528 244 457 823 93 379 859 550 953 
8 1000 556 818 364 936 452 991 948 161 64 767 605 315 718 276 850 354 997 664 605 695 808 491 943 519 307 580 871 265 898 178 109 905 35 751 329 111 23 282 837 884 565 395 157 758 254 160 490 173 737 917 507 85 765 970 465 448 851 482 89 620 759 432 216 320 531 961 640 208 281 964 159 693 474 260 261 55 899 195 447 488 72 14 633 141 267 850 624 760 909 667 108 22 551 14 153 165 129 916 670 988 
9 1000 746 766 814 829 681 539 782 613 853 194 989 565 447 592 91 671 942 779 806 491 231 983 26 426 83 157 172 2 633 424 261 304 155 258 673 126 797 753 53 937 532 815 352 262 25 631 455 574 637 251 363 275 285 623 413 881 381 942 493 984 568 639 723 105 466 856 572 15 148 765 877 622 573 557 742 30 690 457 772 846 420 601 617 336 257 121 305 530 692 291 307 861 175 57 835 433 854 817 317 515 
10 1000 781 783 525 358 832 766 331 915 42 739 553 575 574 11 860 493 55 359 207 612 480 970 770 977 415 518 845 423 713 244 684 245 462 358 738 930 383 630 263 557 402 489 783 944 604 504 351 159 303 559 94 456 429 589 10 265 967 208 469 303 657 83 418 412 675 387 723 215 518 180 647 188 808 63 910 230 232 949 317 341 344 289 410 487 440 602 121 258 229 654 892 398 516 124 229 821 622 108 159 185 
11 1000 749 293 564 635 18 161 856 801 399 57 956 639 241 459 65 224 635 306 169 78 319 728 770 124 343 1 800 869 226 103 191 904 805 687 63 320 508 828 8 122 264 384 435 247 774 324 441 279 353 844 186 444 71 645 223 991 405 190 782 546 127 300 436 532 637 927 161 257 474 449 224 749 208 329 886 953 444 482 387 356 153 200 173 666 41 966 845 604 191 13 792 438 683 968 975 322 411 419 843 53 
12 1000 829 757 829 335 826 134 414 138 469 876 221 257 811 203 102 649 501 592 695 661 408 634 418 724 973 721 363 620 515 413 66 911 205 826 619 623 936 886 91 779 786 791 730 874 323 525 911 893 444 772 303 953 982 63 218 174 794 518 619 865 552 5 751 626 955 76 856 453 571 517 957 443 51 857 169 194 905 684 509 490 581 94 665 366 56 151 715 156 660 660 235 593 348 133 793 588 148 268 273 757 
13 1000 987 799 22 294 640 48 264 298 989 38 772 125 340 495 250 880 993 594 404 628 806 792 169 430 946 578 51 780 572 509 71 560 655 351 264 89 644 680 206 361 227 793 545 80 869 251 991 566 376 933 748 145 185 902 848 98 605 966 355 778 737 249 919 984 266 634 630 177 878 415 658 651 491 995 643 227 37 985 294 593 5 550 178 854 468 325 169 412 808 767 505 754 867 281 957 241 730 955 36 504 
14 1000 871 257 751 530 869 535 849 35 428 663 30 220 899 674 94 495 46 736 496 282 252 294 268 472 908 743 790 639 176 462 367 606 873 555 84 454 671 150 915 565 347 592 542 801 297 374 865 403 27 155 663 710 856 704 379 290 523 116 495 578 951 147 475 615 854 0 724 972 423 418 560 471 818 428 640 785 654 567 829 507 241 947 974 792 755 997 543 159 96 225 617 555 622 849 183 257 499 628 210 727 
15 1000 872 761 474 3 581 166 602 714 648 10 292 329 233 820 198 718 306 19 435 626 728 240 170 157 974 246 282 851 216 820 546 458 981 446 316 3 98 147 177 223 171 306 529 985 269 824 577 773 82 457 696 831 238 671 634 67 9 864 530 309 129 298 206 994 934 583 711 907 549 55 581 41 337 900 784 185 332 355 818 334 876 844 937 505 166 376 962 61 951 70 657 138 82 130 135 260 134 125 256 746 
16 1000 831 919 500 991 477 83 269 232 127 153 99 873 699 554 738 976 769 554 573 9 241 76 360 439 636 727 744 275 201 871 514 142 561 110 87 989 143 988 167 23 74 300 67 954 782 809 649 165 23 749 354 874 538 937 303 906 73 842 912 150 974 462 19 314 75 344 966 48 104 593 627 49 313 222 837 237 573 670 185 586 623 849 665 714 721 553 122 826 393 576 991 92 513 383 271 74 428 680 227 270 
17 1000 347 718 769 395 705 689 992 475 741 45 834 347 984 84 330 680 888 666 420 81 313 369 798 400 93 962 743 825 393 521 431 853 79 28 679 740 826 817 584 513 171 684 50 150 238 30 644 17 355 863 769 146 272 7 619 466 212 373 872 567 461 614 608 91 726 32 414 356 974 62 136 292 969 182 257 291 236 606 370 63 656 575 710 91 425 621 211 779 583 631 66 892 844 50 255 367 933 82 0 108 
18 1000 164 226 637 846 459 978 846 660 548 73 741 251 546 75 752 578 647 684 797 919 140 597 704 986 470 263 338 161 562 375 430 457 129 454 545 303 184 353 180 738 463 39 458 107 997 482 373 864 532 13 72 561 36 975 129 631 988 31 294 46 694 949 667 455 324 235 788 884 905 433 588 604 989 452 691 251 199 757 21 799 392 768 196 472 640 312 656 198 766 476 25 689 632 689 643 751 919 403 763 904 
19 1000 602 188 368 928 852 607 76 396 564 706 111 827 257 454 800 516 543 0 569 657 888 63 905 851 893 322 256 584 804 133 334 773 475 430 788 974 496 142 723 350 718 977 28 987 878 920 984 647 552 273 118 567 159 602 775 385 216 418 377 790 590 946 836 992 941 817 84 600 87 36 207 14 511 65 126 910 723 358 316 916 696 211 525 85 102 246 946 240 557 393 844 798 604 705 70 158 636 849 461 259 
20 1000 506 616 572 383 8 305 725 820 979 304 833 465 219 736 978 959 959 491 196 458 93 505 461 629 892 620 308 962 416 871 92 996 354 550 332 546 494 877 117 538 553 637 40 532 587 615 635 531 691 179 774 173 217 857 5 899 220 240 290 188 355 71 120 450 953 850 470 684 472 807 561 476 69 581 912 448 482 457 624 738 978 494 396 615 543 394 219 819 71 462 225 712 745 481 656 855 340 873 435 74 
21 1000 666 962 286 640 870 703 891 637 808 717 39 110 217 963 247 108 903 906 817 191 650 524 789 507 98 978 779 37 273 319 148 85 16 53 489 632 19 914 890 617 684 692 945 770 526 458 982 67 345 28 479 413 878 9 130 638 145 279 539 417 228 231 997 183 682 636 336 644 297 468 289 0 450 523 375 436 740 196 723 4 142 235 856 475 394 844 863 264 833 949 952 10 401 996 840 923 43 111 960 466 
22 1000 204 964 938 493 665 196 330 420 413 735 61 523 779 850 566 963 558 299 70 636 331 395 4 424 706 347 2 957 696 719 465 477 958 344 155 895 106 540 781 627 819 978 58 321 964 37 197 55 448 988 306 103 26 866 651 860 774 357 278 29 457 548 924 655 496 893 727 99 768 226 667 554 950 173 241 190 623 804 306 523 861 868 590 103 522 459 817 114 958 446 931 980 362 529 377 568 474 242 908 92 
23 1000 867 772 897 295 517 909 610 17 899 4 418 734 311 242 412 172 644 111 392 576 327 377 694 739 663 435 833 378 268 365 424 955 835 537 346 537 948 122 630 779 157 332 26 646 34 754 733 936 434 603 239 229 670 254 767 335 834 884 272 843 970 577 468 863 324 726 861 558 392 89 236 551 977 330 594 813 982 394 978 117 154 562 187 650 495 529 821 887 566 338 639 313 394 540 702 84 207 385 255 233 
24 1000 717 432 834 498 160 380 552 383 826 494 45 530 283 458 35 9 28 994 993 608 768 103 851 731 69 258 255 980 571 407 311 29 507 117 295 882 725 709 301 97 957 731 298 85 522 603 551 70 214 788 890 806 569 327 791 636 245 81 728 6 726 527 782 8 67 453 961 57 911 389 209 289 484 124 571 783 787 154 469 193 716 391 590 882 317 4 315 159 892 699 189 713 198 322 387 825 420 93 642 470 
25 1000 175 334 615 887 235 39 166 722 215 112 496 329 919 629 636 330 577 969 243 26 697 150 175 743 734 217 816 728 309 33 618 663 191 303 825 414 757 183 855 91 162 322 304 22 922 670 41 740 135 905 366 555 65 812 690 834 298 477 727 560 194 615 637 273 854 898 114 987 314 607 878 174 201 472 537 414 546 27 289 794 994 334 443 660 121 409 210 817 73 212 746 758 254 523 914 27 277 565 725 313 
26 1000 892 706 944 350 125 93 804 237 329 556 330 267 377 624 204 847 708 8 678 616 461 376 470 350 388 785 135 750 792 595 872 698 193 220 229 89 946 562 687 818 530 456 583 31 724 988 345 216 390 20 505 249 84 768 461 962 213 773 455 358 950 120 736 38 638 232 381 956 894 99 733 77 125 272 937 47 697 481 531 462 446 200 572 828 781 27 253 810 63 202 495 860 519 117 466 825 368 167 513 612 
27 1000 417 765 460 530 808 891 749 375 172 2 398 873 878 646 229 560 610 640 349 706 995 131 348 363 488 409 183 142 243 797 211 807 183 469 354 283 993 544 846 164 249 293 549 329 402 800 293 744 848 935 217 55 780 964 574 63 64 660 973 669 839 234 526 390 80 961 869 40 814 807 521 661 242 942 555 307 457 448 52 772 992 84 299 856 911 448 202 252 671 377 893 677 454 938 980 299 211 835 430 95 
28 1000 121 597 538 202 688 379 957 875 199 720 261 133 755 105 0 700 599 672 730 317 955 915 968 33 103 709 563 569 902 530 429 338 484 177 130 221 339 878 266 696 501 89 144 407 71 857 699 776 773 73 123 735 779 467 192 196 521 693 733 328 695 327 227 253 193 154 997 245 168 557 959 27 959 373 395 269 93 44 740 862 81 426 819 80 223 76 527 220 159 378 417 797 351 353 153 916 254 477 310 892 
29 1000 366 378 482 718 883 731 175 486 191 214 439 332 890 855 720 20 590 623 906 752 190 598 13 291 850 577 506 998 395 441 705 876 343 146 253 214 306 669 116 921 954 758 77 153 285 825 199 313 397 836 228 33 504 529 385 219 392 812 554 763 59 682 291 5 728 510 655 551 976 35 315 531 192 911 906 888 72 145 99 816 384 287 361 898 710 691 867 84 395 715 533 69 412 181 644 180 367 963 43 363 
30 1000 362 22 343 363 931 752 147 692 774 968 729 475 506 389 145 775 136 949 261 482 494 787 647 369 335 265 808 396 329 842 736 873 652 165 234 562 416 203 990 312 632 791 868 332 940 403 384 686 829 509 839 104 545 372 70 707 430 601 297 741 896 328 28 902 752 343 496 364 114 32 592 91 606 455 764 523 79 429 855 247 553 924 341 732 621 659 945 724 17 202 92 397 573 444 176 861 285 781 102 102 
31 1000 706 847 79 966 378 145 134 277 537 414 301 669 794 89 974 246 17 679 382 652 135 424 646 642 83 58 410 758 597 45 495 198 95 104 548 467 344 387 163 917 146 148 434 754 754 243 418 617 243 309 461 319 541 966 876 845 366 882 926 193 749 46 588 171 402 99 63 717 622 54 505 860 956 264 937 900 355 968 818 909 29 267 231 145 712 874 173 468 582 472 891 360 521 40 761 634 967 974 655 435 
32 1000 47 361 283 617 236 239 459 97 237 191 788 282 324 118 710 144 843 534 392 71 110 226 438 47 415 623 863 292 347 714 328 931 174 869 88 790 474 396 620 931 759 183 414 988 296 267 882 925 847 677 861 303 548 388 671 635 647 739 212 945 321 148 52 110 276 479 981 80 377 898 6 580 999 557 246 373 332 966 704 690 357 379 373 910 711 45 662 100 157 673 596 486 883 948 765 471 345 439 490 277 
33 1000 871 753 174 816 754 271 308 879 37 309 99 233 725 57 192 731 634 125 452 11 598 55 270 903 248 631 377 107 91 339 615 266 101 815 650 5 539 627 87 39 234 235 958 946 20 475 50 697 572 405 49 531 348 859 958 275 851 557 762 704 945 114 820 28 428 780 927 107 589 270 544 480 967 525 144 810 32 739 149 835 997 501 434 416 498 400 853 777 342 930 768 542 54 42 42 635 435 186 468 675 
34 1000 855 188 106 924 497 805 486 402 267 299 157 265 599 876 552 16 861 342 618 679 593 798 208 494 285 744 684 254 922 418 705 857 10 716 669 186 304 545 782 894 953 947 214 200 288 835 319 276 968 687 382 341 693 51 865 29 224 186 620 145 909 703 37 393 444 528 597 175 87 58 800 50 33 823 926 948 194 526 621 734 69 784 746 221 951 425 491 208 175 678 190 662 633 112 833 618 267 646 726 894 
35 1000 763 500 276 227 173 407 370 909 664 944 309 521 132 327 777 866 893 498 806 685 162 872 205 254 552 560 431 460 305 434 356 439 471 873 915 379 755 523 90 580 264 924 206 363 845 349 12 921 266 694 500 709 926 766 945 462 341 805 138 443 107 599 260 1 563 21 390 49 880 341 99 547 778 147 104 578 614 231 458 123 34 279 230 123 928 699 157 923 894 449 228 681 936 192 678 863 615 633 345 379 
36 1000 367 374 879 495 211 137 760 79 563 697 587 302 381 363 623 364 349 357 57 364 325 940 946 885 778 610 317 402 420 239 388 100 757 476 383 198 784 263 905 374 536 814 344 383 709 899 275 460 84 767 331 609 964 565 504 358 335 590 357 92 988 217 102 541 306 849 28 527 940 735 234 562 95 992 139 384 638 685 750 37 753 301 133 575 363 460 83 997 29 217 442 496 550 785 34 621 991 36 705 445 
37 1000 338 609 414 337 521 986 855 418 7 363 580 311 690 675 85 273 292 601 835 293 0 916 688 273 555 7 701 854 506 924 769 10 856 785 78 988 814 894 840 690 877 418 268 94 950 948 280 805 737 810 876 332 107 457 678 177 671 790 590 350 266 745 47 373 592 5 831 396 693 160 912 500 523 179 284 791 306 523 278 372 905 750 296 790 929 955 466 54 784 883 155 810 404 73 834 779 862 855 245 36 
38 1000 594 567 358 241 441 817 68 400 250 147 106 264 224 931 150 941 761 867 572 843 999 883 821 530 770 828 892 566 202 768 859 977 673 247 934 400 347 350 26 515 993 910 265 866 335 706 465 651 619 995 987 580 640 227 979 398 934 271 454 166 364 15 184 882 807 672 864 558 172 638 536 321 464 247 719 659 103 269 232 379 238 485 168 390 250 197 990 899 186 9 222 106 321 717 698 9 587 660 842 389 
39 1000 70 384 944 598 311 937 905 214 610 661 417 178 70 824 44 497 591 919 185 109 533 993 364 7 265 833 848 206 326 372 28 662 412 137 563 721 902 100 726 200 156 765 948 697 287 846 11 215 643 363 861 699 701 514 520 580 604 170 49 919 55 312 54 239 786 287 676 656 322 202 555 376 259 310 728 175 779 728 934 953 605 340 287 933 136 212 795 634 969 376 687 184 525 328 20 76 2 69 536 966 
40 1000 375 53 234 596 659 864 624 448 155 990 146 213 893 510 698 669 1 67 767 70 206 945 114 634 203 613 492 222 85 563 362 804 584 806 72 809 312 845 475 945 744 495 451 593 146 371 300 359 178 404 480 882 382 214 652 494 276 703 509 821 283 691 344 920 193 957 850 56 394 509 87 686 592 451 118 782 218 270 265 49 270 892 447 160 781 362 593 584 652 477 575 109 60 220 640 657 160 347 814 472 
41 1000 298 960 234 289 463 411 889 564 183 393 736 379 596 543 650 86 906 414 196 315 953 158 665 417 99 759 377 950 166 161 682 288 639 143 661 962 843 269 972 818 334 774 824 581 194 714 542 935 482 238 688 694 525 315 223 171 302 762 649 330 609 926 639 826 247 848 81 511 935 264 45 514 182 287 610 482 824 104 40 78 448 546 268 323 429 857 159 888 790 527 522 921 606 515 338 503 173 709 175 330 
42 1000 659 979 253 717 458 652 140 504 960 758 533 979 964 892 100 394 446 39 855 180 903 196 28 439 993 142 903 829 687 203 592 413 657 341 212 587 110 433 434 659 798 62 880 194 410 676 320 697 76 460 160 754 199 753 169 197 323 368 925 408 276 651 953 343 287 619 5 376 306 36 477 558 252 748 405 374 382 142 31 611 538 62 392 408 455 27 915 99 871 95 464 939 648 218 844 298 627 429 185 431 
43 1000 434 712 223 401 954 890 903 266 697 375 304 113 769 131 339 36 667 692 205 644 628 571 50 213 727 912 822 52 474 727 774 192 97 556 597 984 255 909 638 707 389 306 180 773 424 296 254 625 50 262 948 924 305 385 680 116 659 586 412 970 343 814 261 192 120 506 491 696 227 565 342 629 713 709 670 751 878 530 864 256 36 99 20 627 330 472 821 627 806 936 108 11 469 338 604 60 545 344 766 521 
44 1000 657 965 216 59 141 203 751 806 226 152 361 104 279 406 267 31 854 110 408 819 750 501 372 730 804 285 232 517 635 695 251 36 53 559 930 117 364 248 369 288 279 822 407 436 648 232 503 12 741 921 845 859 291 665 637 273 20 990 41 378 869 29 745 411 641 141 621 16 291 151 442 140 568 543 132 615 234 466 510 35 579 871 5 6 449 656 302 381 508 129 395 552 946 660 16 410 367 848 898 64 
45 1000 52 60 854 901 344 666 137 97 345 844 41 163 672 269 230 617 462 544 736 390 376 721 129 42 785 743 800 393 894 162 836 662 994 968 457 702 574 882 488 431 508 946 817 50 42 767 329 138 787 244 276 227 452 131 545 943 521 281 801 310 605 907 979 304 683 713 74 268 945 226 723 261 468 194 525 946 431 364 582 111 99 515 230 415 283 67 414 448 509 117 693 707 601 253 341 579 904 973 496 919 
46 1000 865 79 848 323 191 853 824 692 301 398 737 172 292 960 872 69 134 581 975 838 324 941 119 724 702 710 405 171 660 275 482 567 457 164 337 449 859 35 341 726 831 556 10 50 480 23 446 900 990 66 939 492 759 282 689 94 448 137 122 853 175 985 760 719 565 547 132 562 876 693 672 77 919 864 87 568 994 995 165 211 554 263 482 882 825 518 984 144 95 732 910 498 888 315 28 476 751 641 647 682 
47 1000 861 625 380 368 182 695 121 642 385 10 211 900 246 255 251 573 752 868 551 795 620 40 658 68 461 321 950 531 297 199 761 920 654 471 999 818 955 764 736 284 422 44 732 456 207 467 360 222 989 395 909 560 718 947 724 620 772 902 163 172 202 320 824 482 314 718 29 238 294 130 23 598 93 919 849 965 298 670 394 584 203 7 543 548 803 686 934 307 917 800 268 281 184 447 654 668 118 694 943 33 
48 1000 971 197 541 781 605 300 648 105 94 978 404 505 282 453 908 461 7 830 582 372 215 603 839 333 681 364 537 871 561 572 178 201 478 711 322 125 383 695 187 149 894 849 913 925 331 328 428 595 182 299 431 154 198 740 415 398 849 201 230 578 358 367 143 335 26 763 861 15 72 456 491 962 711 84 909 877 673 72 495 839 898 355 714 85 621 486 507 137 563 433 957 370 443 941 215 622 544 788 126 932 
49 1000 535 779 553 5 282 829 852 489 851 964 470 676 443 605 132 693 457 960 592 809 416 876 411 921 968 996 739 841 681 563 551 448 854 705 335 330 58 573 670 984 627 132 684 183 826 998 854 596 896 122 117 262 720 691 754 1 303 81 29 366 803 210 42 230 329 117 770 585 210 147 758 676 981 545 433 30 772 828 519 509 349 778 499 942 507 382 616 469 38 588 368 165 997 194 971 37 479 742 758 11 
50 1000 631 730 981 973 112 15 987 483 726 733 234 238 443 577 122 885 525 798 97 284 981 750 8 799 66 326 179 725 42 151 167 442 927 841 674 379 437 201 581 399 853 693 575 684 27 12 339 724 245 132 765 494 160 647 169 423 534 758 976 242 976 759 835 308 429 344 638 491 594 603 419 231 35 33 587 844 167 420 472 684 852 919 656 242 820 201 41 785 642 987 143 629 456 824 568 630 181 446 146 998 
