FILE: D91.01
30 80 0
1 9000 138 984 418 25 338 672 928 179 593 64 706 274 413 460 744 526 48 51 536 253 721 820 164 988 528 606 907 437 87 569 207 241 545 749 358 20 18 963 733 672 78 736 919 375 366 506 584 288 929 801 433 397 377 629 92 489 453 777 258 718 105 256 969 724 663 597 335 795 206 231 565 13 713 659 646 877 104 632 508 354 
2 9000 747 74 31 843 539 948 715 0 140 792 390 917 479 146 777 607 93 589 260 261 419 597 721 267 620 947 758 434 43 889 151 407 900 793 910 737 270 508 753 568 10 126 349 425 673 399 186 55 28 507 388 799 270 400 344 467 518 438 472 169 693 545 989 97 377 598 999 694 730 256 768 212 76 974 521 98 244 394 596 203 
3 9000 257 851 318 259 465 198 417 614 717 685 347 674 660 90 344 42 765 848 567 799 172 361 169 917 948 251 637 263 843 728 249 154 160 839 990 959 803 769 770 679 124 961 286 9 640 230 380 830 240 620 228 603 942 210 205 639 826 588 772 713 216 218 233 981 714 407 692 685 178 109 75 600 235 260 535 703 427 890 106 17 
4 9000 577 712 941 127 481 406 971 301 507 337 346 712 200 897 477 723 487 213 53 693 576 431 849 287 146 290 685 753 904 215 374 129 139 638 6 862 322 776 406 794 380 569 119 993 728 20 756 391 642 632 46 707 79 170 453 616 540 483 671 627 53 567 881 660 888 634 69 767 92 360 291 982 428 72 200 756 827 60 687 962 
5 9000 936 755 989 922 861 978 88 432 699 985 771 259 944 529 165 71 377 651 118 269 515 421 252 692 229 353 37 671 616 707 733 384 718 396 541 997 190 725 804 549 496 664 606 54 746 901 611 796 753 362 488 263 403 439 759 724 952 639 424 877 308 871 199 573 934 87 709 65 428 500 492 750 399 106 142 885 719 702 446 232 
6 9000 756 156 853 116 668 112 124 845 362 875 499 980 212 681 233 413 121 75 840 724 32 614 887 787 468 615 689 92 216 171 741 751 722 144 235 661 310 359 505 791 818 725 743 57 728 485 830 757 411 331 626 43 550 591 567 381 360 214 899 487 687 764 411 688 579 152 998 200 427 316 903 268 270 571 981 652 351 848 824 427 
7 9000 529 541 104 558 626 179 956 221 323 645 769 348 673 156 214 352 849 728 848 505 209 338 161 947 266 515 381 778 670 556 898 214 793 111 653 275 997 342 319 964 198 369 640 423 808 242 752 16 649 136 838 816 940 0 969 473 944 377 456 919 367 612 575 878 118 167 996 668 494 263 767 238 424 565 197 929 823 136 472 924 
8 9000 688 362 363 840 997 93 858 456 37 695 63 24 219 238 223 147 9 551 200 681 42 344 254 637 29 132 466 552 541 168 663 290 269 107 163 757 852 630 204 476 872 727 401 514 94 876 54 718 567 825 677 725 658 207 576 727 638 687 821 444 878 889 460 295 289 794 319 212 71 841 227 81 371 450 14 277 958 186 123 257 
9 9000 485 272 181 682 456 690 377 39 467 564 976 229 844 69 838 88 240 563 258 319 311 174 989 788 47 558 789 670 866 45 329 397 53 890 811 899 639 852 140 76 329 819 991 998 545 696 620 790 207 273 750 664 326 297 397 85 8 466 958 518 971 553 415 744 150 398 8 197 509 971 194 308 628 225 270 312 178 976 470 486 
10 9000 867 501 911 298 962 97 203 425 957 305 95 118 517 24 968 867 254 234 558 860 459 541 713 175 363 273 558 200 34 335 897 235 494 545 196 742 159 680 1 233 189 928 119 231 842 995 419 309 432 553 592 645 975 279 712 84 127 175 947 160 499 417 252 60 952 420 408 987 952 368 229 900 593 904 293 91 380 217 41 579 
11 9000 348 230 582 777 639 116 52 412 105 860 870 158 53 86 732 956 702 860 693 492 467 705 169 788 654 522 223 398 656 665 952 155 258 859 345 948 124 205 436 505 79 976 106 629 269 422 378 886 797 318 538 183 927 452 947 226 446 790 859 322 290 528 114 484 13 751 43 321 200 918 412 676 421 890 777 478 813 728 71 780 
12 9000 885 966 778 457 646 590 532 513 642 434 494 501 996 218 333 981 56 939 180 525 728 843 372 209 99 687 348 77 445 521 540 540 206 693 587 179 34 317 738 917 505 899 766 43 581 362 258 33 426 171 605 661 664 789 550 355 675 173 629 268 20 540 356 33 595 109 488 682 593 51 221 674 895 348 656 523 946 808 381 990 
13 9000 754 916 510 296 57 783 26 335 303 870 773 361 487 742 933 98 480 543 343 770 920 428 482 987 261 665 489 986 87 622 39 177 265 362 430 467 52 70 721 338 732 20 276 135 886 302 530 541 884 40 360 714 705 305 866 32 652 451 935 946 91 89 413 883 779 414 245 680 885 117 403 522 305 584 979 838 353 614 250 138 
14 9000 423 365 91 253 731 754 561 950 705 26 4 384 141 713 527 367 708 697 178 910 887 605 682 14 959 242 66 187 118 293 37 631 307 4 432 596 877 69 599 852 653 428 54 752 514 216 249 859 59 555 798 598 482 437 10 909 222 391 66 366 503 168 683 733 338 159 620 421 113 761 855 818 325 416 784 970 578 539 290 556 
15 9000 432 49 14 658 188 733 687 272 220 148 850 31 925 292 821 127 914 751 240 873 506 560 50 897 140 465 239 425 799 842 205 622 22 962 81 470 619 835 853 134 668 350 634 303 895 932 927 462 27 422 217 569 213 415 746 107 113 771 805 975 732 505 395 193 616 792 598 883 479 298 493 499 880 551 977 775 18 578 323 357 
16 9000 260 529 822 591 488 494 350 432 852 247 213 945 30 123 102 372 595 759 507 215 569 902 437 336 759 23 783 506 990 936 175 400 793 152 669 493 678 184 113 828 558 526 540 132 436 514 412 230 936 799 93 254 780 641 356 585 805 760 297 26 603 932 489 147 397 86 715 294 221 89 130 219 29 960 203 797 791 713 257 809 
17 9000 207 568 987 254 102 731 768 154 110 470 112 332 744 709 119 123 438 847 262 487 653 34 339 497 652 618 964 673 26 972 409 118 571 442 161 940 613 604 31 919 360 585 160 891 391 631 761 823 877 669 955 28 601 61 522 523 411 289 931 962 166 765 488 136 785 513 934 506 490 913 352 726 835 252 720 639 618 280 955 708 
18 9000 266 505 784 346 786 432 304 127 884 480 553 332 333 783 955 809 199 594 965 613 0 528 775 389 410 338 414 979 591 456 83 210 753 26 81 337 24 627 155 107 240 419 623 922 740 935 114 53 757 216 259 391 505 540 194 690 551 428 208 784 571 179 374 730 79 624 522 365 223 345 388 231 244 50 280 340 694 350 116 753 
19 9000 997 629 165 441 461 256 344 383 320 828 411 396 912 686 898 636 578 407 128 266 386 503 160 235 254 37 4 661 596 376 953 762 51 801 375 830 418 204 802 187 372 561 675 624 61 434 570 266 180 203 263 340 610 239 473 824 223 763 621 430 941 578 463 902 643 420 924 95 19 129 992 791 956 367 998 749 561 99 149 926 
20 9000 405 558 635 359 84 907 170 670 695 328 298 660 318 742 324 964 93 891 194 241 0 996 180 854 914 709 720 518 48 576 237 892 371 739 295 564 93 82 939 418 811 554 549 834 408 872 62 707 315 340 906 744 194 989 476 1 683 765 526 147 250 976 280 407 787 728 638 663 15 556 313 677 302 978 230 902 990 189 45 860 
21 9000 813 609 127 546 524 509 835 829 292 434 444 322 990 633 568 684 956 230 404 834 320 340 668 27 498 858 540 284 931 135 484 119 689 261 270 59 9 178 53 902 365 332 845 196 185 96 234 904 776 665 675 722 575 665 222 18 317 171 23 869 196 370 434 151 638 577 88 164 760 834 772 752 121 796 446 393 846 135 256 218 
22 9000 737 175 877 443 437 980 39 166 274 612 568 14 841 772 795 589 946 557 680 210 984 537 477 882 370 880 304 4 77 738 454 745 924 617 782 581 660 953 27 958 478 594 404 544 20 439 310 38 495 919 488 14 981 563 497 762 517 356 825 590 76 111 494 571 16 571 502 187 91 469 935 848 630 251 107 755 975 687 565 69 
23 9000 760 101 298 865 142 409 4 831 560 718 753 179 135 680 884 754 285 332 496 784 668 635 359 260 26 432 596 409 46 52 991 223 812 258 239 518 956 788 16 496 94 175 180 270 639 90 977 319 598 917 566 361 427 774 736 586 556 709 133 740 665 285 861 9 312 266 786 196 4 635 392 136 303 657 541 828 67 203 968 259 
24 9000 412 58 856 377 494 428 348 188 702 371 324 447 358 361 295 906 517 717 754 594 959 101 835 95 968 812 613 289 993 102 897 537 783 210 855 759 92 361 322 395 541 424 120 701 745 470 253 361 278 925 305 873 591 557 894 687 462 8 518 558 82 86 647 85 357 543 397 904 535 550 626 505 745 596 813 140 540 22 541 789 
25 9000 38 919 944 663 760 592 960 195 754 329 722 6 97 676 947 802 375 949 658 677 233 197 75 787 578 331 42 871 550 646 808 575 836 450 519 64 424 16 268 872 404 581 33 476 890 608 367 558 673 36 157 411 687 717 324 476 897 792 788 470 676 189 547 73 302 987 222 644 632 855 896 937 568 286 606 278 410 841 322 191 
26 9000 678 132 760 909 496 749 875 777 154 864 375 982 913 718 95 604 663 716 589 441 526 355 768 579 993 687 937 191 699 549 70 506 412 283 673 442 348 146 72 863 396 146 472 920 350 516 631 460 738 544 499 958 344 981 650 958 24 743 866 463 892 127 714 278 492 256 449 751 28 984 104 878 262 960 92 267 169 89 181 898 
27 9000 939 95 177 172 417 416 152 198 595 136 578 809 219 187 200 253 128 534 983 43 413 554 2 931 984 343 590 473 647 158 613 149 272 713 189 525 170 562 727 397 238 262 601 417 2 562 317 142 122 320 513 996 475 368 642 103 390 54 668 457 152 664 637 409 339 460 445 928 120 540 674 618 75 239 807 939 658 302 699 626 
28 9000 872 536 623 758 279 157 743 443 901 568 368 610 149 768 809 843 333 118 202 764 880 689 133 894 825 902 411 498 697 677 824 357 370 822 238 942 983 869 869 968 530 81 78 786 195 847 529 587 43 185 56 880 155 568 91 226 798 806 973 686 725 174 12 952 199 537 630 632 842 672 428 663 886 507 530 314 941 501 39 743 
29 9000 849 880 951 595 746 955 375 586 900 224 395 564 438 500 428 0 538 759 411 381 200 953 668 484 171 478 797 986 132 544 426 384 727 141 172 695 545 844 658 912 630 148 925 660 629 581 81 56 160 286 541 210 499 317 686 355 181 346 300 68 607 11 621 550 246 624 349 438 539 450 457 112 79 289 153 972 183 561 824 646 
30 9000 430 631 320 609 272 587 419 167 304 180 800 290 297 157 397 251 570 703 454 546 810 208 132 64 935 76 13 967 80 802 351 265 308 30 394 537 146 807 649 782 525 769 403 853 230 453 373 464 454 472 806 213 531 768 886 612 477 657 784 579 392 888 203 373 348 435 752 421 844 238 2 29 419 622 559 429 526 591 10 138 
