FILE: 1023UnifS.txt
100 100 0 
1 3000 9627 8853 4085 1092 4226 3515 9318 1373 353 2527 9895 2336 3069 7115 2660 365 3791 8521 6151 5405 4246 7128 8624 1648 3569 9703 9208 6341 8516 4768 2181 6719 6801 6097 4375 5065 3565 4339 5697 1890 962 6762 2790 7247 876 5121 5804 161 762 1663 8299 6187 2607 3237 277 3097 5024 3550 4327 4686 8464 3531 4908 2705 3557 9831 752 6921 2577 1443 384 3302 4031 4447 784 322 375 4883 9157 3398 8852 9747 7839 7446 5460 6109 2322 7566 2039 8363 2410 7851 6485 3596 6492 8318 6095 5085 8948 9972 
2 3000 4025 3918 674 7983 8886 8738 2734 2998 7454 3618 3139 575 513 4053 6751 8742 1820 1085 8305 3677 191 3545 8565 3521 4720 8429 3603 308 3117 9388 7197 28 3174 3355 6361 805 7353 5288 9997 9209 503 1040 671 4690 696 8360 9519 2135 3199 6007 4270 2553 7555 1001 400 1882 7805 3996 5411 7922 5824 2769 6231 5399 7787 3847 9741 9141 3759 2252 6430 5391 410 9369 7173 1240 6853 8947 3126 2187 3612 1217 8763 7818 4709 5136 8022 5619 2881 8765 3586 2909 7917 7758 9281 6896 8128 1986 5608 2865 
3 3000 4929 284 8392 480 563 3320 563 8225 8933 4594 7053 5957 9571 9556 2828 5594 4728 2854 4039 9918 9585 3702 2297 9516 5598 9383 2080 7830 6960 6862 1257 4349 191 2538 4740 5911 6852 110 1263 6141 9389 6580 3283 3007 92 6368 10 4505 3188 3558 3557 2465 56 2275 8215 4491 7567 5175 2862 4011 9547 69 6484 8467 1369 4668 6830 5620 7666 9457 2191 7987 3172 8685 6299 5397 6687 9492 6355 5673 8165 9154 4184 3446 8933 449 509 7083 5026 5162 2357 3749 3653 5697 3582 2591 2790 4830 8521 6043 
4 3000 3892 3576 8769 9262 7732 7187 3082 7687 3369 9272 406 2722 237 4045 6028 5544 3355 6692 850 9039 1675 1874 3799 7856 9541 339 7348 6595 1280 3677 6170 6114 8919 7185 8915 7962 3021 866 3116 6937 6654 8549 3210 1774 2478 5136 1695 3947 2960 1971 3407 4608 3717 339 2920 9641 9976 3086 5076 2852 6166 4363 8634 7270 8637 7500 3051 4586 1491 1001 8383 2710 5554 2665 8311 1454 465 1831 6295 6340 9887 9752 4851 537 9852 8089 7953 4916 220 5530 6560 6235 9274 2543 7270 3446 1433 4238 4095 2133 
5 3000 8091 1371 3364 7064 1583 9461 1753 2883 2275 6034 7433 2908 8775 6002 4351 6075 1281 5150 9630 1991 8037 1764 4097 4116 4929 6371 5937 1077 8197 9617 7468 6099 274 8257 5044 4561 8755 9279 2082 9684 8482 2151 5218 6337 6762 9188 3577 2970 1706 4054 1182 1675 3692 8378 2480 6369 9959 6502 991 9100 2317 8352 1089 4484 7991 436 2903 2262 3584 4962 343 7982 2165 7084 2256 1812 3488 277 6699 5469 7327 9829 8344 7281 9948 4464 9005 5367 3688 6089 1290 8949 9682 7661 5379 7785 3693 9189 8925 9725 
6 3000 5082 1850 81 6399 8898 239 3655 7019 1089 2735 387 322 6847 4 9346 4618 2067 1615 3466 5983 7944 787 8192 4561 8680 7260 3258 9001 2330 8295 7591 9014 4764 7787 7340 6057 6758 3519 7023 2144 4206 2530 3810 6775 1465 4610 4922 1997 7816 3922 8159 5590 7052 8750 5553 2370 201 9367 144 3628 1355 4032 5885 4686 6644 3112 665 581 6321 1329 2467 9872 9977 8127 8640 6577 4884 6174 8305 229 7455 7977 7879 4061 7839 633 9732 1313 7632 8698 3959 9667 718 5181 3288 3805 7235 669 1102 6092 
7 3000 663 573 2595 5388 8041 495 9046 3976 3304 9727 5225 2624 3751 2872 9920 3769 9631 9590 9585 2824 6863 2469 5123 7613 2871 3020 1784 5929 5551 5800 2196 1215 5361 656 2513 6379 536 3099 1697 5720 5427 2797 3916 4992 1965 198 4077 9587 4254 1275 6470 840 6282 398 6554 466 2764 1329 5854 3119 3105 6345 9990 7072 8491 3482 9829 3029 2101 1907 5763 1057 2453 5415 5111 5645 9862 4048 2645 8888 6034 3843 4245 1796 6778 4701 3674 3724 7849 6387 2481 9937 3911 2647 3031 7286 628 3455 4651 8024 
8 3000 9875 5385 2916 1735 8085 109 2041 5392 7706 1013 419 1546 1797 7947 9266 4627 1739 96 4401 5384 8077 6974 1148 3441 4483 7547 2363 7980 4849 7479 9587 6550 3496 4500 7323 2002 8522 1908 440 7545 8260 184 4695 9933 870 6742 392 769 7055 3798 9156 5945 5899 4368 3836 3194 3835 6388 1530 7778 6730 4959 9743 6293 5104 2720 5656 8606 2467 8343 8538 7913 6788 3155 5266 8922 5078 5883 8980 4158 1113 5526 860 8405 6267 2350 5029 1256 3480 7011 6579 7802 4347 7799 2726 7437 9335 6009 7085 796 
9 3000 1120 9441 7070 4808 1053 4015 4428 5886 8749 3523 8887 1229 4803 7495 4931 8261 6631 7198 1708 2187 7431 9758 6054 1675 8277 403 8646 2669 3331 2837 3278 318 8183 7733 9267 9040 1319 9359 6976 699 8707 317 6470 918 1513 4422 9289 3513 6943 7691 3356 3047 2203 7470 999 5520 1596 9676 107 7173 6728 4168 8407 1422 9857 8248 862 3919 351 8276 205 5733 4280 9419 587 4660 7133 3524 4355 4657 9654 5110 1956 3398 6810 5490 4960 7961 9879 5021 2220 8636 1666 3471 9140 856 4842 8515 87 5256 
10 3000 3410 2359 3910 5862 7293 6484 2596 6391 49 4519 3049 4691 9714 3232 1989 5299 2764 1659 3982 121 1203 8344 2589 7244 2784 6711 4649 7867 4341 8563 7675 1362 8262 5700 385 8458 2072 9666 6354 2546 1152 9622 790 9115 4576 8338 439 3312 4079 6320 6609 5622 6144 4048 1324 5680 7219 2356 6603 4203 2054 922 6858 3047 5170 4890 4425 3395 5445 9619 8218 2061 3830 3551 5499 5926 4191 9207 6788 4497 7270 2313 3887 588 7779 9038 1032 9132 4611 1373 9171 4113 4183 621 3368 3622 6897 9022 3326 3045 
11 3000 6736 9497 7045 6371 3971 3522 7594 5622 1009 7119 3018 8414 1350 4981 9360 3642 1683 2718 6819 5285 7099 7228 9024 4344 9428 5189 5438 8896 8708 9686 6883 2283 7772 4955 4194 9412 9965 9252 9997 1201 9981 5851 3611 7124 7832 2165 9073 5906 5933 6993 6293 4324 9321 5888 5332 4145 8991 4656 3800 7182 8365 976 7389 8479 2879 4147 3521 7620 2699 2958 8127 8161 8560 1684 5550 5188 730 4208 1572 1004 1105 6266 9563 8934 8415 5820 9764 5263 6573 1550 1687 9289 6133 9482 9641 1509 8884 7728 1384 9930 
12 3000 5563 9357 9905 4500 6695 3398 8318 9665 6559 3951 7900 5058 274 7442 9234 4302 4021 7990 6491 1948 8375 902 4832 8527 4775 4297 933 3745 5113 8851 6641 7778 4446 5666 5749 716 6839 2270 3897 118 4331 6736 1604 6693 9018 9926 415 8113 8277 5866 2182 945 3098 240 1466 709 9555 7012 1060 59 3391 3171 648 5098 7735 1601 8580 9808 3943 2081 6769 8605 5560 404 8728 7030 5412 5621 713 553 5822 5414 6008 1505 1944 9594 2321 4143 8237 1719 2317 7825 8045 8842 7264 8328 6320 9379 3817 7272 
13 3000 5457 9111 3917 9688 4260 5298 7816 9694 33 8931 236 4306 3794 5101 9638 5375 8614 1493 632 9640 1083 5010 9498 6916 5901 6518 2845 6401 3589 3717 9382 1109 1332 2137 4823 428 6944 4259 9915 806 5956 6762 1590 4559 1832 5894 7242 6802 9308 967 2129 512 859 5977 9900 9706 6286 9355 6250 755 5431 1832 5693 1814 4021 2440 1469 384 2627 2629 8568 8990 8758 8518 9884 8997 2075 1260 5490 2535 2729 5544 5045 2568 2827 6211 3316 1066 1024 3005 8834 5323 235 3440 5671 2387 8473 3798 8339 1617 
14 3000 2822 8250 9821 5370 6515 6102 2724 7805 9162 7165 3552 1823 77 5254 113 4119 4752 9805 2042 8370 4444 5624 4457 6543 8889 759 4735 8326 2141 2492 2413 8689 1542 1464 2219 3567 9804 3919 219 3670 230 2076 3099 6412 5053 2626 565 5976 6896 3349 872 1492 3370 7866 9475 3349 4782 8505 806 7628 4976 7300 3176 8659 5301 5112 6806 9706 1700 8874 4975 1776 4920 6961 8299 551 3858 2690 2134 1449 2024 5936 7102 2803 7130 2884 2746 7177 3802 3894 4302 792 9428 9502 2609 1088 3114 4536 7127 2409 
15 3000 7779 370 2100 9810 5369 5285 5823 989 5194 2974 3051 6349 5400 9158 527 7178 7548 6334 5627 1963 4339 6645 8146 815 449 2876 5194 8036 6493 7579 9228 2799 6118 312 9201 7956 6216 3016 4840 6972 263 3509 4050 8986 4786 7107 3440 1990 8952 6369 1976 4141 7281 8973 7755 3196 5490 3703 7915 4065 9452 4581 1653 4500 7293 3104 6386 8901 4599 8620 7021 250 2764 6823 8363 171 447 6373 638 7110 8167 3645 8149 2648 6016 5595 1051 5932 4501 762 253 6234 8505 8385 5448 3634 4380 5651 6262 7829 
16 3000 159 3065 6536 5070 8899 7946 1722 3214 5146 6050 9415 4913 4520 1314 3005 8920 6434 3728 8452 9523 9936 5331 4191 4104 2666 4332 4156 8824 2955 7357 3938 2427 5032 9816 54 8181 7370 4407 2360 3927 4147 7728 9566 272 9836 5032 7901 6891 6923 3090 2880 6965 6743 1191 4211 9736 3448 265 3824 1194 1094 125 7019 2881 3859 4841 6746 8829 9378 6235 1008 619 5213 5501 3387 558 8443 2953 6694 2997 8372 5896 9753 3757 2376 4620 7296 7691 4865 6525 2995 4366 9375 8361 5613 1874 3776 6607 8281 8764 
17 3000 8623 5960 900 4101 8609 5958 5671 5647 7165 5730 5742 6175 4168 6863 6992 7897 6784 4398 2928 5028 3431 5953 2716 4464 872 8969 2329 4594 4424 6081 8829 2234 1307 8610 7768 7683 7098 8193 3714 7910 5331 6520 3902 7858 202 3209 5017 9883 2419 1804 3090 1308 8159 3892 6530 110 1161 1353 2273 8725 7941 6728 5061 5986 6131 1716 9845 7177 5944 3797 7311 2220 4764 974 2532 1984 4862 4650 6748 2713 4233 617 2264 8593 563 8184 483 2428 8320 7417 3052 4454 8966 4517 6145 9268 4296 5307 7862 892 
18 3000 2910 6861 8756 5952 9792 7249 5488 4987 9036 3403 7604 1885 9675 7117 7433 1442 4657 9170 3120 5041 2924 1566 4775 4465 4636 7913 3753 3829 9504 1911 5052 9640 8260 3979 2845 8976 7241 5998 9129 5802 6112 4184 5505 5397 8699 83 8078 6916 6954 9691 5485 4071 8050 704 49 3944 4591 7884 2053 3917 7956 6558 7148 6730 4757 4240 6873 3668 6438 375 2312 5867 1981 4211 872 3747 3754 794 6182 4575 6468 5091 1124 8142 9273 4235 3980 578 970 7896 7717 6279 8352 6778 2382 7974 7666 9238 634 4900 
19 3000 9207 6036 6394 9115 5030 3200 6624 9934 9791 3030 6229 6481 4712 3210 6081 8377 4670 4063 4177 4550 8412 3917 9913 164 1894 2599 1486 1681 4750 3064 6423 44 9875 1133 5233 1984 6148 3369 8182 9455 4263 3069 5199 7193 5701 4391 8901 8399 4817 4593 747 8548 4054 4412 312 7320 2283 6552 7693 8663 6272 2310 9036 8974 5270 6322 5185 3407 8724 9433 3464 308 7120 9692 2576 3772 5948 1475 630 4331 2790 2730 6297 7756 7535 349 3083 1995 5721 3664 6736 2230 4997 6067 5767 4063 4716 4757 5110 4821 
20 3000 8646 8610 2892 2991 814 4177 342 5780 4467 9803 4812 4796 4165 7876 5935 9860 995 5195 4897 936 908 1467 6846 8193 6188 5928 6411 185 39 2092 6363 161 4303 616 9385 503 294 304 2979 5275 2771 7219 7492 917 7019 1938 7268 5045 9071 4916 4924 3393 9045 9988 8756 4861 7608 5984 3263 4711 5567 6481 2802 5864 6584 7669 8363 8341 3014 4351 7470 6819 4874 4063 7215 6317 1927 9318 403 5998 8904 7980 4833 1112 3835 1757 5699 3047 9522 2827 1119 7515 8125 8578 786 863 8877 4485 7745 4503 
21 3000 8924 5100 3298 7473 7289 3178 5026 7118 1967 6922 7948 7903 130 5352 8794 8342 1477 1804 3406 6059 4693 5549 7272 970 7040 1539 9170 6596 7071 8280 7953 9488 474 3827 2444 6797 9032 9905 4470 1946 2713 4153 5011 8447 4890 500 3477 1832 674 7658 111 9709 8385 5741 1518 9950 4137 1017 9313 6996 9555 8773 1905 6294 2617 4314 9391 6851 1614 2085 1592 1921 2242 2916 9199 7814 7820 9391 8053 828 2626 9347 6546 2307 8361 7496 6152 1827 3742 5166 5072 8501 7218 8178 5021 418 2803 2839 1122 2196 
22 3000 9049 62 4937 668 1131 7615 619 8691 6062 491 4190 7080 1034 9402 5943 4664 4885 7405 5968 6474 2683 4641 2805 46 3447 1214 5222 9859 984 8181 7118 9892 7853 6676 5549 4308 2455 5155 1879 6262 9252 4767 6060 4834 2100 2852 4035 91 720 4559 8262 6264 285 2596 1369 3066 4133 5097 2928 5115 9611 1621 9363 9501 7037 7270 6973 1467 1791 4939 8085 8214 9529 5686 332 840 4525 7225 9054 4397 1131 552 2829 6071 8374 4686 2120 1496 7662 9544 1058 9183 3634 6936 2339 3083 8116 9684 5256 3265 
23 3000 7215 8873 6846 4732 1533 9215 6175 4346 9510 2552 1732 5894 3882 9474 1963 3267 1276 9064 8918 1772 4925 6772 5032 7562 506 407 3028 5197 5103 4262 8940 3327 9302 1359 8270 8501 2402 3820 5260 7098 756 1362 5303 5391 9235 7918 459 7726 5818 6386 8118 2830 9310 1497 2771 8250 176 812 913 2906 4512 3844 9072 7776 1130 9304 4962 4707 1775 469 1757 3346 4464 8683 5497 6201 9954 4975 5613 1820 1326 9805 8580 6106 6705 936 4694 1745 5098 9431 7976 5768 5357 3773 9196 5234 8274 2110 2031 1036 
24 3000 1790 2628 2336 9838 9336 2045 549 4132 1303 2236 7219 423 9626 4975 1659 5534 5499 4806 3721 1045 221 44 8699 5846 9152 1891 5358 6824 8811 1683 7085 7672 7085 6264 6166 5820 6573 1478 1189 7496 1046 3795 7572 907 5043 51 1213 7551 6581 5324 5271 1648 2996 8930 65 7699 9910 8538 6101 6171 3316 2426 230 7303 4801 9843 4917 3043 9875 9511 651 7103 9447 6242 1467 3146 4405 5687 3601 1092 3340 7207 7266 1552 3376 4867 1556 8388 4144 6558 2472 9396 4867 1244 4074 5113 4574 4333 2760 5753 
25 3000 5445 1173 4667 6264 9268 8669 6199 9513 7038 5038 7679 7592 1663 7671 125 1255 3811 9135 5155 7473 869 1291 8014 5122 9038 7541 3725 8787 8545 3201 6364 698 1982 3992 1470 789 5775 2669 1563 4880 4767 3758 4804 987 9940 6434 6767 3755 9252 5514 5344 7016 1598 580 8774 4474 3907 3222 6789 8512 1351 2412 4900 7127 690 8000 1791 8989 6730 2332 9854 6621 1919 0 8834 7713 9060 5711 2613 4550 7150 283 9106 1576 344 4766 3295 1073 49 2690 3375 6972 132 435 36 6788 5267 5725 8864 1674 
26 3000 2397 4251 5867 4609 5320 4420 6127 6705 2411 220 5582 1638 7457 2220 5923 8214 3622 6691 2623 1043 540 2851 6089 9354 4525 8235 5944 3929 1917 2195 8421 2155 5539 7518 6896 1217 4296 172 5540 9398 5882 7178 6096 5518 2624 2606 7777 6491 446 1697 302 3007 957 3107 40 3343 6671 9280 9293 5297 9339 4942 8693 6243 1421 3724 2737 1318 673 2910 8431 9729 7861 6301 7072 9187 7602 5220 9151 8467 2328 7626 2378 8088 9376 5365 2834 9125 1206 9536 9252 141 8735 3993 414 2248 7807 6962 5684 2285 
27 3000 8778 788 8656 4132 9238 9807 3932 8144 9842 6341 7028 8703 3282 4820 7395 9909 6374 4027 4580 9384 5271 7470 7492 210 3807 1878 6817 980 4959 3822 533 3991 5437 4460 2573 1544 3400 2411 4595 386 9295 4748 889 4259 9823 6120 6399 4593 5025 5998 7883 9307 8503 4049 8184 9750 755 3627 3632 5750 5641 3397 4578 8808 9975 7082 9040 3400 6237 1332 9482 6411 8413 1720 2717 4696 963 6868 2935 763 907 683 7853 6580 3041 2740 7995 5510 8280 6768 9093 2369 5118 7278 7615 1611 4220 4306 9414 3635 
28 3000 6137 6284 1511 9218 2147 1038 6994 2074 8217 4905 3046 9542 2095 9986 2096 1386 3525 9509 6098 6738 7585 1331 3933 9147 1152 9558 1937 9773 2496 4288 7552 8685 3989 9487 6104 4304 7947 8979 704 955 5598 575 5279 4553 9166 8311 719 6413 7092 2823 4161 5182 2369 9846 1383 6895 4008 6828 2341 3165 1631 7682 9813 7486 3181 5655 1179 9668 5766 4324 3328 8398 9620 6718 677 1920 5197 2562 6331 6846 3382 3650 6354 5090 8834 7341 7177 8923 6449 8180 6121 4162 950 7642 5052 1472 9603 2007 7158 5807 
29 3000 8053 8352 6849 3964 9296 8677 2787 265 5762 2144 4038 370 4533 5455 9347 3210 5682 1346 9546 1042 3739 5205 3072 7635 2281 9822 4629 4580 1642 8258 6959 5721 9761 4842 5749 9713 6140 4292 7653 711 8938 8961 1448 7171 5183 4207 2311 8791 4113 1890 9222 1562 3642 1996 5488 960 9947 2377 2399 3246 188 6626 6003 4906 8341 73 7011 207 4167 3907 3819 6882 5302 7417 8668 9935 2472 8370 6916 3580 7829 1503 9439 1295 6420 5144 8166 4007 777 5960 4721 6404 8629 1827 2210 1360 3743 2825 116 2505 
30 3000 9889 362 2331 4900 7930 4417 8306 3846 6037 8913 7330 1825 3030 5214 5929 3549 4839 3742 8399 9151 4097 3727 452 5490 2854 1078 5999 5583 8419 4377 7048 6169 2319 8999 6734 3388 2397 9364 5470 6591 8019 9302 224 275 8418 551 6924 4137 4161 9380 5983 1265 1731 1332 950 4440 1252 4097 291 571 7320 8508 2290 3258 2973 7661 3073 3470 6780 4164 7766 8355 3055 5504 4769 8177 5195 7546 3157 1368 2150 6151 3212 7721 8007 6928 71 9689 4711 3099 506 1824 7897 1497 2822 8334 5864 6689 9892 8769 
31 3000 1656 3221 5302 1824 8284 5986 2633 7279 7061 8725 7860 6054 9070 647 4882 8393 9751 1171 4174 173 6619 2802 4562 7338 102 2124 8128 8457 7504 8925 8236 5407 100 3438 686 2182 3344 1714 7987 1830 217 9120 6765 1504 7684 1959 8288 5653 6289 7213 2116 7328 2867 422 2881 7613 6385 1669 191 3187 6909 9711 1651 2007 7688 4220 9024 7117 375 6155 7501 8577 3365 6259 8105 3529 3257 1678 3223 4375 9447 711 5253 5088 1841 5676 8382 5645 1698 3910 3491 4585 5590 6888 6182 9694 2497 7472 7925 6812 
32 3000 4016 5276 344 6769 7706 171 2613 440 3551 3898 1984 1932 3551 9818 7444 9890 4432 781 6485 6934 3492 5126 5013 7212 7564 798 372 2089 5102 7597 7496 3955 1404 7545 8187 8154 6941 3387 3520 3048 8832 5210 9366 8197 5427 5188 5046 670 4027 454 5111 9476 1718 4098 4239 8127 9342 4284 5268 5316 8581 1500 343 3730 2178 3927 5199 6979 7271 934 6559 4662 1861 4705 2662 5542 4402 9975 6916 8861 6515 1911 4678 3771 8827 2104 3150 6893 9938 2686 4413 7998 8509 8585 1576 3822 8477 7889 8051 9993 
33 3000 7397 343 9963 1093 7903 3975 1668 8841 2302 9834 4413 8401 285 4870 8107 2816 9771 2923 6230 5568 867 3847 3854 1258 2962 757 8800 4418 4940 5398 5913 6444 8521 1643 4464 653 4722 7112 8679 5467 3453 2920 1392 5725 6226 1547 818 2110 2000 2836 460 8714 6142 8109 2134 8719 2517 2420 2124 8203 8706 4922 453 8080 4343 7363 3294 4151 2581 708 8490 5293 4680 9886 4212 9768 7726 6659 730 9650 5466 620 5323 3392 2276 8313 300 6503 249 478 4154 363 9413 7427 5843 9148 1066 2532 2186 4898 
34 3000 4244 3855 8396 692 5311 3887 1730 1965 674 7423 8265 5934 2620 7556 2802 9161 8283 9800 1895 3235 1736 4336 9999 8582 9199 6379 8752 6398 7389 4680 9373 8704 4974 8144 8192 6538 7172 577 5304 6253 3459 3555 6341 3961 8413 7423 7379 8082 5678 414 2965 37 5052 5897 7266 3048 2704 7745 8350 9076 4514 3836 5586 3881 2536 7668 172 202 4588 8111 8790 9067 6969 7273 378 9228 296 6500 6036 4717 8473 496 2054 532 774 9566 6062 6444 7066 9993 6306 8931 6143 2529 4058 1238 7193 9018 9132 1558 
35 3000 4386 7142 8547 9342 4593 3292 8297 9733 8221 3566 8257 6125 3182 2886 208 843 1979 2248 8994 3957 1924 4089 6792 212 8477 5788 521 4087 1708 1285 2366 2980 5892 825 3431 8515 2219 8831 517 5976 4638 9901 6022 1867 8819 2928 972 9593 4242 3346 1170 3272 9417 3499 6477 9665 216 1144 3209 8237 1345 6062 9670 9340 932 4814 4801 519 8237 3605 9958 953 4500 9284 3815 4003 6898 8464 389 7906 5641 4765 198 4575 4182 4192 4530 6540 2562 8624 2853 2000 3869 7441 3338 8011 3832 7264 6514 1792 
36 3000 3535 9832 2041 162 5256 7995 8618 7095 1432 9834 7007 9404 6750 909 6184 552 3359 4632 2622 2584 9216 759 2686 6185 9542 2013 8166 8866 1419 8829 4926 1269 1501 2228 4684 1602 6858 4812 9913 8202 8935 9880 1868 210 646 8683 1737 6387 6587 5788 4922 2045 6379 2578 8440 4104 1128 8869 1447 4279 3018 2663 8896 384 8025 8011 8309 5771 1758 1014 9684 6885 8420 3945 8518 8948 2905 7491 1963 9767 6004 1126 8101 1672 2753 1609 8347 1567 3891 9603 2978 9122 456 4420 9780 3075 1495 6896 5835 5667 
37 3000 4906 382 2412 5205 1402 9870 3003 6740 1603 9237 4471 877 6249 6613 1328 711 9538 7883 3141 6885 5595 8305 5052 769 8059 2256 1437 5775 2799 1101 2681 6788 3753 9195 5079 7723 1894 7998 3866 7209 7318 8325 9366 2402 4460 715 6274 913 436 3929 6053 867 6503 1568 2466 9092 2654 6823 224 7422 5327 5342 6769 7132 8252 6231 7169 1498 6409 1169 2153 6479 3124 1660 9258 9529 277 4400 7108 6523 1648 4776 2816 6825 9379 8483 2513 6465 3565 1277 4998 9450 4967 6837 8517 7196 852 2770 664 6091 
38 3000 3962 4726 1410 3173 4598 8646 9253 9942 5837 1134 500 4291 1875 7952 1662 569 9487 642 4989 7760 2620 1271 7116 5794 107 5302 845 9980 6506 2592 45 3564 6066 6510 7679 8414 9816 1187 6959 3827 5780 6884 5620 3465 2318 3488 3325 410 4590 2137 2189 351 4145 4960 437 2891 1637 2954 9174 980 2664 1975 2296 8476 6734 6863 9508 5824 9354 3688 2483 3870 7244 117 4138 5792 6679 3913 1035 7158 4952 9560 8907 4111 4966 2999 1316 9676 2945 4509 1424 8196 9278 9699 6899 7888 2481 8628 7940 1526 
39 3000 6288 3053 8433 5256 9868 1799 225 5521 1158 4257 526 4124 3337 2001 2439 1413 4409 8541 8613 7585 9920 7185 8014 2125 8798 7043 5836 1360 2319 7145 6521 4145 6196 8686 9916 5671 5790 5398 549 9399 4457 2047 30 7118 5008 1055 2580 7129 4300 7241 3684 553 949 698 1865 5765 6176 7787 3589 954 7764 257 1295 4802 7152 2491 4539 5301 9650 6880 4280 6675 7777 7314 279 4451 7729 811 1624 8633 8965 7253 386 5015 6923 7266 8395 4614 8863 8210 7142 1229 2827 8305 807 7122 9733 8873 2410 6830 
40 3000 8585 4711 3090 9097 4819 2588 4506 6934 1764 7862 4366 5798 5231 9231 5078 9908 1230 1604 5526 6671 6811 7091 5977 9246 4024 4132 6103 7226 7015 4737 6136 5445 2235 9860 1147 913 1785 2896 8443 7876 9876 1299 8101 997 2423 6330 6616 6666 9758 930 3677 2433 2469 5709 2075 4566 367 3078 727 3738 4574 9485 825 8830 2738 5792 5122 8871 7374 5769 324 3089 7329 2715 2625 9103 2368 4205 6358 9226 896 4960 5768 4898 791 7844 9920 9250 3371 2986 724 7781 487 5024 4085 7173 4733 8475 4184 2218 
41 3000 2790 1236 879 883 1887 6201 232 7490 9393 1008 8161 4022 5533 5911 7219 9565 9226 9776 6494 7857 7049 4198 4639 2978 5330 5756 6021 3157 5359 6375 3 2704 1732 1826 3342 2069 3813 8349 5716 6029 322 7396 8383 9991 7057 8501 5949 4431 7725 282 1279 7449 7914 9556 3517 5453 2178 8587 9243 1969 4254 458 6750 4575 402 2569 3444 9957 5871 8251 6374 7094 4483 6521 5881 8568 1357 9946 2380 9995 8741 643 6257 7585 4981 4400 903 3827 6608 2920 8857 1294 3557 4193 1094 4581 7502 993 9419 357 
42 3000 3325 7499 1999 5558 3702 4038 2013 3688 6822 9962 9430 9254 7225 4638 5912 327 9763 6574 2841 9225 6697 660 2471 1318 7906 3545 2205 1968 4232 7129 1999 1581 3938 183 4887 8795 2304 8102 636 1787 4341 767 2520 7707 626 8546 7225 235 6273 6418 7878 5269 3019 6211 192 4727 4441 6982 1754 8486 4293 3504 4416 4439 7974 2898 9833 6677 7117 9367 8107 1801 7301 7076 9569 3351 8897 1147 9680 4370 1026 6775 7057 8082 8653 6478 4628 6705 2799 5469 3909 8382 3887 5150 2403 2241 8197 4733 4132 1577 
43 3000 7465 986 3285 5165 1593 6108 998 6686 4489 3720 5257 2292 3035 2986 3923 6288 9172 864 886 4938 5120 2475 5341 8404 1714 9594 4192 797 9870 7280 7578 8369 5175 8616 7525 5814 5603 7579 9726 708 2353 43 8440 6061 3814 2893 4522 1009 2655 1275 6574 9613 6043 3965 5220 7800 8977 6867 515 8420 757 4633 2466 4425 4574 409 4686 185 222 3706 1174 915 9940 6397 6212 239 7376 6839 7399 5868 9677 2114 1798 3414 2705 8407 5216 8319 9376 9497 4606 5918 1123 3382 3592 9619 2488 7019 1126 7212 
44 3000 8838 9205 3260 5307 7201 1561 8054 1885 235 7664 3598 6989 3314 285 9167 1526 4746 6767 9499 4208 9112 2514 2195 6602 3729 2618 8250 6323 8242 1603 5701 8332 7339 1293 6406 4381 6588 6814 5949 561 1404 710 6664 2994 9142 5194 3787 1637 4304 2512 4738 2215 6887 3447 1517 6284 3841 3935 6235 9410 3664 9812 9769 7480 4114 9687 3531 1134 3051 5935 4380 8327 2399 3820 2642 5007 5238 8743 3267 3931 6019 1610 104 1589 3901 2326 3302 3274 9221 1424 9843 6254 3078 9803 7187 1091 52 6604 55 1065 
45 3000 4042 5203 328 9743 7231 7336 78 6651 2177 5339 7714 1093 7027 2526 7266 4078 3857 1680 784 8381 134 1676 3867 6728 3312 2229 4313 8101 8541 6761 3898 2173 9512 3399 3277 1870 2415 4098 15 4048 3037 1884 9734 8309 6970 6227 394 3929 2954 6537 9696 4918 9343 3784 5604 3205 3691 244 5 9945 5471 7374 5480 4955 1912 1801 5209 4268 6965 9449 5999 5822 3392 7783 4436 3265 7984 6181 6159 7890 9894 4428 8268 8693 2111 9338 4847 557 6041 9504 5619 559 9229 8160 7720 2408 6193 4188 606 8998 
46 3000 2393 1230 4076 3096 1320 4941 9427 6147 4708 8354 3730 5211 5879 5381 7235 8019 6203 2432 3893 6158 4690 8161 5013 6379 705 1336 6039 32 9807 6840 6450 621 2715 9784 2789 9492 7396 7761 4814 9639 4282 1213 4777 7638 4610 1926 9827 3704 1882 9656 7535 9881 6463 6870 4545 6340 3287 1620 8357 5824 2704 8536 2224 6198 4442 7952 3183 1135 4696 3148 3204 8928 6344 5724 3471 9419 2287 9093 1779 9061 1912 103 3068 4098 685 8787 3072 1878 2864 6226 5093 283 7336 555 9911 5287 6590 1076 8805 6646 
47 3000 8798 507 9706 1699 3033 5355 6480 7304 7612 4410 1322 9899 1557 5365 289 3684 9184 9564 1951 6928 7824 4873 9168 6405 8655 6677 3993 9951 672 6997 5698 7150 7776 1742 1927 8137 8987 6073 2975 539 1786 7907 9188 4529 8579 9532 1490 6011 6286 7356 5039 7926 9056 9778 6001 9690 4110 3181 1452 4750 701 6059 2407 6268 2207 1256 9973 928 1345 6343 4626 873 8511 2113 8610 3762 3243 9197 1469 951 8816 2818 8696 3807 9949 5656 3512 8136 3654 8846 1770 6744 3191 1101 9978 124 5168 5954 6453 5258 
48 3000 9746 7134 5603 2555 3987 2057 5320 908 8313 3453 7518 879 6101 9104 1776 6007 6392 9725 2122 2240 9737 4952 6931 5494 7157 7467 1955 7342 2234 5241 6474 8812 6328 1911 2575 2331 6915 5269 7552 1777 9052 3889 9434 667 9967 1868 5639 8461 6773 1702 4750 5000 7311 5278 1416 3061 4110 2997 4383 9043 1481 1021 7643 1775 5730 6642 4713 9450 8497 1779 6036 4681 3224 4599 9511 7688 4740 9265 4141 7605 1981 3803 6815 1915 3827 6103 2208 4004 8066 8034 5808 8852 3486 7698 68 6834 5091 9793 3687 5660 
49 3000 2434 4114 4007 429 1092 2174 2544 1815 7246 1948 3640 2375 5404 746 6239 982 9235 6206 8790 5385 5537 5420 7273 2891 1326 2176 6356 9174 4049 2331 3666 5209 4927 7305 7195 2333 5420 5706 5828 5422 6812 3073 2994 4206 2932 9746 3441 2701 5988 6867 3143 6764 5538 496 2325 9783 575 3860 1614 6480 4743 7723 1320 4846 4678 8881 3834 6202 1472 6787 9159 3381 5264 8292 3559 7033 2952 521 1340 67 9037 1865 9750 202 9582 1105 7007 652 9311 4654 3450 8937 1812 1935 5820 3818 2887 8871 4656 348 
50 3000 7012 9508 4830 3065 6927 5762 9193 7293 6354 5288 5357 8581 5831 7480 5595 258 1683 7587 9866 9120 8109 8962 1972 9233 2394 3435 8834 3873 3255 9805 2893 5581 2303 461 7636 4347 8629 6135 6254 3920 6526 8763 3412 6239 6324 2490 158 3995 8355 2785 1945 1310 45 3689 9787 2551 6128 3190 4534 9259 1984 6711 4278 5211 108 8739 4874 9601 9695 2566 3599 8351 9357 8164 5925 3541 2965 8175 5423 971 8611 2040 6790 5846 697 8239 2001 6577 5153 4665 9589 6725 7776 7120 7043 5049 5692 5933 6337 3700 
51 3000 1951 711 2585 4520 3236 3206 5815 3483 707 8314 5871 3249 3964 3194 445 3850 8139 4516 6224 1498 4107 3828 3169 5518 1830 1059 1921 3406 6819 6134 4321 4016 9724 8721 7070 8863 9051 6107 8502 1564 6999 9187 8486 5388 8429 6590 1456 8946 2949 6924 2561 9998 130 9146 6944 7386 7849 1060 2143 1092 3751 5935 3621 422 9839 7253 3412 317 190 1584 1907 5782 1794 9573 2750 4448 8519 5069 867 7257 8201 2368 3621 7264 2859 1586 5084 6578 2033 2150 3444 1417 9252 4426 1530 5292 1623 9461 467 316 
52 3000 2543 6853 6449 6635 7543 750 645 9991 3249 3972 2224 7405 9474 253 4511 980 4433 4614 4258 9842 3084 1860 4054 193 8587 3202 7845 3499 6903 998 9593 2795 4499 1631 5048 7121 9196 6499 6653 4077 4130 1142 1571 514 4842 2481 2838 1332 9492 4196 3637 6425 2202 218 4706 5730 9519 6352 4861 2416 3 19 4648 4192 6945 8135 3125 2738 4205 3099 7758 1267 5178 6920 7454 206 4881 3459 8710 1006 5173 8801 4891 8076 3090 9755 8633 8838 2311 468 7371 1915 7751 7179 1989 3440 3271 1082 8598 1484 
53 3000 2522 9329 3441 8621 2906 4148 916 2606 2669 89 4734 5188 1116 9394 2189 9042 1948 5498 1568 2827 9728 4643 2672 4371 9473 5631 473 1976 9366 7688 1888 3858 6596 6468 5684 5699 6327 8168 5504 6335 3781 1776 6017 1562 9459 9443 2202 6072 7477 4978 1742 3509 7032 469 558 4655 6994 1030 1458 3735 3617 7671 5916 2857 1380 8296 8971 4562 6955 6822 7261 2517 6293 425 168 315 4841 4914 4098 8414 878 8223 9887 9194 1988 2036 3323 141 4641 1530 8801 5153 6914 3247 6100 3979 4325 1092 284 9772 
54 3000 8805 451 4734 4775 782 440 7293 4132 4400 4274 9550 7816 5854 7764 9238 693 4860 5938 5764 702 9241 7785 8860 5165 2645 9133 360 5222 5381 3635 9105 8387 8389 1898 8966 9232 324 8725 0 8198 7775 8490 2725 8525 8604 8629 5525 1315 8410 1265 5174 8710 118 2951 492 5207 6699 2545 9118 7085 7000 7204 7417 9969 4721 6503 3503 4511 494 4685 3396 199 7105 1029 295 7291 7830 8348 6981 6872 7902 9609 1349 9040 9101 2680 5054 9214 7464 3202 5292 2565 4134 5579 9701 6579 9315 2109 4390 1735 
55 3000 9369 223 5089 321 7028 7857 1428 3361 4733 6949 4339 5674 1101 5063 6584 9065 513 5128 6404 3622 5830 3318 4302 7161 4232 5039 2941 2776 6185 9058 171 4528 7526 9744 5186 1249 4684 7441 7795 8482 3015 6963 831 8532 8270 4218 5673 8656 1183 949 900 7367 5185 7612 4069 8870 7247 4364 6618 5622 1844 192 1892 9011 8040 153 6294 8169 9710 748 3567 6904 8876 3418 2190 8756 2173 6165 5912 187 435 3297 7398 1883 1417 3299 5013 8191 5630 4832 2716 4677 5305 852 3097 3809 6487 853 3522 8766 
56 3000 4246 1245 5412 5373 1018 3845 6648 2157 8072 2497 7095 8532 97 7826 7257 1107 2916 97 52 8122 4332 224 5717 2001 8084 8880 9832 44 944 3749 4476 3226 2930 4899 2501 3139 642 8271 4937 7045 3733 7306 1517 1063 4493 2690 4333 1474 570 223 4608 4160 803 6817 2602 2156 4193 4617 641 1339 1988 3246 9263 4234 2901 176 6503 1949 1449 9227 290 4231 9418 7183 3974 7653 452 8545 4984 1920 7767 8393 6600 4304 4996 3393 2855 2201 145 906 6569 3818 2693 6247 492 6976 3797 8043 1589 6051 
57 3000 9640 1741 8439 7026 7892 1220 1760 676 7298 8543 8068 3880 397 1825 6447 9051 9361 1229 8458 1697 4956 3089 1161 6103 8636 2156 3270 9138 7757 1968 4429 2194 3917 3343 7616 1239 4417 1009 4670 5004 6857 8340 4941 1290 6848 234 7071 1401 8849 4105 3894 2705 137 9007 463 9317 7894 2879 5204 905 9421 7916 4192 9625 5480 4063 8555 5182 6758 642 4999 8011 3457 6090 9462 584 8008 5838 3891 6850 912 8301 6144 9786 9704 9002 3018 7084 1042 2820 6401 4962 5925 4355 2548 92 8031 6430 4487 9665 
58 3000 5179 6710 7542 9569 3923 2447 7987 700 7267 3353 4826 3397 5501 2595 4691 9999 169 5916 9872 5527 1157 8882 9469 6495 6910 2251 3668 7844 7770 5472 1145 7998 2442 8305 9593 2051 7581 565 9375 3072 513 9997 297 1541 5067 8267 1518 2905 546 5090 4570 3268 3815 470 9515 3190 4514 5071 4221 9628 3400 8719 6761 5993 3812 7019 949 332 6258 6099 4982 1636 6134 5485 3224 4278 4561 9097 1107 566 2350 4367 3157 1430 7092 9488 4148 5232 3375 8782 3376 4693 6121 6202 2069 1959 7052 6944 3903 1783 
59 3000 4280 7203 8666 2827 5020 2036 9027 7107 1434 1364 441 7541 9593 4088 4178 3638 1564 341 3473 5306 633 1852 2805 4786 9635 447 299 6708 2426 4672 3251 6277 8472 4531 6785 5582 559 4365 5624 8026 5638 3846 9001 891 8789 7096 8677 6013 308 9933 99 8599 5925 5245 6677 4156 142 6486 7185 3549 2698 9294 6288 6189 8161 1237 8195 1335 8639 9690 3438 7534 9624 7824 8770 176 8952 8730 199 7179 8899 7668 9133 2796 1391 2430 1662 9551 6344 1848 959 8294 3131 2402 2807 6390 5174 2977 4254 4022 
60 3000 7650 7727 5386 8628 8342 7076 4232 7458 1596 6835 4790 8259 5415 5450 8182 8082 1669 9374 6929 218 9442 6561 2353 9253 1490 8088 5106 4254 3835 7903 8821 78 8480 694 6890 6805 9245 7882 2367 7296 735 1751 994 2875 430 7684 7355 7143 3898 4542 4149 7906 3136 3155 4600 7236 8037 2944 7977 9654 973 6671 8251 8440 4518 3306 5869 66 2282 9022 2659 6751 2881 6320 9857 7152 7021 1275 9257 5165 7716 8902 7492 6863 3630 6659 3433 5554 5536 6062 8717 4963 5912 2435 1403 543 1652 2780 2743 8906 
61 3000 9906 1773 7090 5384 7049 5884 4923 9711 764 5625 8998 9832 5263 5921 3627 3836 9622 4603 7083 17 9251 9033 7120 5054 479 849 9633 322 8271 8835 432 6325 7068 9917 142 5256 4753 8285 2237 1677 9736 2641 4183 1331 1176 1565 1725 8075 2316 7015 6283 8937 6946 5949 5481 7300 9000 67 6800 4212 5263 3685 4356 7820 1218 9731 8799 926 5 3865 344 6671 4513 6725 4921 2347 2596 4301 3455 1327 5411 6426 4266 3123 8884 3403 8595 1574 8301 744 9261 1150 6019 2049 2435 1390 2309 9996 2541 9456 
62 3000 9320 5465 288 818 8170 4783 3819 8066 9159 5096 2988 7839 5109 7865 6763 5886 7830 485 3757 249 7708 6034 5873 2571 6425 1142 5088 7532 2790 1990 3352 405 1711 8427 5616 2740 6285 6218 5984 6173 3005 7417 6992 4361 111 8860 2009 3037 9046 8787 762 8198 9049 1591 7994 2411 4871 682 5237 9245 7613 9493 5715 5835 8693 593 2372 3560 6932 2935 9025 6854 8773 7231 4639 139 1619 9441 734 2886 296 2402 1904 2795 6648 5569 9481 7104 2245 2886 8300 2027 4230 8785 6610 306 4278 2305 9100 6901 
63 3000 689 9339 3047 2794 3601 3004 7598 6923 3333 2138 6171 6244 1844 7922 1980 3911 7331 8623 6691 5587 1937 2470 2197 3875 2592 8644 5522 879 4981 6404 6846 8887 631 2332 659 9179 7128 5703 39 8960 1454 1979 4053 6422 6455 4437 8283 3922 426 3908 8482 9295 9834 6651 7349 5288 5149 350 4432 7114 9814 8233 9154 8140 2335 1321 6969 3694 1493 8795 8632 2998 4685 6494 2611 9229 9390 3540 608 7698 7758 7076 6211 2164 4326 5145 6675 9263 6853 7682 7823 1071 293 5633 2070 5783 3877 8209 9582 6525 
64 3000 1334 8246 2547 8286 4225 5713 2580 2977 8415 9322 1251 2614 3654 6284 3736 629 6300 171 5596 1300 5155 6919 2677 7312 429 8946 4139 5440 5833 7399 8608 358 3790 2525 3453 6571 3777 2164 7190 8475 3792 8376 5006 8542 4939 2184 7414 3626 9147 6444 2031 9395 7 6841 8477 2896 6738 1014 6405 3233 1279 5798 6653 377 8499 2596 5522 2101 9541 877 2175 9036 8286 9793 9168 7856 940 7932 6103 2590 8754 1181 6400 4047 3859 8727 7204 7385 8233 7179 2413 7786 5791 2809 8825 4270 7601 1928 5421 1624 
65 3000 219 9381 5766 468 7159 5166 3533 5429 3483 9181 1160 1456 3510 4099 1623 8254 1662 6357 3342 2839 6427 5281 8208 221 7446 335 2731 2220 5733 6487 2323 4390 7011 7705 8697 1083 8177 8584 395 8633 6894 4087 6442 6662 4304 7415 3120 7514 868 6008 3873 3817 5334 5664 2335 4162 6820 2783 8478 6914 36 4739 7895 2144 3619 8379 4199 1691 1602 6642 4549 7341 7999 3302 8307 7141 4524 5845 8811 9825 1429 6462 8280 7382 1467 1169 5839 5732 6988 7055 8675 3537 146 7652 6310 9136 6244 6433 8005 5603 
66 3000 198 8429 3290 3928 6125 9982 5612 4329 60 6607 9116 5686 5794 8997 8544 3094 3842 7138 2266 3553 3528 2556 8428 9775 8204 8692 4235 2114 3588 9394 8348 8629 9229 5539 6413 3265 3097 9781 9715 2163 9299 9418 6954 8093 8916 7393 9148 3012 3970 1412 7659 8749 4514 1191 5345 5813 8847 3827 842 325 6850 7293 5959 9080 6458 2063 6212 2726 3242 852 4473 7077 3131 6493 7747 2545 8245 7928 7075 1698 5866 4333 564 4943 524 7363 9534 4337 9214 1522 7800 5518 9734 2659 4072 7766 2149 4593 7484 2183 
67 3000 3386 3852 6244 8007 4944 2550 9413 7041 3733 9382 1807 6212 6044 8744 2025 8258 4634 7978 3601 533 8945 2745 9279 1941 8439 522 8418 7998 9066 2220 7522 4011 2856 1932 3884 6390 626 4806 2372 2078 7830 3035 5326 6115 3516 9985 5588 7317 2420 2438 2654 2085 177 963 1948 6342 1667 8410 7231 5587 2473 6536 6121 3082 3476 749 8752 6159 8567 2977 9545 654 5489 2665 2115 3467 9798 5900 7298 3243 1957 2650 4301 9180 7549 2141 4979 7968 619 6352 1242 8842 133 1634 5578 6768 9574 8456 4704 3751 
68 3000 9656 9280 6351 8268 4160 4553 9157 2829 8901 6829 5700 9658 3822 3016 8649 4503 8201 4748 41 8569 8996 6879 3684 8576 2309 4104 685 4944 7976 5708 8099 8101 7280 8432 711 2917 3794 7476 5933 1261 7341 5614 1837 2687 1092 442 8305 3240 1770 9750 1303 2391 3000 5019 290 8097 1766 3040 8739 9981 8007 5658 7794 645 7329 7651 3043 5099 6842 2715 4426 8324 4131 7597 9256 952 9342 4331 8377 3075 395 614 5436 6183 1331 8302 9291 3217 3767 31 9534 6754 1495 3962 5145 5319 8191 6651 6269 7813 
69 3000 8256 4049 9119 6079 785 620 4001 5576 6648 6587 6472 4196 8716 3306 1610 9193 5191 6757 1421 2246 6076 9172 5366 2635 2765 8773 4011 8557 754 7651 5808 6557 5487 7758 6993 9085 1315 5025 4618 182 3588 1616 2698 9286 3870 6293 1494 3170 8281 2913 9911 5995 8956 7052 1028 7497 8643 746 749 9296 8409 5368 9580 9328 8486 2619 7532 4404 2236 3654 2150 893 3236 6322 9662 3532 5497 543 9259 2360 6802 1800 495 7774 5172 2764 3817 3713 8455 3035 4216 8971 7042 7017 8005 6625 9705 9914 2718 1596 
70 3000 2562 1847 144 6333 1169 108 2472 4620 5734 9521 1574 3513 9455 947 1404 3394 9986 7900 3527 6157 4028 1294 5770 1518 5043 2316 4002 1445 4093 3420 7033 2721 3806 7448 4643 7624 5464 4879 8734 2735 9222 9195 7609 5876 7442 383 3370 1165 1163 6551 2452 2201 9689 3678 9268 3372 3301 3482 2993 9288 9103 9418 7460 2341 9981 798 4193 8389 6696 5039 8557 562 3097 8032 9034 1197 4463 2637 9628 1898 8966 5310 5388 1718 2262 841 1068 3468 5204 5231 2896 8150 4686 6686 3481 7515 7603 4739 9839 4752 
71 3000 7942 7493 4548 3286 7000 6997 20 3724 6720 2740 5908 8904 6159 3268 9630 7082 1074 5937 27 3243 6641 4780 4131 8530 3293 6504 7078 7805 5683 4612 5126 5335 4777 1645 1814 8595 3068 9559 7236 206 2914 8219 443 7993 8005 2016 4973 3165 7952 4620 7502 6631 6001 1846 9619 3425 9875 2652 2734 5271 5736 8259 6098 1261 5279 9399 7963 6672 5941 1684 9851 9890 4246 9104 3965 7475 2269 5648 3711 7341 7221 5046 7351 69 4172 8646 4780 8335 1883 1408 7432 4472 1776 6022 1301 6155 22 5159 3101 204 
72 3000 2757 1838 9537 4525 4418 7926 9708 8161 9213 754 640 9483 5708 7867 5931 2492 4542 9897 7533 1256 9268 1552 653 2471 316 744 1780 6138 2084 5830 9837 4376 3154 989 462 8358 9630 9712 3404 3362 1602 6426 3054 1963 2739 6239 2100 5335 3001 2815 8298 2688 4482 4363 4380 8827 370 7765 1078 9833 7041 817 3278 6874 9272 2604 9297 8137 8584 1993 3284 8888 4699 4256 749 9655 140 5816 7215 2534 7938 7117 9996 5628 2476 3620 3096 5601 3451 4927 5242 8364 2968 2022 1032 7883 5750 2648 5212 3112 
73 3000 2480 4797 81 3050 6268 8336 6018 9931 2237 4752 5133 524 240 5020 8045 5574 700 5604 3783 7354 3574 2573 2817 5354 442 3852 3205 89 9724 9589 9876 5029 5020 654 7028 6659 6573 5258 3658 2665 5857 3701 2213 8242 3297 1241 367 523 9107 9092 5924 1145 7251 3544 4846 6926 2539 3209 2405 8677 836 4394 7460 8136 2406 4593 9858 3024 8376 4113 963 230 325 5817 7311 7122 2997 2996 7380 976 147 5364 1500 6537 3497 3181 4875 1703 4835 9498 3740 1334 1222 529 4633 9182 3338 4144 6802 7956 
74 3000 6943 6494 7729 7499 7468 6756 1785 1100 7730 3 2005 9928 8771 8200 4995 5588 3825 9328 8950 807 5406 4625 4817 8243 5522 3961 566 7415 9017 9335 8592 9767 36 6491 6249 1845 1612 4671 9491 6613 8382 4478 9663 2879 2431 3879 3390 2860 2249 2325 5614 7863 4829 2992 5743 2092 875 3158 6927 4583 3146 2696 8463 9266 7920 698 1318 3141 9583 216 6789 2594 8344 1137 8272 7826 1078 1180 6168 5413 5283 5014 5913 8992 6179 1504 9126 8065 6918 9085 7888 4934 1924 9257 2145 9764 3357 8205 233 3760 
75 3000 707 6546 2535 480 3504 7199 8252 5267 7162 1383 5312 2809 1940 2737 3392 2819 5034 9565 74 3848 5792 5210 119 5216 4053 6547 7871 7071 1612 605 2788 8575 6810 9315 8086 4206 2251 2379 2524 8201 5636 8267 5304 7106 3734 3336 4096 465 9468 9080 6193 9626 2134 7499 2788 4676 734 4594 6374 9499 448 1989 1277 4959 2220 6678 7300 209 5473 8895 6508 2125 3950 8110 3126 2867 4678 7153 6569 5555 59 4454 7591 8086 3083 4420 7566 5064 5668 5929 887 7857 129 8949 495 2785 3761 9288 6534 7422 
76 3000 6559 1462 8123 5038 2055 9693 8262 7151 1287 7029 1857 4211 9882 2589 6876 4413 8277 6939 8623 627 5057 5580 7140 5457 3419 577 7738 4426 760 300 4646 7283 1397 7299 7789 7438 2403 4295 2692 9518 2573 8306 3504 5056 4513 2892 9155 6291 9857 8522 2629 8112 7602 1077 3368 8108 5580 8464 2801 4756 5043 5368 2994 3726 8377 6121 8427 2322 9945 5694 900 2031 51 8827 7556 9213 2030 7265 2035 3908 2459 5137 8753 6769 4504 2449 302 4122 4378 6703 7978 1146 936 2647 5433 3188 8386 145 5456 5189 
77 3000 2132 171 9868 9248 7735 8932 2557 306 3007 113 5624 9948 3223 5251 8666 8345 9464 2225 1175 4308 76 1885 8064 3472 5266 2791 8323 4603 4815 4089 6796 4036 8915 6505 9079 8231 2137 1464 9552 4457 521 8341 2529 9597 1788 9829 6538 7089 8683 5435 1719 1978 5436 3102 354 4104 7359 8955 521 9407 3551 5170 2867 9363 2745 5974 514 8541 2272 1764 2086 289 148 1353 7858 540 292 2340 9038 9748 862 9609 166 2942 5724 1946 4643 7917 9040 6791 3383 1536 2982 3103 6589 4166 8574 2359 8657 2237 
78 3000 9653 7675 6204 8926 9965 1053 9218 2963 3374 8750 5337 5570 7203 4774 7250 5511 8702 2509 3227 2284 4636 4455 767 7425 3999 106 3382 3944 3852 1938 490 3880 8295 9538 451 3990 548 1845 6716 9552 8172 7525 7104 6303 1406 3462 6202 494 4635 1382 899 7076 974 2602 9032 6010 9988 895 1165 6694 8531 3490 5495 531 4709 194 5872 1605 4972 634 2961 5492 4325 9633 8509 6196 9674 700 2755 1203 6285 7657 4955 4669 7379 4385 7033 8726 6840 2687 359 2916 5063 8296 5654 1751 7912 4986 6012 393 
79 3000 8814 6825 3059 8469 3972 8539 6222 1996 707 4018 5142 3448 8918 2927 5190 9934 5677 5458 6129 9509 2942 5200 3884 5607 8397 134 5451 9599 9415 1756 6916 1479 150 2320 4617 8667 1752 212 9414 2952 5706 3446 4094 5540 295 1282 3899 245 195 3976 177 4795 9184 650 7160 265 5986 5284 1866 8637 3232 845 7128 8483 9556 1525 7744 8774 4803 3118 9753 811 8372 1512 2844 8289 682 9315 5876 5474 7759 594 5534 3518 8954 3753 8106 4888 7780 2525 4384 5925 5879 5095 7694 7531 109 1344 5046 3974 
80 3000 2764 8223 1411 9822 4907 3247 7125 5006 2841 6117 8417 7996 7695 8465 1058 7116 8140 1727 7142 9974 6231 3136 4986 1023 6367 9847 2159 7244 7385 1181 1631 1952 7773 8994 1056 6733 4012 6179 5169 1501 2036 3281 1316 2682 1829 3244 8106 9522 5132 4288 7189 8521 6290 896 8155 5993 6210 2944 6567 8746 9459 2940 5107 2895 4469 1399 7859 791 6887 338 7708 6085 6032 4897 6869 6906 4487 3085 536 7173 818 3653 3666 6028 5407 2086 873 5394 9423 4728 9463 5660 6908 1027 5580 9488 9992 3904 3490 3746 
81 3000 7235 8253 7975 9569 5091 7558 9870 541 2496 8643 4705 9004 8586 4539 4493 492 3535 5483 2623 6288 2519 8040 1892 4109 2808 2344 5659 6916 3979 7475 2118 9844 1256 4953 1703 5262 1977 356 7614 5959 5182 3071 9471 6451 4326 4163 90 2411 3125 2368 5386 8234 4512 8222 7400 2716 2736 6297 451 2865 8569 5581 414 5833 7651 7968 7123 8976 1955 4882 9896 8035 4370 2025 6190 3449 6426 2241 3377 4783 9127 6520 3646 3293 6915 3115 2031 2604 4767 4789 7563 7521 8401 4186 7548 963 7623 7326 4968 9021 
82 3000 2787 5229 9012 4141 4388 3657 8721 6434 5775 990 9774 3107 8992 4218 4385 6026 3742 3063 4330 7396 9477 2226 7102 3569 613 1759 5188 6981 4871 5558 8471 6208 4737 7987 9755 4150 2061 8624 3421 4341 5761 5128 7201 5381 2673 4241 7085 3494 1507 905 5341 3215 9944 5511 1676 6194 4845 9265 7507 8134 5596 7692 3364 3846 570 2250 9422 435 6715 78 9147 8606 2273 1870 6078 2101 2619 7869 3728 5257 9223 1985 8611 8684 1742 4048 6393 3083 3235 173 1172 1172 8501 1258 7879 7748 5548 9607 7806 7869 
83 3000 177 3674 7256 3165 3700 934 9325 6268 3783 8880 8798 3375 8405 4144 183 4927 2949 9742 8859 4421 421 448 5354 5342 4787 6285 2749 6223 7436 4153 7203 3825 6772 7567 1607 4452 931 4537 2361 3378 3615 3555 9276 2409 3064 7723 8604 5565 4140 6997 9183 2892 3543 8557 1724 2392 8154 5303 1206 81 6496 2477 2407 8177 3327 2411 8555 1405 7353 7395 3106 1430 2067 672 4646 9419 9717 5566 4916 6723 8391 2718 9972 3684 2238 5467 4451 6570 4803 3340 8983 2634 5493 3672 715 3297 9169 1360 6960 5457 
84 3000 8856 6724 1981 921 1590 1511 6888 3967 7375 3012 2667 7023 1279 6309 6332 4481 8646 4646 204 4624 3437 7926 4312 9692 9691 9331 1919 4058 6123 68 8178 545 3829 2243 1906 4850 7134 9852 487 8112 7553 7905 7900 7589 880 9673 5872 5469 7406 2059 8155 5803 5255 9090 7925 9565 6853 3543 8317 7834 8515 6690 6067 3104 3160 6167 8300 8715 6152 1972 2423 6416 4265 586 9160 2043 7770 7216 8699 9333 5655 6174 9972 1854 3959 9362 3056 3064 7242 2902 4701 4497 3171 1880 6984 2070 237 3214 9083 514 
85 3000 8594 6653 2180 5938 4023 3896 7493 6509 5025 5842 7420 1259 3033 7957 9826 7025 5751 3770 5435 3500 3623 6500 8368 6421 9419 8793 9787 8878 950 600 4675 745 6911 5172 1740 6240 5842 3178 6443 9609 8222 4955 7143 8933 1678 875 4386 8065 9332 9845 3297 6683 1259 5927 9112 8478 9083 3082 5832 7464 3687 8042 7996 2406 6055 1310 5586 9382 1236 6273 2055 2467 5436 6458 5476 2540 6229 895 2823 4221 5902 7615 7372 923 7914 5276 9229 8042 6491 2901 8978 4264 9337 7757 4466 994 3476 1345 700 9924 
86 3000 4218 3524 2874 8705 7243 4758 2525 4766 3825 6484 6806 7242 9163 9610 894 7032 3851 1139 3512 4986 8468 8906 5582 8212 1288 4462 2005 4509 9127 4057 6564 4927 1301 7772 9945 4447 6721 6757 898 796 4104 8608 506 1375 5316 860 9596 8319 1835 2606 9257 1682 4340 4251 4501 745 5430 5372 1033 3448 5458 725 5160 3951 1500 4358 6813 8316 9444 1860 5702 8316 9205 735 592 3369 3062 8892 1708 596 7128 1271 6259 3004 5934 4589 7092 5798 150 207 4470 809 7420 5129 972 9057 6328 1125 9523 1434 
87 3000 3490 1972 4545 7511 3767 8831 6235 2471 3603 3737 7965 2172 7494 1225 6813 6325 7576 8075 7214 9806 6338 1181 7736 2090 2464 3547 981 4806 9799 8414 6620 7426 9434 1496 7535 1067 4927 1362 9103 430 639 7924 1598 3859 3197 9060 5714 1517 6091 5364 1224 1706 7382 3012 8750 5289 542 4760 4671 8258 8426 9067 9148 2413 353 7338 7278 4169 2326 9297 3368 1494 372 6482 8339 8966 7002 3868 257 955 807 9609 7978 2932 9170 2916 7932 905 4105 46 4023 8974 1223 8426 654 5019 1823 8901 8883 4503 
88 3000 8102 6101 5698 2411 1502 6941 6422 3305 4171 7239 236 9510 3549 6466 8834 7421 92 611 8203 1935 8104 3185 3519 9014 9704 4333 7180 6367 1919 8089 9956 2255 6893 7741 5265 2429 5232 9329 6578 5187 2467 3267 7946 4557 8644 4087 7651 1607 1037 8314 4982 3877 9990 455 143 2939 7883 7130 7273 80 1218 9308 605 109 5838 2684 3737 3295 5262 6177 2040 5420 2156 8543 8183 5967 2917 3129 784 4426 5392 740 6190 4730 9715 637 3377 7809 2273 9658 1978 2281 2797 9460 3437 3253 4575 1898 5285 9258 
89 3000 7794 2513 8541 7317 6000 2158 8242 6115 5695 6744 7093 7315 9047 5107 2246 4991 9728 5010 5202 3185 1887 7259 4839 1593 2231 7951 3561 9370 5244 8848 6579 7067 1528 5866 4312 6687 9264 5705 7916 9872 8804 587 7933 4207 389 1132 6070 7658 4983 7352 103 1128 8240 7774 1901 9139 7597 6685 8582 8647 2483 9501 6788 5968 7666 6267 87 1842 9710 3275 9502 4613 6571 2812 7163 1540 309 1031 3082 8231 2929 3944 5060 6197 5345 1547 1709 8543 9470 66 8609 3769 3431 2325 7583 7711 9908 6244 9097 3591 
90 3000 7602 1461 7794 210 5820 4075 1139 8248 2194 9521 1202 4705 3519 3563 9556 5454 9716 1418 5309 5926 928 4999 6250 9922 7726 8286 3133 6542 4457 827 7076 5246 5705 9353 87 9036 5880 7528 8720 5768 1934 3819 850 7581 9202 7491 5575 8459 367 2730 6244 9913 7545 887 6611 4792 7507 851 109 9211 13 7544 2255 2616 9281 8544 6176 5965 8574 8827 1263 8034 7916 3642 4946 9855 4931 9506 7597 7272 8810 3323 560 1627 7399 9635 7300 8563 7413 5986 7680 4965 7778 6426 5366 4013 6095 3126 8356 8368 
91 3000 8231 6126 2625 1482 1030 1207 8909 7026 8157 5887 2607 6455 9061 3541 6802 4689 1065 5647 8424 3922 4582 2159 7516 5552 1452 1 9644 247 6411 9689 1421 6121 1676 78 9163 5047 4664 1230 660 7091 8830 5414 85 3067 7632 6224 6015 5224 1620 5828 2591 6053 8653 336 3787 5221 7237 3299 819 4628 2991 7327 2668 1594 8235 3838 9736 166 4707 928 619 550 9402 9365 2015 6670 3537 6715 1744 1855 4639 9582 4908 2643 1765 3985 3163 719 3834 3849 7124 2967 1099 7631 1890 9663 9734 3062 5700 774 
92 3000 9547 18 1705 399 4824 1521 2878 9323 8290 2855 33 5704 8200 8813 2983 3878 8556 9071 4814 1294 2444 1681 9292 3575 8500 4693 1383 7698 500 5902 912 3306 74 717 9339 2137 2547 8160 9658 5588 5904 4986 9428 395 2878 7925 6923 2441 6165 4062 410 8695 6768 9323 554 7262 5457 5104 5941 5575 7358 3013 1731 6698 9676 7741 1440 3762 2523 8063 1837 2525 2894 5950 973 2050 1749 3824 9335 3520 4231 9924 4121 7169 3008 1805 6645 7338 4733 7956 2859 5665 9636 7549 7014 2385 4241 8308 8429 5773 
93 3000 7202 2507 1397 9694 8272 1088 8214 9293 389 5912 5328 4800 4893 125 2617 3464 9865 6656 5795 9615 1592 4842 1933 2841 9158 5165 8118 4303 2158 2134 3224 1166 1536 5273 2820 9156 3553 8243 7195 3246 6875 6095 2507 6466 2788 630 5067 6830 8539 3906 8737 2402 3798 9852 5457 4477 252 4016 8900 8888 4316 1436 1247 5440 2976 2639 3090 5471 2751 7757 6461 7534 1783 8776 982 1203 5057 9908 3142 9013 2732 6084 8704 6511 1615 9579 8227 447 9743 4754 5718 5075 4104 931 416 6594 1473 3386 1688 5701 
94 3000 2378 2470 7057 8278 8189 860 3358 4198 1336 8924 1012 4261 8646 8219 1429 5252 7806 3114 7536 3122 6958 535 7430 4299 7411 7835 1153 5125 9478 8791 597 9405 1448 7726 2528 4102 1669 1752 4744 3136 3766 1146 5346 9324 4980 7840 5143 4435 7635 2050 3181 7375 3723 7014 5392 497 2624 1866 6377 4031 1943 2636 4299 8645 1476 1365 8920 6129 300 3355 2747 8202 6985 2539 5314 3448 2938 4978 579 2371 8865 478 7455 581 4363 2343 3463 103 632 5240 1507 8810 6318 1198 9777 7980 6475 3729 4776 7982 
95 3000 4657 74 7475 2083 8131 1572 2586 8382 6219 2160 969 9870 1761 4990 5154 2612 5706 7178 7999 2054 4825 2673 4464 7461 2555 3258 6513 4471 2958 7661 1142 5783 7816 8813 1534 9962 6843 9211 1333 8374 1024 4416 2046 244 9085 4677 3573 5840 7076 4672 7859 7784 1091 1384 5668 481 3105 94 6489 7679 9940 8502 1563 8157 5355 8977 33 9527 5260 8922 8224 172 6056 9277 2043 9302 6102 1132 2507 5140 302 481 4399 1230 7819 1088 8038 868 2919 5485 4189 9665 8933 4094 2084 6226 5348 2469 579 963 
96 3000 8020 6673 2429 3023 2515 6770 1691 5355 576 8446 4251 7884 9707 2758 1477 8826 5897 4002 6995 4121 9448 5712 6593 4988 3953 4778 1249 3613 8373 3695 3278 6954 2263 930 5617 8677 4103 9425 4223 9214 2769 3211 3599 3945 2120 2158 5450 9509 8713 4844 458 8238 2644 9553 3186 710 1511 3397 103 6441 7505 9557 739 2687 7626 2660 1960 1381 7020 2272 5372 4189 5446 4519 7846 5696 6866 1834 5176 4714 2158 829 8848 3716 4957 8288 5949 6391 622 5292 2192 3334 8321 9462 8069 5848 6248 5330 8126 7883 
97 3000 9967 2840 3369 6091 3870 3962 6788 8010 5770 7442 2012 8377 4618 1675 5083 3554 1340 5696 9364 4092 2800 8305 3561 5413 8896 5312 2876 6621 2769 4907 3287 7431 4147 1158 8948 3230 5805 5631 2719 8261 3160 7136 9815 6932 6984 9599 4585 3249 9242 8056 415 8372 2058 2778 2754 6303 9807 1512 5266 7693 4327 9857 9110 1773 3259 9755 5341 6417 1515 6118 435 6321 5862 1570 4944 9317 2643 9317 5273 800 8615 4148 8583 6293 4910 1553 816 2127 4131 4967 7847 4249 560 1147 9768 5158 3506 3661 8280 8962 
98 3000 3762 4516 7229 4564 3201 3897 6255 6965 7485 8046 7568 6705 1911 5251 5851 7415 370 9971 1292 1506 7442 5081 5727 3974 3608 2244 1929 4332 3588 405 5998 6676 7812 2415 2898 7861 7004 9773 5106 3813 9898 5503 4388 3962 4080 5144 6702 3800 9951 5874 227 5566 7818 3758 6514 7054 8108 9115 4763 8546 4707 17 9226 7870 1428 3908 9736 3588 1597 7352 5354 6296 770 3905 1154 8068 2573 106 8117 6 7667 9605 6166 7927 5834 5403 313 6174 1199 227 9940 9545 563 5025 1199 3354 4873 5586 2538 1616 
99 3000 3806 7288 3357 3351 3491 7968 5785 7023 7343 8917 9579 3095 31 4004 154 4715 4568 6919 9734 6521 2521 6546 1631 1579 7359 459 7647 6439 910 6541 8598 4318 2957 2735 7972 6411 3948 4909 8703 1323 840 2856 3071 2627 6058 4414 5736 4550 9594 7711 9883 5779 4212 1539 6505 1395 3794 3848 6803 2934 4805 8366 7713 6568 877 9348 557 9414 532 4446 2826 3967 8014 5703 3075 664 7261 8676 8956 8558 8989 9683 8368 4135 910 1173 3732 8242 1071 5221 9400 1152 4319 5151 2176 5739 1892 5281 4969 8793 
100 3000 4129 8795 3574 454 6318 3736 6574 1765 7654 7132 8360 360 3329 7240 5296 4273 9754 3915 4983 3868 2890 7109 8671 1901 9718 3489 6782 1703 2827 1189 7565 3486 8130 2672 8869 8781 5703 5735 3049 2991 3749 2625 4993 6080 5691 7286 3274 1379 384 732 4426 2520 5453 4539 347 8494 3764 2472 8827 6834 3010 224 7203 4928 8423 3294 9128 9445 8619 2979 4483 3902 4562 495 2400 4341 1651 9225 7411 3139 4936 5090 8732 947 7461 5042 2661 6739 1722 3690 8106 6005 4265 8043 5240 7053 3395 379 7273 5446 
