FILE: 1123UnifS.txt
100 100 0 
1 3000 5602 5604 4459 1520 8220 883 7473 3471 3479 1568 2771 3753 557 8656 3387 402 4057 9969 4217 9167 2656 6464 9728 6380 884 6661 4799 9955 4026 9208 8690 8505 6149 3561 2127 8593 1256 8791 7520 98 7559 523 2300 9715 4888 5991 5386 2574 5212 7221 6776 1988 6297 2340 258 7321 8476 5013 9252 9988 4561 1996 5776 7573 2861 8824 2533 6075 3340 3619 8131 282 6893 9019 5414 2264 7747 2246 2937 7998 8991 3277 9549 2107 1227 1166 2109 740 4344 8466 6328 2562 2428 3795 733 7876 1781 2517 3754 5870 
2 3000 2080 5551 3944 9990 650 6304 3315 1431 9867 5729 3804 765 7690 5512 6861 7679 1304 9377 6170 8854 3908 2518 3479 3955 4610 9166 7574 9755 1456 8263 6365 2382 7584 7274 2099 7688 500 4125 9704 9745 4481 7253 8249 7468 6102 3799 5540 9358 2886 5908 5829 6379 5088 5169 656 2946 589 5170 2815 6054 2929 2184 3443 2517 2459 3973 2235 4344 614 6730 781 2235 7321 128 9038 7198 1522 510 4911 299 4830 2196 6975 532 8303 6916 309 816 2347 1368 5468 2113 9746 2903 564 5677 1812 3334 6489 3424 
3 3000 7661 868 5249 6429 6619 164 1434 1546 3747 519 6801 6155 8494 2176 7997 1031 6474 757 7391 1343 4368 9819 7047 5775 7952 1545 5804 3768 3251 5542 9500 895 811 5786 4308 2359 3108 5671 3199 4606 5071 1198 5535 5081 7735 2284 9783 91 5020 2189 9353 807 3633 5085 1565 7381 6092 1730 9739 1193 6883 3283 8408 5224 1734 3233 1660 2552 20 7461 4599 2969 288 2422 7940 7731 8910 1454 5722 2431 1862 9212 6144 7987 9625 4226 5537 9773 5210 9584 5446 4857 5315 1742 2851 7378 4600 7456 3505 2038 
4 3000 3087 8843 8396 5725 6693 6562 3343 7260 877 1123 1703 5265 7420 2323 218 4162 4326 6803 7976 8292 8852 3729 8500 4164 3656 8605 4967 823 6078 5204 8544 8347 543 5629 9855 4469 4082 8491 3568 9322 4993 5226 6114 8312 4612 4520 6524 3111 2219 4875 395 782 3062 5287 6978 1019 9512 4057 9396 1526 5340 5725 7980 1507 3119 6128 6738 3290 4750 5584 2943 2071 5116 199 9844 3788 8860 1302 2515 1115 286 3004 6809 7582 6385 7882 1456 9825 2991 784 3275 7954 4054 767 5513 4048 4047 1152 9311 8780 
5 3000 3490 7712 8293 6161 7603 4976 6282 6410 8083 666 8140 6951 8010 8251 3730 1536 9867 7637 5010 7488 6700 3971 6244 1074 6391 4577 7344 1000 9061 4011 335 33 7599 7250 8945 4747 1311 995 1317 3394 2702 3110 5852 1900 7372 175 174 7985 7052 3175 3216 3411 5747 1305 441 4352 9021 3904 2174 9891 6393 516 5076 8639 6871 9069 6725 3483 7599 2190 3336 4458 5635 1632 602 9741 2856 837 7653 4771 3985 5619 4151 9499 7739 2970 505 3756 1113 7996 1206 751 6775 8976 1296 8690 3601 544 5959 524 
6 3000 322 4997 3229 1819 2303 1731 9840 6753 1444 4799 180 2235 9211 8592 8391 155 2784 1652 3574 7752 4337 8601 8139 6109 3440 203 9260 6778 2585 1546 3473 6523 5840 8351 4385 192 626 1404 3518 1715 2618 9119 4271 3220 3775 8217 9011 2285 3488 2537 9288 7307 2863 9967 9175 995 2119 7508 1731 1995 1116 4450 8593 4635 3009 3688 2692 6795 1024 1150 4087 5906 8361 3360 8938 3067 1222 3118 1588 5293 4961 3310 9785 5888 3362 8842 3015 2937 1046 6700 3972 5932 8990 4128 3146 514 3186 4943 6538 1345 
7 3000 6416 3966 6498 3107 3155 9581 5695 9618 7597 4416 4199 1082 4807 4157 9703 9461 5003 4475 860 1966 952 6090 3748 2682 8501 7953 1458 2315 229 8552 6813 6059 2223 5351 8203 9596 3982 2343 8555 3214 1444 5736 7418 4058 3137 7763 6181 6494 9456 8612 6412 609 5071 6489 1322 8836 4446 5798 355 691 496 3451 6905 5652 6365 3303 9153 4152 326 8707 4033 6699 3809 3200 4324 1124 2555 9314 8859 7952 892 5502 5872 3898 9135 1207 9457 3486 4118 37 9162 8798 2844 1076 2702 7343 9261 8319 1798 8055 
8 3000 4167 8233 1142 5412 8237 5432 490 1685 8171 6495 9874 7304 5979 1894 7940 9360 1375 6056 3418 8224 7312 5542 9707 2289 8630 5360 2594 847 3831 3399 1090 5084 9990 2981 1396 7197 772 3554 3995 7645 7592 9492 3865 516 3887 7035 3818 7026 2525 9344 968 7141 6324 9686 6316 9318 1711 2741 7469 8383 5496 4038 4480 1519 4776 7513 8808 2395 9959 1189 5414 3408 924 991 7971 6054 6288 2674 7208 9425 5817 1884 2371 6830 5949 2343 5814 541 8446 2154 716 4665 2175 8237 1919 6138 8007 8888 9892 3847 
9 3000 6844 4461 7823 5879 776 6176 1831 4885 7350 3057 4310 1585 6983 6985 390 6382 3480 5885 7528 9111 7691 5034 8224 6912 4288 6493 5859 221 1666 6668 3662 6897 4971 1992 6798 4461 2254 2734 7583 476 3744 4934 3826 1036 4256 459 289 7388 8714 5186 3284 683 805 5317 8380 4840 4756 1803 1250 7548 236 2912 1631 9384 386 4906 416 1060 2967 851 9866 8795 4640 7553 6956 7808 8369 615 9832 3942 3945 7619 7407 3410 1644 9438 2074 666 8997 9667 5545 4397 699 2182 7814 1652 1632 6825 9252 80 
10 3000 3021 3211 5819 8307 1707 2661 7402 4429 2552 8264 9282 2634 3968 3056 6726 7948 6565 6333 2695 9106 4932 8082 8693 9548 2537 1538 8723 6541 9756 3873 6384 8424 5024 5000 5080 9980 9115 4507 1365 5930 2540 6717 1404 2557 6078 3871 564 7450 4427 7438 6131 7378 2981 7545 3146 4280 7732 541 3373 9395 8301 4673 7386 5498 4084 3904 9788 7280 3535 9838 7546 9838 6564 1784 1460 5301 70 4937 749 7571 6587 6687 771 5198 6064 1056 3856 2373 768 1250 3276 8054 3313 348 336 3205 7808 108 4581 6174 
11 3000 4136 7903 7147 6185 5358 1776 7214 4960 8239 3626 1607 6465 6901 518 7503 4783 9600 4112 8273 106 8627 8227 2448 2860 3337 4520 5809 5950 6303 6298 6599 5129 2588 449 3868 7498 2152 7503 8931 8124 5380 9812 9964 4787 1728 7864 9716 850 1510 4711 6348 6257 790 8532 7401 6655 9418 3314 6881 636 2176 7660 5480 5112 3061 1726 3911 8808 2680 2276 9374 3886 8787 5868 5146 5690 9926 162 3299 615 2214 3352 534 2107 9241 1726 7149 4782 5100 5351 9129 6669 536 1878 3363 9589 2225 8480 5977 7643 
12 3000 5174 1906 3806 3837 8256 6667 8980 4829 2850 1347 6641 3796 4631 3032 5780 1435 8462 9869 3205 5081 6429 1755 630 5953 8990 9139 4885 4528 9250 9960 1266 4033 367 4702 9991 2070 6081 9582 5791 358 4359 7855 630 2609 4181 9249 9539 519 5435 7522 9585 7894 1950 6149 1958 2892 7644 2128 7187 8395 5805 7914 3482 507 1491 1476 8193 5175 7058 4486 2405 2932 811 8622 8654 1771 8785 1 1761 8140 9643 1745 2800 6064 2707 4656 6190 4389 9107 6031 9907 2156 6062 6589 8823 2095 4278 5539 1175 2245 
13 3000 8481 3753 8150 5705 1062 5082 6603 8499 8861 5787 4897 5577 3068 2099 1865 4932 2245 5900 8903 9851 8486 8532 5183 9280 6689 2735 5992 6325 6961 2700 4201 4872 145 2254 4850 4331 6470 1171 2866 2509 7331 9605 3899 6608 192 645 8294 2340 6609 1002 8173 1180 3388 9819 7654 5731 6857 5599 6190 3227 273 1270 5036 7146 4346 7363 6833 6964 893 3326 8330 6019 9614 6952 6218 7513 7998 1942 6100 8630 4345 3587 4575 2781 3920 2575 4458 9979 8235 6929 3118 5330 7445 2060 3941 5661 5877 8954 924 4259 
14 3000 687 481 6384 3745 3630 5827 1805 7072 5969 3052 1796 6643 6496 9777 1186 1559 2691 1988 5235 2988 4994 973 2977 7665 4210 8380 3682 9508 2035 9399 6449 9370 4711 4072 2918 2904 9799 6727 3111 6564 6086 3535 4397 1722 6609 8195 3582 6917 4807 5741 2123 8226 3803 4479 4468 7759 8800 6041 9522 279 2614 3571 5235 7952 4322 8035 6320 3213 1041 2651 5088 9768 2833 5451 5417 1707 727 9964 9840 760 7877 4022 9761 1660 3832 6695 8793 5642 1949 3353 9224 2065 9908 8843 1608 8158 3376 8804 7478 6889 
15 3000 2776 9097 5186 2963 3191 3362 8868 6942 7397 8708 535 7493 2006 9515 5287 1756 6752 9370 9652 3843 6887 1127 3053 1458 8714 5089 2394 643 8233 5317 9782 8648 2923 4062 3357 4928 6644 4328 1264 267 7662 549 8744 4019 9803 7406 8340 9482 6732 6751 3247 7393 9349 2674 3771 7551 6325 4682 6920 8561 7748 9007 9119 5707 1903 8045 2051 6944 5173 7908 1620 7025 5068 4111 42 9743 6376 5380 1059 8303 441 5586 8279 3819 7566 3804 6643 1934 2537 2493 7010 7567 3280 3812 3879 7783 2635 4045 6221 2789 
16 3000 3260 6165 1449 5057 5659 516 2506 6569 9331 3623 8082 4188 7051 5124 5949 3152 2270 2827 9431 8701 9644 5898 6992 5815 8685 6166 4950 7092 540 7558 3317 8742 7890 3657 4764 4705 7981 3388 6713 8902 8777 4821 6548 5602 8231 7112 9958 7921 6695 554 2401 4441 2442 4768 3692 3959 322 5004 5721 8353 3537 6583 3290 3583 8542 7447 8079 8811 3079 8849 5738 3645 7319 4160 6096 3513 8150 5799 6508 3154 6572 296 8316 8248 8225 1476 6436 5153 7048 1764 2081 8780 2046 1618 8592 8591 7202 7094 408 2717 
17 3000 4497 5523 5157 204 67 9324 8864 1386 3479 7932 4300 6382 133 7864 2438 1713 6789 897 7050 5052 219 379 2418 8092 8987 5661 4173 7546 8349 4659 3265 4264 8280 4533 3047 482 4627 499 9492 5190 3388 2759 4534 7634 8112 1567 2532 8928 428 402 9860 1810 3694 7285 7620 8505 9781 4211 7486 6727 8968 4703 663 3795 2973 9502 9984 8883 1107 371 5117 3391 9547 2030 912 9438 3741 2216 8862 6485 3937 9864 1693 6081 3831 1419 1078 4736 2347 5264 8480 4912 8540 4285 9116 4150 9622 6552 9043 2313 
18 3000 2114 4125 5379 6956 6125 9991 9636 6824 2752 3122 4191 3475 4611 1658 1874 1020 9485 4215 8678 4001 7104 9320 9608 3382 9048 2968 7637 673 1770 4307 5802 175 2755 9447 2415 9351 9792 3391 9406 7322 3378 96 3783 1490 2245 655 2229 2281 2016 9609 8811 6017 6974 9376 5820 5915 4974 2810 7741 1204 5464 3890 8337 4373 639 6522 866 6543 9719 1477 1423 961 6350 1447 5402 4623 9135 4230 7086 8018 5279 4037 2364 3002 7375 930 4568 8791 3301 8373 3440 6086 9247 8924 7222 9312 5872 8037 7869 6999 
19 3000 7575 5999 9389 270 4902 7987 9311 9464 74 2254 3270 8885 5633 6435 2726 9671 6228 1980 5803 790 3511 6718 1249 8159 4166 5532 5536 1897 1062 9176 3063 1686 7530 1203 9505 278 4766 3026 8274 5106 2357 7101 107 8038 1936 8237 5787 3243 3953 3025 1975 3190 7587 7404 182 2767 3764 2337 8853 1530 1316 7625 8587 4071 6254 3838 472 8514 4174 2375 7554 3140 5781 3645 9424 1129 5543 3379 9934 3433 3469 7063 8037 9770 10 2493 1751 7751 4087 462 5250 118 4241 3570 9079 120 2917 3152 3491 5009 
20 3000 3859 4343 4915 7659 2639 9257 5546 6314 314 8298 6056 2458 197 9591 1438 6811 7764 6544 9971 3453 3679 3530 5304 2064 9946 9696 1678 8301 9190 893 2263 2291 7053 9743 622 5254 7727 3812 5300 4246 2605 1927 7542 5035 2056 8607 2132 3092 331 6619 1355 2714 3586 7665 2090 4272 1038 1188 6024 9579 9241 1310 2990 5389 9488 1883 7437 5016 8339 9682 8012 8081 1274 5704 281 8381 9467 4610 2568 9890 9693 2278 4917 876 7352 1488 1184 6146 2623 5733 4253 7422 9741 1149 4373 1833 9397 6576 624 8538 
21 3000 4271 1740 5508 3471 7678 3563 2661 2213 5349 598 7697 987 333 5581 2170 5781 1023 6124 663 9592 2310 3516 1006 7797 9859 9659 7613 1653 7513 2130 7947 9912 7817 7359 2114 8573 5674 1941 5571 8748 5122 2068 4972 2662 9232 1090 7129 7771 3143 5195 1103 9012 206 7222 3421 9170 1267 8589 6410 7377 7067 9358 9670 5729 3772 6413 4657 4039 1621 9772 2400 2702 6706 7019 4343 3692 5875 5864 6307 9688 4757 4825 5580 1313 8917 2036 1136 2509 8132 2186 6967 4034 3793 1569 8556 5081 9431 1274 2462 3024 
22 3000 4375 8492 9036 1291 521 5949 8261 5359 2242 9464 8717 6873 9410 3635 9671 5897 3553 5646 6290 1279 7127 7198 7984 9155 5922 4574 9869 9560 4590 6815 7356 1183 5294 2037 3868 4234 9487 1855 1678 1441 2816 3951 5874 7168 3148 2751 1450 4669 1720 8235 3522 1449 7420 2874 663 2767 4188 6683 1373 3257 1542 410 3666 6670 8235 6842 7785 3747 9024 237 2044 8217 4581 3886 1790 916 4514 5794 1496 2033 3525 2490 9971 1484 681 961 8705 7402 1821 8707 3331 2765 5084 1932 8216 138 9556 1843 4175 4546 
23 3000 7052 9091 9311 4467 7017 6328 2981 957 4554 8887 2883 4895 1576 3596 5274 2351 1080 5707 8310 8087 4556 3957 8507 7175 2509 3753 334 4743 8114 8475 8927 3848 3990 8917 5930 1470 2108 838 8458 2634 6813 654 1188 2657 980 9238 1572 7518 5288 3861 8181 2353 624 8244 2164 8079 3613 746 1845 6139 5266 674 430 1371 2759 2711 6852 3005 4336 9478 9737 3788 7336 2218 4487 7225 9345 9603 3502 2950 2473 4670 9517 228 758 9876 2067 9569 691 286 7076 2480 4871 4876 9572 9330 8779 5972 9529 5352 
24 3000 684 6807 830 4762 4668 7201 3356 3002 6778 7375 8203 7116 4307 9883 6022 4242 8190 9666 8479 8237 8537 2244 2853 4420 3285 16 9742 2443 9969 6699 3911 7291 633 9886 8251 8396 9853 1727 872 6893 5887 7741 5315 980 4958 3747 3895 9424 8652 924 4164 3174 4447 8994 8501 5113 9365 7529 6829 7927 6749 5388 2450 99 6167 8275 1015 34 6436 4419 2610 8302 1779 8386 6974 8012 1098 3012 1837 3303 378 9461 4384 5972 8216 5408 5848 214 4470 1351 9221 5497 2040 5039 97 7557 1767 4036 634 7516 
25 3000 463 6399 6647 9134 2061 9495 7821 4176 1895 6924 1051 5909 4099 3586 6905 723 2138 8861 9219 7878 2457 7918 7807 7372 1261 1149 4302 5943 4417 1728 1122 1184 479 1292 3559 3793 6842 3753 4994 7941 9020 7231 5236 9771 3048 4110 1990 4019 1008 9224 5441 8758 9683 6165 5976 8268 2333 1716 5018 4038 3598 8412 8994 3881 7527 5219 6422 9182 8727 6348 8131 272 6642 8183 595 9919 2957 4345 2402 4952 2121 8871 3840 6008 5005 7528 9617 5402 5674 7239 4695 3120 1293 3649 3262 947 5154 6805 813 4708 
26 3000 2825 4963 9372 4637 1433 6526 5829 3881 2059 100 3404 5113 5273 2676 6241 5284 9781 5942 7117 8490 4205 715 8285 6969 1985 9500 5440 226 9404 7171 4807 2272 6744 9785 3354 7002 2560 1509 2138 1687 1086 9686 2762 8594 2757 8010 6972 4739 7868 7843 9366 9749 3346 7643 3239 1864 2655 524 9543 2058 8822 9942 8980 6281 590 3499 7217 5835 1695 4880 3223 5866 3270 3913 738 1988 9370 4747 2857 5027 5625 2166 9753 3896 1018 6020 9507 6585 2787 3783 2083 9285 4453 1239 6410 3638 6971 1290 599 2101 
27 3000 3007 888 5287 1447 4344 6093 96 4385 2405 5261 3224 9304 1907 347 4165 8148 7639 6344 9542 2409 4362 8836 2075 7250 9842 9687 2671 3748 994 845 5639 9268 3167 6279 7030 5960 2541 2035 6099 7377 1659 4423 9899 3223 8073 6322 993 2222 6129 1614 8293 3118 1864 7745 1031 3793 1033 6408 5840 8514 267 2348 6976 3303 1343 302 9653 9435 8593 51 6512 5057 9425 9608 7207 4938 7980 6526 1123 8334 1909 7328 3214 4990 2274 5070 2966 9258 6573 5025 6494 2342 4897 8486 1748 2672 9207 4706 6858 4399 
28 3000 5732 951 1598 4016 498 689 1976 5104 7986 9894 7946 1202 2899 1483 4253 6805 5074 7872 4394 6485 7505 1661 7708 2135 7493 4444 9594 8342 928 3737 4846 5883 9690 8045 4121 3346 2175 37 3530 6875 6947 7862 7350 8041 9518 4578 3864 9841 2249 5711 4328 816 7374 4940 5059 7298 3160 7907 2652 3780 3176 4145 2317 1417 8701 7143 9344 4639 4249 2527 3697 5906 6222 4366 7723 8570 4687 9611 6996 7879 8279 647 4281 94 2226 5985 6623 9734 9506 9061 5562 4953 5120 5177 473 1028 3496 6558 5031 1987 
29 3000 9015 5531 6802 350 9667 5841 9954 5004 3825 2079 1101 7197 147 7242 8268 4659 606 8417 2976 3850 6640 591 5462 328 8431 8582 3016 7247 7308 7098 1446 1981 1269 8923 9671 862 3641 1223 7432 2060 4852 9981 6131 6574 7336 2555 2802 7354 3557 8361 7194 6548 7168 7683 1990 870 7279 8606 6145 5103 5869 2075 1353 3713 8305 5075 1632 597 7000 1948 6045 6956 8188 3816 4536 7291 1827 6148 6897 3521 4626 4440 4853 7232 6198 8023 7286 48 8334 2000 8564 2125 7412 7298 14 8775 9918 8861 4509 5208 
30 3000 1102 1950 4182 9408 6754 6580 1268 3126 8105 80 2066 1001 9858 7776 4030 7808 1337 1796 5987 3828 765 8009 1472 8343 2669 1080 5194 1259 8404 7654 2630 2850 9805 7665 2733 1633 5968 3772 3778 358 3150 8913 2323 137 7796 1993 5301 2680 2692 1688 5233 677 6243 8384 8570 6285 4873 4229 7157 7756 8556 1326 2819 4177 9465 8029 5084 8347 3751 3390 2016 7768 6446 9707 4182 3769 9486 3214 1741 8752 2872 2884 4663 1561 8937 7370 6061 982 9756 58 8665 7359 7670 2250 4404 2344 8941 4478 7126 6768 
31 3000 523 5933 8435 6633 9974 2023 6656 7240 8474 61 8928 5427 6983 3070 6414 9947 5517 1718 2645 9961 5550 4375 4984 1658 5542 5301 9211 3005 9589 947 7247 6612 9204 4397 7985 734 8217 7920 1259 8391 803 3658 4936 4611 2633 2431 5126 1803 5153 674 9524 3253 2988 5493 3875 4747 4465 7850 1566 4313 5267 3872 6335 96 5214 4282 8117 6350 8158 1960 2006 7565 5019 7628 343 708 9929 3653 7937 5594 9516 5986 398 3388 5303 4221 5604 3217 9235 9771 8294 6924 2333 2187 7779 1936 6472 3584 8783 2260 
32 3000 9279 1203 5408 7603 2166 8093 8225 622 1479 1921 4487 2289 2775 1904 1469 5393 8226 3869 2934 6159 7147 3437 8723 3992 9644 7330 7468 9351 3399 2804 2434 9743 3563 5210 481 3847 5791 3678 4157 3757 2390 4921 6913 5352 1599 5174 1437 6799 9990 249 1128 5165 7995 3721 4678 1170 8558 3234 3791 2055 8914 4937 4020 2579 5491 6041 8737 4139 1936 5504 6217 2017 270 2839 9854 753 5160 5045 1505 7635 1328 1671 7951 4328 4074 7996 486 6614 2931 6336 7635 2267 8437 5483 994 7047 2046 8257 4191 8820 
33 3000 9149 7196 4979 9808 5225 8359 449 6956 5126 3265 5373 430 5472 8946 3665 238 181 6135 2972 978 9121 5572 2391 4704 9889 2439 3307 1926 2712 8918 3356 733 8472 4875 3521 4033 9865 6669 8337 4929 5669 4082 9242 213 8154 5384 1034 1988 3608 511 1463 7415 5986 2376 3946 6580 3689 6304 3408 8496 9469 7585 5246 5219 3452 7166 7418 4096 9294 5452 5657 8139 3456 4244 1814 4514 7607 6795 5323 1170 4152 5997 7785 1580 4883 685 689 7615 2757 75 6251 536 6801 6319 1375 119 134 5191 4746 1902 
34 3000 1123 4895 7046 2552 7660 2999 4290 3362 4564 1491 4294 1875 4107 9966 6264 1628 9669 6934 3509 24 2513 9250 9285 4324 1690 9679 5755 5777 7061 2573 6082 1856 5457 7683 9644 6635 9949 2095 371 9286 2255 281 8212 695 8268 2292 3727 8213 6702 58 5795 8524 878 1829 2462 8642 3618 4727 4901 5033 5280 5435 4503 860 4904 9003 3089 1356 4493 5780 6257 7316 6416 6477 9840 6722 3930 5346 9499 4489 4840 1493 3435 332 8270 8308 8234 4766 4568 1023 7827 3229 8334 2401 5583 8321 4571 6538 9521 181 
35 3000 7963 802 651 4981 5276 5888 4442 1548 888 4003 5406 6110 5439 5175 4818 5164 7610 1685 1551 6478 9022 627 6046 8207 2270 4592 7400 6141 2067 475 3577 9076 9528 6410 4754 2310 9570 6826 9782 9264 1437 5636 5776 1230 2358 7539 832 5239 4317 7460 9864 57 3963 8101 3572 309 5631 5634 529 8726 7498 3500 2396 6508 858 4350 2266 1832 2528 101 6122 6463 372 117 7433 505 1953 7521 4866 5271 6313 3629 3125 4281 8873 505 6918 2377 9463 1647 8046 2979 3471 798 5618 3445 6124 8872 9389 8578 
36 3000 9885 9023 6228 2236 4987 9819 9705 7088 3082 6556 2809 2479 4015 691 3785 430 5734 7398 5099 9753 7311 1256 5529 8305 5095 54 5380 3354 1994 6724 4824 75 9872 9403 5362 8174 5079 9616 4417 6633 7102 8580 3050 6579 346 1643 6795 2283 9030 843 9627 278 5219 5584 1052 6608 9977 1454 6322 2199 7639 7153 9772 6354 3221 9552 1288 8371 2940 6880 5896 7296 7872 28 6477 9788 724 1985 9606 6119 5741 5398 4517 4293 1733 8253 5193 2293 8223 7684 5582 8450 4730 1907 7934 9943 3166 280 4270 9417 
37 3000 3368 1485 968 9729 1747 9836 6479 6822 3069 9714 2170 719 5352 8126 6282 4642 7897 5387 1027 2264 2442 3929 2798 3072 7435 5234 5512 5872 5438 4897 7071 404 3655 5803 8958 7088 7587 9439 8945 4899 7801 5328 6937 7360 9843 8586 3936 6666 7257 5608 4130 5924 7741 7874 110 9533 2425 3884 1206 1671 8269 9215 4956 2924 3598 4708 1693 5026 6747 2773 2263 3735 7841 1824 8859 9823 3698 8839 8992 8206 5857 40 2579 5179 1727 9706 2156 3798 8869 7103 6218 7368 2394 1544 5688 1069 5492 5573 3500 1699 
38 3000 3086 6274 7322 5546 8608 4702 5387 4387 3900 3446 5465 9604 2242 2306 6950 4433 4508 2110 6074 4335 8438 6639 4249 5493 1042 2693 9530 1431 4130 8271 1204 7760 2961 8877 7510 5051 8022 1959 6472 9831 9929 9466 9868 3702 7458 8529 319 589 8692 271 1504 2111 5302 6741 1501 1075 9948 5975 9246 3101 6809 5174 4132 6363 5229 2017 8716 9465 6502 4094 4565 7434 3770 6462 1214 5842 5048 7331 8262 3053 9384 1874 585 593 6130 4157 6673 1644 7344 7199 100 7671 3322 1156 4109 3163 1248 9631 9330 8505 
39 3000 6970 4103 4617 976 9903 6492 1017 3866 1059 9837 8855 3729 4194 7107 7954 5746 92 8135 968 7229 3961 4676 9856 9234 5966 3591 5463 6315 4876 8153 239 4389 4845 7486 4080 6735 5313 4118 3291 8115 4034 9668 2675 7020 3228 8653 750 6039 8859 422 8087 358 3033 9216 8777 4381 9534 2350 5018 6472 2469 6520 4832 1832 8046 2240 2905 3492 9480 6401 4550 1432 5019 2948 2798 9831 9094 1699 8612 2437 6599 5268 4231 6062 292 4131 9627 2203 1323 9807 2102 6789 2885 6166 8999 8053 6994 8864 3543 2525 
40 3000 4389 2900 3807 9158 7559 8301 4799 1567 6900 3930 3680 8408 9984 9419 8101 1869 3970 5230 7669 4292 1126 835 8540 2920 7481 1028 1127 2766 4608 355 945 7614 4520 5676 2576 9134 7699 6848 6755 4132 4252 5531 590 9919 8183 2124 898 7810 4800 824 668 4741 1238 2808 8659 3019 116 7540 2105 8190 6309 2211 2562 5038 6856 9291 4870 1703 3983 2214 9243 1929 1258 9189 6483 5436 2866 5132 6323 6413 6014 1724 8887 141 6455 5597 9284 7741 7146 4639 5322 9042 16 2431 8346 3577 880 804 7204 9707 
41 3000 7457 520 5338 1864 526 88 997 5926 8203 2689 578 2707 3344 1240 5089 9584 4072 1577 9743 240 7428 3760 6667 2537 6150 1513 747 4509 8575 9776 8591 8487 1665 391 617 3341 7163 5914 6270 4855 864 1544 2363 4222 5024 5183 4538 4661 3883 5620 1860 6170 2321 8839 4528 8393 7630 2454 4717 1614 4422 8267 544 5885 2653 2949 3155 8263 8776 6854 6941 8192 18 946 2881 987 1784 1863 4999 9465 8183 5099 9963 3686 5681 6310 9794 8826 9876 753 7707 1172 5404 838 7077 2242 8965 1818 3529 1036 
42 3000 5472 5592 149 4401 7336 2642 5831 5532 6859 2091 6734 587 1768 9887 877 3442 3866 5111 5854 8554 808 4408 9668 1961 1004 4551 4705 402 1646 3120 4815 8564 9861 7313 5533 4451 6987 880 7416 2885 5979 9178 2507 7119 1932 2358 3929 8592 5734 6675 8596 4793 847 3916 3052 5261 3204 8964 2440 5705 4241 5478 2589 250 7047 9704 5231 1808 5642 2408 6336 576 7379 8933 7583 653 8470 7385 945 4790 2642 4939 6409 7260 2911 2276 2809 4851 6486 6139 1796 5993 2795 16 4928 7999 4640 2950 3881 2439 
43 3000 2471 6475 3792 8635 1789 9668 9723 5281 3677 2339 6251 192 8447 6339 181 8171 2421 4986 6390 7010 7833 636 6788 1608 5854 356 2408 6216 2747 9737 8623 4810 9142 4828 3487 9590 2443 2193 9194 7594 2347 7096 6673 5450 9506 9809 3302 2244 7297 44 3748 519 6727 9516 3928 5392 4461 2622 8104 1804 3974 5249 9095 9889 9827 1715 1620 8471 5073 9818 8757 6684 1777 4027 1537 3719 4678 6785 1660 6695 7958 7948 7332 6655 5150 2340 2230 2686 2162 5436 7593 4168 3429 7174 7437 1142 1196 3885 6893 2808 
44 3000 7911 8355 3676 4144 1761 8005 2670 655 5319 1204 3644 1242 7326 1696 2095 9199 7586 1167 3208 1333 5001 9922 8951 5213 8721 5695 8285 4536 2417 585 508 2629 1689 6113 1717 4064 4593 6404 4398 4410 5288 9500 142 8100 818 6786 5487 4429 1016 559 876 1674 1525 9703 2754 9342 9955 3499 8780 8538 5161 3564 6165 463 9641 3904 3141 3036 5069 9097 3546 5639 940 608 4543 1987 6357 1216 7459 1125 4923 7576 1747 6552 2777 901 2079 3460 9740 5772 8559 4114 3598 7070 66 1341 7499 5037 712 154 
45 3000 483 8457 9441 7497 1135 5966 2736 119 4360 5485 463 567 1289 1779 4835 1307 2302 2140 2501 6972 3184 198 9763 4732 4398 7850 911 2791 3495 5324 9695 7007 631 9356 3910 5638 7228 9507 3109 2214 7749 2589 9450 6533 4597 5227 1654 3781 6146 4543 2098 1781 7892 6964 7028 6358 6731 5153 9903 4843 8361 3074 7853 7688 7807 9169 1278 8216 3079 7668 6551 488 1943 8028 1871 5303 1829 2482 6217 4318 2853 1733 1444 2291 3974 8754 7494 7459 2267 727 741 26 5329 9099 5450 8790 6806 7767 8371 5885 
46 3000 5043 9385 6451 9658 4863 9799 7677 5656 2468 605 5038 5757 3469 9833 3616 5408 4036 755 800 9002 5175 8820 9628 3369 133 6709 5249 9402 4924 7524 4516 1801 1979 6092 8698 6940 6927 8400 9320 8872 8496 9155 7131 3441 1538 7466 4190 535 3185 652 9084 4453 2126 6179 5264 2402 1005 1715 2514 1119 1955 3313 1539 1616 5244 1725 1679 2052 1057 6830 1750 8729 4395 193 4009 5212 3104 5754 1243 9577 9030 8631 6985 9780 2289 2054 8851 7153 8677 2426 5009 8030 194 2507 3766 3485 8695 2720 6284 7210 
47 3000 2671 586 2419 1507 7148 8281 9687 1412 6714 8322 5351 6938 1677 7376 1641 3448 7334 8191 4089 153 6382 9654 2997 6728 4436 4980 8023 8063 8690 8013 5902 7131 9690 7666 1278 5986 6237 477 676 4882 3412 1292 9589 9522 3734 2075 2692 6426 1432 8839 7181 6431 9851 6710 9242 6306 1976 3103 3637 8504 4087 9038 6420 9032 2535 8569 778 3444 3645 6344 5993 964 6743 3287 9535 6733 309 411 2275 2180 1253 747 6827 3515 7318 9403 9008 8353 2609 1751 2433 463 6241 9732 6228 2630 4123 6293 5870 7661 
48 3000 3853 7941 7149 7500 2751 5431 3263 477 9008 2571 5031 6676 5965 3161 4228 1435 9515 6044 58 6964 8629 8295 8738 2092 9012 6530 6215 141 9877 6335 4005 4917 3846 9829 8159 4832 9982 1345 1351 5157 9940 1241 8096 8381 7239 7830 3086 2720 9673 7444 2656 8728 4832 2610 9378 4048 8757 8368 9769 6283 7715 6694 5135 3989 3104 9068 5536 5802 9481 7154 6875 7677 5711 1605 1110 8263 9246 9003 9601 2400 3527 6913 9566 2738 8513 7069 3679 9484 4332 6680 2778 8271 8057 7867 1711 6159 3611 5220 8295 5751 
49 3000 4793 1480 5410 7442 1429 1350 6212 9788 8654 3427 2475 8004 9307 263 6052 586 9466 6544 3467 4054 7095 5403 3632 5824 3824 2854 8684 5205 9848 345 7948 2521 1962 5447 5033 6356 4702 661 8040 8922 4634 350 2909 9562 7748 5802 9876 6364 9987 8408 3069 5913 905 973 3219 1157 435 7151 3504 7406 8799 9002 8509 6454 9533 2677 6319 8823 5637 2223 3734 4133 8856 1521 4604 9602 2079 4343 1303 6663 4870 2534 9310 5715 2117 2324 4928 8987 5810 8757 6124 1542 9946 8254 6493 392 8552 9293 2347 1748 
50 3000 6841 1222 2930 6387 5490 1187 3762 3153 8036 9195 3097 575 1411 1296 1517 6614 9590 892 4648 6532 369 8170 8995 8892 5270 7659 912 9677 2563 3919 8690 4535 3422 5343 7769 9151 1205 6096 9083 7746 3849 6169 520 9693 9403 9567 1516 4264 4681 614 766 3508 7033 8388 7067 3235 9255 9280 3281 2150 7611 7678 3426 9088 2988 4773 2889 8393 5172 5497 1769 3410 251 3576 1338 8106 1143 4719 3633 6821 1247 7923 4172 2131 1220 4908 7792 851 8883 7676 7613 8153 2241 4192 7131 9811 5644 2197 5429 2578 
51 3000 9060 1137 5520 2673 475 2226 5812 2409 1425 6626 4694 4938 5646 1757 8255 7119 852 5730 1121 519 3636 9908 422 528 7498 9585 2880 3610 4000 2799 5027 2673 7040 7265 6539 565 253 5430 6708 1692 7544 7661 4026 1769 6736 3550 8903 5689 6347 1351 9505 3518 5496 5536 721 4616 6927 2479 6251 9888 3163 4267 3822 2146 5780 629 3526 4615 7817 8998 9289 7547 9295 2696 3454 2969 5873 7238 4504 7557 626 4769 7895 3627 8947 6622 24 8261 6573 3999 5318 549 739 6785 6452 6963 4453 476 7682 4853 
52 3000 3900 1241 1318 4066 8972 9105 7306 6692 6915 9257 5948 4940 9109 1482 3742 7126 971 7725 2345 1802 4981 7766 660 9997 6836 3038 57 5591 4726 8555 2709 3808 1735 2970 3059 7840 1372 6761 2406 3593 6220 8542 6623 2554 9715 9489 6999 2794 1049 5906 4197 8083 3196 9904 5350 5138 4063 8213 4275 8997 770 9113 4808 6509 7053 7494 7276 7963 3788 8037 8081 6825 2644 6528 2418 7618 2865 9287 115 1911 1165 725 4594 2445 4762 9036 4967 5375 7525 9995 1244 647 9255 8900 2679 486 8087 624 9232 6024 
53 3000 6015 7806 6158 2043 7546 7152 1722 9846 1478 3874 8042 8255 5801 4245 5050 2729 5725 6285 7585 2613 4831 8569 5604 6508 9352 7162 7525 5768 5570 672 6692 6117 349 3441 962 7402 4783 6849 5423 1457 975 8748 8231 8106 1939 1023 9579 9278 4629 5274 3781 1256 6088 6622 4493 5048 2729 5648 3046 4883 2734 8447 9918 4833 1585 4815 9319 3555 712 4553 6909 7167 9275 1908 634 244 9062 8122 4694 4933 2519 2126 6632 8208 3903 9338 7549 7233 3557 8606 5443 2862 5311 7260 1675 1263 7017 4300 557 3656 
54 3000 4191 1702 2070 4193 6798 3851 7701 5947 9152 5102 9409 5037 2941 5464 1713 2873 3385 4403 6912 6529 8505 2784 3418 7234 1534 2922 7226 7000 6440 6771 6501 3361 6576 2230 9294 2251 6464 7576 4384 8995 6691 4024 5237 7430 1940 6411 7101 7156 2139 2003 7220 8903 6744 7430 8171 8028 2136 3743 4334 6135 2149 9601 1476 824 1727 2573 9470 3559 3694 8580 8133 5667 8663 9447 6192 2455 8059 8590 3371 5462 274 4823 5611 2823 9944 4292 3405 7773 348 534 3264 5260 8940 2661 2310 6698 5999 1667 5987 2833 
55 3000 6406 4862 8901 4742 4548 8433 8788 2954 2344 8125 3601 4693 398 8049 1725 9255 2274 7618 5319 1499 1903 6605 6780 3468 4106 8325 8329 4138 8250 946 4733 7290 5021 6919 9138 7500 6331 542 2038 4267 8341 3638 3365 4256 7616 9366 7700 1666 404 4156 2616 6734 5033 7767 144 2349 7444 1467 1358 8799 9838 4347 4096 6647 2459 7751 3795 7721 8492 7835 7457 4238 2093 6252 741 6053 9538 8960 8174 6023 3505 3155 6496 3509 472 2330 1120 5995 1247 9460 5725 8834 4620 8305 4967 3120 4140 2854 324 1682 
56 3000 8016 4871 9058 3208 2146 9590 6304 4490 6270 9516 287 792 3246 6362 661 4352 1451 1106 9973 999 311 2175 8254 4898 8954 1756 732 1427 7983 226 8675 8164 4383 8713 3354 4019 9545 9776 3131 6470 420 6221 3677 6941 3797 8025 1312 4293 3702 7403 9466 6452 1931 1987 8272 146 1697 6136 7281 8783 4410 367 1300 8447 9577 8919 9359 2012 7835 5433 6797 1398 7095 6759 483 7935 1828 4893 7150 862 5459 7034 4862 3946 5902 3769 7606 231 4206 5378 3003 4907 6338 6273 3151 6308 8080 7552 8587 5030 
57 3000 3060 7683 5380 1179 3903 1315 5343 9743 6509 6212 9375 4086 7454 8308 3925 7572 4518 4893 581 3308 339 5921 8786 2015 9189 3444 1677 8028 6874 9170 5051 3413 3766 149 9454 215 951 2577 5396 830 9510 3733 1690 6496 2918 2037 6920 3923 2575 5233 4024 31 6454 6698 8019 4823 882 9876 6831 2386 5442 836 5266 4 997 8955 2097 5413 846 5729 281 2163 5000 1702 296 3122 7585 1530 6608 2090 7367 7161 7261 3554 1407 9145 6591 549 1838 6069 1064 661 5766 2109 8245 146 8299 2724 8885 6176 
58 3000 8696 8456 2136 7210 9651 6867 3893 1491 9687 2598 8255 3666 8689 5551 2118 9532 6556 7199 2889 8908 4976 5019 9326 6632 2329 5050 5501 1678 1716 2579 7893 4408 2109 945 5601 1937 2631 8477 3683 1634 9956 3552 9624 2741 8837 7776 2921 6119 5759 7294 7804 2119 5716 2225 9069 6579 2113 4220 1048 4944 9793 2142 9698 4513 1191 5880 7813 4810 5611 8280 3367 6080 1625 5202 978 5908 2605 3708 6497 3969 5373 8366 4723 4897 1978 5686 244 9281 4600 6678 1400 2785 3575 7537 7376 3397 8551 8448 8411 6798 
59 3000 2760 523 9146 9858 426 859 5082 2258 7288 5721 2171 6237 4255 1851 9536 4460 4182 5899 5302 6017 1773 1987 5571 543 6608 7387 6503 463 9295 6333 9535 1366 749 1955 9722 497 4591 6334 7198 3384 2681 8689 1770 8577 3763 1684 630 525 5248 5862 9195 567 8114 2205 5074 6059 4935 2814 5155 7615 1031 9722 5823 4481 8747 1824 6295 8028 4854 9936 5091 3377 1079 9983 9620 9143 7754 4300 8895 5307 595 1074 9374 9210 606 1894 3923 9676 7102 7443 3909 9259 3866 1300 4412 4610 8424 1877 2567 4978 
60 3000 4446 2477 9024 8828 7277 9477 2547 8590 2585 8636 7720 3525 8145 9531 5789 725 8731 8115 8632 4236 4154 7396 5841 2297 409 6253 4943 2720 3950 6364 4738 6378 9100 7267 1762 8831 8569 9544 9878 71 7115 6127 2992 2394 8316 1734 892 6392 4472 427 8213 5079 9636 1296 6526 6135 5765 2265 9554 2277 1996 2031 1511 9756 7048 117 8566 4976 4752 5057 3437 9242 2701 708 3101 1631 4028 678 9634 9989 2310 891 4182 48 9593 265 4042 2677 7544 9523 2883 9249 1730 8128 4085 5142 9023 9336 7202 1355 
61 3000 8119 3389 7553 4256 3199 8814 8935 3454 702 1863 9467 7796 9229 4069 551 9485 2569 7928 8963 6326 5851 713 2070 2102 4824 6401 6163 5065 8256 5737 7933 4560 3465 4413 9050 5767 4967 9383 3883 2580 6258 3287 341 8593 4711 7020 3834 6231 9610 407 4367 3988 3295 1019 6752 1804 5446 1099 3946 4555 482 2628 3522 3683 8086 503 7255 6931 6864 3848 3834 6224 1115 5447 4707 3659 738 9305 3046 5629 4260 6326 5830 5067 4983 8127 9068 1820 268 8971 6134 1141 3931 5822 9234 315 1777 6531 3994 3401 
62 3000 245 6146 7176 4104 8193 1342 7518 6772 1793 2984 9699 5519 2564 6806 1427 1467 8522 2223 3658 8118 8458 9264 3930 4852 9337 3627 2832 8549 6831 9870 3593 3331 8969 2711 4798 8436 2912 6470 6223 4213 4858 2618 7807 6245 3068 5472 1736 7591 4021 5993 7659 9164 1686 3725 1033 8218 9931 6856 4579 4977 8045 393 2879 7376 9393 2481 88 3938 3192 8828 775 4760 9415 5269 3884 647 6816 8446 9831 346 4085 4621 711 5925 4123 6605 3645 6267 1447 8818 7240 8689 2714 474 1178 8691 375 6889 8936 7825 
63 3000 9454 8915 3624 9694 7447 495 6944 4067 7353 4352 1289 9134 3823 5794 4953 1868 2439 4649 468 6529 2116 5323 6077 1278 631 4985 315 2929 3271 9873 9730 9816 4616 9729 9721 2792 3437 358 8500 4348 724 4312 4187 5860 842 9697 5022 2961 5803 7107 2703 9033 2672 4684 8855 6836 4092 1300 4618 8245 1940 7866 3359 2126 4099 6767 6518 335 4366 9418 2566 1831 5474 1949 9101 4929 5250 9015 8057 7668 5885 5726 4050 6309 6346 7709 5838 1954 7892 9291 911 5292 2738 9806 3211 9473 5823 8029 3966 1101 
64 3000 9717 4736 5656 9357 2648 3387 9106 3244 9653 8934 3698 6959 6856 4754 711 3386 8870 7710 9788 5725 9326 1332 8522 7226 4524 7127 5175 9074 208 4012 4515 6371 1474 5873 6783 2270 5791 7249 9779 211 9160 7140 4082 4298 5385 940 1387 7794 8478 497 5970 9739 8189 2295 9276 9701 8654 3764 7640 644 173 7713 3118 9923 4117 4888 7461 8409 948 4658 9196 7733 1378 3818 3849 5653 642 3532 7280 9560 5902 4381 2147 8089 6776 9554 7500 871 8986 6154 1494 6401 1139 4632 7225 8037 4629 6343 1703 8118 
65 3000 6663 9236 7934 214 6414 1654 138 9492 4297 4277 2090 1216 4374 172 8583 7367 9881 2982 20 1390 1877 3232 126 1062 1026 2765 6788 9491 2494 7298 6024 4238 3982 7106 9067 4559 6875 5834 2586 6779 519 7424 2018 7789 9627 1181 8042 6665 4800 4952 6162 4412 6186 6434 9425 1843 252 2612 4258 5566 9693 7313 9437 2111 6449 6893 8174 172 7869 4042 3332 984 5980 9720 5766 6810 9892 3218 5788 7573 1327 336 7752 5593 3268 9695 7779 8462 1740 7170 4585 41 708 8450 3455 9578 110 9718 3329 8958 
66 3000 7004 6464 7016 8071 9849 415 4536 8308 5903 4594 9583 4185 1758 6508 9117 3085 6982 9450 6077 3135 907 1937 5221 9194 2523 5268 2093 6982 3509 9205 5109 5321 4387 5786 776 6508 3795 1254 2027 4812 892 6120 9692 3091 886 3341 7082 7544 3685 4636 7708 578 5674 4912 6118 1805 4619 4829 1864 7164 7692 1478 6591 6165 2625 7194 4250 7263 1989 6488 4442 1351 591 1105 8878 3384 6009 3208 974 2124 2235 6687 8560 8010 6462 6592 9726 9154 8979 6692 1782 5466 6202 5158 3349 894 6826 8373 9577 3800 
67 3000 1100 2864 481 5454 3233 5361 2405 6655 6919 982 2618 2479 3989 9540 7022 5145 6190 9975 996 5020 86 2918 3360 9730 5086 1369 3461 1413 4597 9508 1397 2088 299 9629 1345 7152 9550 7198 8037 6997 5912 4036 6342 6763 2804 9629 3983 4203 277 560 7381 5681 4921 8068 611 297 2888 3734 7503 2126 6045 3285 6847 594 1255 8533 737 8972 2775 7427 6037 1001 7784 2243 8971 5630 5038 5891 2832 9898 6645 6344 8830 9918 2968 9203 51 10 652 8376 8551 9937 3779 4890 5566 283 8139 3822 4856 5945 
68 3000 8639 9358 9170 7758 9828 7977 9831 2236 9548 9760 9456 9448 5712 7826 7795 9010 6208 5882 692 4210 1925 3919 2180 4251 2905 2009 9693 4623 7620 2245 2405 5600 5376 8801 2698 8861 1840 6109 749 2234 7691 5174 2245 2569 399 8003 9227 6735 9125 168 4048 739 2750 1484 6468 6971 1030 4826 3866 9580 8867 3051 4584 7966 3718 4068 4385 8401 6115 4014 6050 3778 3326 8566 2088 1480 6125 2374 578 9374 8700 6619 4133 9938 1674 4696 1990 2503 8263 6027 5225 3622 3553 7987 5094 5572 6896 5968 4496 2971 
69 3000 7447 1564 2562 7523 2809 8872 2373 895 811 8936 1798 5705 4415 2296 7460 4651 9739 9678 1822 7750 7211 798 3408 7715 5845 1300 137 3448 645 7813 5793 1661 3133 1132 9609 6624 4998 7529 8988 8032 4877 8188 5339 7008 8255 6761 3043 217 493 5051 1541 2117 2980 6824 553 5326 2414 9741 8414 9123 3195 5413 3540 6065 2965 7591 9019 6733 1250 8472 323 2609 1242 3128 6152 7062 4700 2073 2396 4480 9978 1940 9223 7508 3180 4292 1300 2422 2429 2555 1126 2626 5281 7078 5502 272 9241 8315 5117 6007 
70 3000 5423 8135 7266 6841 5326 9254 1689 2147 733 2794 9532 7781 6742 3967 5444 8327 7916 5886 2787 7469 7562 1492 1974 6487 133 3619 1941 877 6753 3177 4730 5098 3874 5456 3206 5445 5049 4564 1899 1041 5837 5983 965 2962 1827 7256 3280 1479 9796 6791 4652 1435 1981 799 7160 5735 3484 8347 5622 6969 2798 4549 7183 7162 5461 1869 4031 5639 832 9555 9235 5024 1994 1202 5709 5364 8780 430 8308 6368 3929 4695 9034 7786 2357 7224 5384 7898 3567 7072 1808 141 7170 7304 4304 7852 1541 1309 8131 7138 
71 3000 5594 7227 8647 7876 3686 511 5278 2829 3645 4611 8603 4898 7920 9781 573 2489 7859 16 7847 3007 1114 8104 8262 4486 2164 8817 417 5323 5971 213 6393 2161 4754 3076 7587 5875 7896 8469 3684 5700 4967 3422 4742 1474 1878 4737 6406 4010 158 922 8252 3591 9358 2255 5249 6593 2575 8958 2350 230 5109 7516 2206 5423 6234 5102 6006 7801 4107 2139 7443 6818 3791 2987 9800 3000 8410 4746 6172 3317 3424 4191 2798 4679 4031 2834 5532 5556 5699 103 9429 5725 7812 4653 1460 4141 452 3801 6356 4933 
72 3000 4300 1081 5566 1524 3662 1929 9355 8879 2624 7495 2010 3876 4325 6571 188 3800 3365 5653 4375 2966 1329 7123 3479 7465 5438 5561 2543 8033 329 2173 3586 1051 2959 7354 9569 7661 625 1371 1482 1017 2126 3170 8559 1655 2033 7309 1622 984 8094 9021 9541 2916 1761 7392 8826 3603 1844 6674 6343 9315 1285 5715 5149 2433 7065 5520 3465 5570 3225 4936 6757 3818 7025 4455 2957 5119 8217 8154 802 8760 1448 3750 1295 1995 1789 783 2298 4793 3387 6928 6249 2704 1240 2425 996 7859 6101 2639 3767 8094 
73 3000 2506 8746 8257 4186 9928 6537 4844 5236 7047 3354 3928 2157 9161 3149 2399 9298 8710 9669 3220 4190 8926 7758 8150 5416 613 2801 3577 8609 2049 8272 9489 573 2015 1425 1557 1525 5941 7100 6357 5473 5193 9656 9703 8705 9466 3030 8117 6415 2317 8922 3418 7447 9816 3101 434 7168 2324 9842 7845 8462 9393 4479 2145 850 7794 4097 4735 7740 2673 6332 2135 1796 1825 6310 9326 8432 3093 1704 6214 7437 4905 5917 7219 2720 9917 9392 3991 178 1794 9045 1249 3696 5113 5821 5748 9267 8390 383 8365 7235 
74 3000 232 6916 9317 2672 8612 5062 6500 3868 3277 9979 6952 8958 1270 526 1448 663 5585 5566 2208 9162 6942 8408 3742 3092 8693 9358 6813 8665 4848 6407 5525 6914 1223 4038 7542 9068 9726 161 7425 43 5750 1168 3096 69 8707 5121 5432 4429 5677 3059 975 1337 8188 8430 7775 7928 2116 4651 4352 4386 712 793 1790 6181 756 5385 8948 4450 1835 8355 802 4486 8743 1080 9909 2361 7009 4577 998 9674 1551 5806 8681 6419 8453 2108 8298 1985 9863 3760 9880 4272 2027 4662 5237 6942 6437 1142 8174 4786 
75 3000 4110 8892 7834 7225 2989 8027 5155 9926 8473 6266 2470 4551 7065 244 6213 6626 3155 4941 2763 1540 8917 1247 7410 8664 7338 1639 6441 3599 8373 3994 2359 8543 8220 3520 2220 791 1721 2818 9098 9357 7893 61 6676 9715 8576 5306 6960 6674 216 4927 1121 5374 8760 4171 3455 406 7690 7846 8480 3058 9173 9126 1142 6686 8336 6488 162 213 671 8765 4500 9744 2564 8336 2941 8319 4941 2430 6812 3780 54 2563 5823 4765 1375 2093 7031 4837 6628 1906 6928 4722 3943 4225 6660 2684 1127 4542 362 3019 
76 3000 8072 1677 6627 2680 2281 5962 3092 6019 7518 5550 4156 7660 5590 848 1820 3494 1244 7073 9649 9801 198 4942 9863 497 291 9476 3553 2502 5763 6932 4020 9240 4655 9866 3240 2257 9338 315 1454 969 164 1103 9883 532 2244 5279 6564 7839 5350 3673 5324 5639 6943 578 7860 4785 8324 7564 8959 4607 3914 5405 4838 1404 3654 4142 4605 5066 8532 1265 4855 3823 9237 8023 7379 7113 7936 3855 6 6579 3175 8952 570 5192 7909 4937 3996 4493 650 3675 2518 9967 9751 4209 9016 4541 801 7815 3485 199 
77 3000 7156 1187 2620 7735 3594 7746 2534 4619 3085 7075 4597 995 6701 2472 4400 3803 6640 6641 3847 9023 2377 5495 6367 2048 9943 93 5257 6180 4328 6696 5144 9248 5006 4953 6576 8360 4592 4209 3737 2767 612 7935 5287 4865 412 6292 8328 9313 9182 6813 5488 280 1111 3208 5146 6817 3659 2304 4760 6350 4967 9096 7344 6305 4377 9937 1048 3851 6088 3845 1876 3773 5936 1934 9529 4468 1288 4974 6367 2064 4080 9077 9497 2669 6960 9502 5992 2740 2571 2590 1228 7581 5952 5825 351 7961 63 6012 2862 4863 
78 3000 4442 5592 340 2355 6977 7070 7274 8584 8814 5578 5031 4898 2378 9555 8949 3094 2532 9560 8546 785 847 5200 862 4902 3014 193 6927 3308 9359 5550 1346 4551 8509 883 5017 5730 4156 3841 971 8492 4970 7664 3335 3157 7622 6871 9421 958 2933 1069 4944 4418 5159 6882 2362 5842 4385 8012 2336 3939 2061 3425 8324 8569 9646 3656 4297 3613 392 5245 5574 7972 4241 3293 2791 4682 5855 2148 8988 8167 5772 4214 9827 9607 4674 6883 6930 431 799 7591 4342 3944 463 7010 8124 5070 1713 345 9068 8223 
79 3000 1105 6780 8532 3302 3607 7025 7413 9816 5625 9009 8227 9125 1155 1682 333 4817 1065 6951 8266 1198 5488 9742 3208 9916 9361 6177 7571 4710 1065 9887 2718 4275 4215 6444 9798 3262 2551 5922 3714 1399 7974 3576 214 736 1691 8656 6100 1016 8499 1336 2573 3171 4184 7775 1699 947 6048 3300 5992 643 6561 3716 1136 8987 142 4736 1822 9132 3057 9543 710 4775 6448 4473 525 2404 2486 2823 9267 1670 3649 6784 8552 3882 5120 7500 5078 8628 320 3252 5213 8522 9558 5768 2712 2075 1806 4652 9555 4690 
80 3000 9606 9949 9913 7784 7092 2823 7237 6033 1149 4369 4473 2746 5682 2544 7403 3358 9028 7228 1108 7051 4473 3406 9559 6503 3913 2479 8333 5757 4627 1692 449 6216 9180 1702 5336 769 8451 2250 925 6029 7786 5979 8856 2712 6270 364 2827 4129 9140 7769 53 2808 3300 3635 5858 5239 5983 2784 1388 4748 6524 3854 4454 2490 1263 1860 3494 6570 1571 8875 4665 9294 5004 2838 2055 2533 9582 4491 1026 1224 1188 2435 4677 4990 4097 6312 3435 7885 4627 8118 7766 6266 7919 1635 4023 4790 7836 9985 3401 531 
81 3000 9994 1322 4035 5234 7912 2632 6210 5677 2289 1675 702 2173 3407 7035 244 5190 6659 6310 4116 95 1201 2419 5856 28 1729 8033 4105 6895 3382 8138 6569 493 9768 714 7109 5753 4117 5547 5957 8111 3559 1162 3054 7005 6526 9880 4518 7499 3280 1002 2228 24 9563 2120 6546 8250 3377 8547 2153 5086 4884 878 7013 6798 9436 674 4465 5255 3725 4268 8437 8300 5063 4702 1785 8250 3780 1781 7761 8510 8756 261 4596 8325 6070 6157 3225 5649 780 1174 8117 8141 1823 5267 1246 2287 43 7325 9178 644 
82 3000 9346 3981 3288 7213 971 6541 3096 936 901 6048 2737 7313 381 6461 548 8153 9580 5967 1782 9442 4360 6413 4449 7340 6183 865 8282 2302 5135 9291 6825 1324 6085 2371 2648 8316 7953 3429 5687 2592 6120 8491 4711 5500 7951 4473 1909 5162 1451 5484 605 9346 7036 7261 6100 6462 2445 9732 9635 4685 757 7694 5481 9201 1550 9624 1156 7575 5179 4613 760 3249 171 7423 1446 7165 3760 1672 3005 7507 5538 1144 583 7577 4229 9217 521 1786 7592 6430 9318 9778 5452 6157 5724 8678 5850 8425 5951 3457 
83 3000 4318 1841 2016 5435 6285 3652 3205 8897 2604 7930 662 5842 8201 1882 5105 8852 3857 279 7662 2091 1107 8018 3845 423 267 804 628 6659 1591 3960 6671 6930 9541 9361 5657 4180 196 489 2753 9790 1776 5621 4208 3321 8297 9135 59 389 6342 945 9977 8658 4972 4057 2229 1961 8746 257 5770 2550 3880 3915 5456 1460 7517 3921 382 7013 135 3745 5353 1434 1073 9617 5467 5599 7182 6838 3834 1904 4602 4212 2414 5265 3669 6608 5985 2235 6934 5639 9227 8253 325 8474 6943 3013 7417 4770 7395 3963 
84 3000 6836 1731 8768 7922 2789 7292 8766 829 8714 1426 7318 5613 4059 5579 2427 8191 4181 231 9126 1585 3376 574 1575 8174 1034 324 8272 58 910 3655 395 7560 3529 5257 3263 5845 1718 8518 931 9666 9251 1834 3901 6234 2631 3045 9965 6216 5990 1987 8165 2855 9117 1185 5889 9216 8614 4650 9081 3559 2166 4825 5584 2833 5949 7633 1600 4296 5157 5668 1288 5265 7651 9499 9471 983 739 7106 7480 619 1078 1437 2117 1384 7702 6094 7746 785 8172 9138 1509 6985 7855 5027 1663 7311 2327 4671 9044 4866 
85 3000 2899 3617 1664 3279 5270 8356 2417 9577 1302 761 9923 5179 3929 640 2494 5017 5176 6424 5223 4783 7316 3973 195 6302 7148 3510 9833 1023 3396 4680 3359 1646 7240 9736 6385 1863 5965 4840 3627 4233 9741 9508 4746 6176 1524 4158 3312 4093 83 5800 8894 5617 6153 1841 2276 9977 1713 2021 3796 6500 2388 8472 4807 1229 2975 3898 2276 1672 6096 7888 6490 9668 3976 1346 1899 2389 3346 9051 1082 1456 3468 343 1837 189 7291 7927 7393 8976 5722 4809 9752 8769 5036 9356 6154 2707 7398 8478 8665 5859 
86 3000 4518 8934 6894 3099 4426 6771 3834 5097 1377 4880 4820 2446 8878 8677 9628 7904 5836 9916 7683 6766 5843 8622 6403 5361 9571 3144 2661 7671 304 8347 7376 79 2589 1914 3229 4241 4011 8783 5501 8080 100 3704 6038 4906 2355 1925 342 667 9398 7996 7785 9315 1247 2707 4950 6304 6727 8145 2093 212 3989 879 2737 2486 4167 3263 6384 5313 8152 2879 4353 7616 6497 85 8751 9178 2446 3709 4556 2882 8082 4850 4838 5089 3604 8813 9094 4129 9736 5171 4715 6924 3248 5947 1574 3735 5609 1918 9745 1030 
87 3000 4767 7057 340 2486 51 1084 9471 8102 196 154 5347 1453 4496 5664 8481 5055 7084 1188 5037 3864 4330 7532 3288 6897 5374 5924 3212 6979 5772 9314 9204 8611 4278 1815 5913 3968 2744 6260 7213 7022 9148 9881 8289 5784 3748 8124 852 2679 8356 6579 1478 3038 8742 1039 3077 1724 164 5682 9478 7873 6015 9385 3147 7770 9604 152 6024 5842 9058 7674 3491 3779 5349 4015 1461 7780 3445 2416 6590 3928 6590 4236 9621 1681 3704 4001 1847 5495 9912 2596 4699 4572 193 8569 2464 726 6164 7565 8123 4387 
88 3000 5976 9887 2318 8714 7342 6177 5436 1845 3695 1226 2833 7270 3457 5905 3165 2322 2449 7230 9859 4804 9412 6538 5699 7729 4666 5800 543 2195 1880 2053 2163 8382 2980 9960 207 4669 6174 2492 3293 4883 7105 9737 9221 3671 3126 5836 8313 9991 708 4037 9879 8742 5961 9881 1806 499 8290 2514 3274 9394 7170 4113 593 9107 2053 7452 6173 6987 5389 1582 607 6299 8782 5637 7891 6597 2268 776 3764 2217 6715 231 7169 8900 9353 7499 4845 8536 2422 2646 9044 2040 4955 6744 8366 341 7677 4426 1728 3508 
89 3000 1031 4570 5453 7997 6334 9111 3483 2016 51 9972 721 9029 1202 4123 9493 9370 1882 6763 9143 9995 921 2633 8742 2349 655 5444 2932 8363 6834 5440 888 4576 1646 5079 8409 4380 9868 2844 3136 8394 8147 5174 2884 2956 7401 6524 7116 6745 8344 7548 1526 5530 142 1409 5758 5038 2189 8210 4243 1952 9008 7555 165 3031 8279 9233 2551 2355 1992 2022 6487 6699 725 629 6455 9028 1044 744 2800 116 6033 2226 1320 8295 8945 410 5980 7325 9978 5541 4749 2388 6180 333 8572 4215 4474 5653 3454 1323 
90 3000 7813 4330 5676 396 4454 3085 135 4773 365 2594 1810 1074 4746 5671 352 3944 8686 3571 7795 8925 6941 434 9402 3451 2832 5833 7625 5970 6276 5465 9195 3192 4938 9954 5341 5453 8506 1791 5124 222 6095 385 1909 3712 6775 5254 2947 632 3223 7329 2094 2056 8498 8389 5654 1419 5948 8617 1336 8639 2232 2289 350 2363 3476 1580 2621 337 4549 8493 5125 7904 1467 4927 3360 4622 6917 851 5931 9013 8913 619 2265 1434 2570 7402 3455 5071 5009 5744 6219 5062 3384 2251 9995 5742 6032 4392 7154 6014 
91 3000 6754 7442 6339 2847 2213 9530 8928 2894 2466 4833 8631 2241 4613 4876 4196 4277 9576 7972 5256 5688 1999 6776 1288 582 3279 3971 3707 2733 7716 6078 1080 5951 1790 5383 7465 2581 6566 5 3876 122 3218 2073 2873 5971 1682 4036 6277 300 2435 3097 6009 7048 1399 3772 8056 3040 7961 8575 9561 5240 6134 6821 9037 6116 8829 1566 9707 7136 5259 4663 5968 396 1466 9945 2983 8357 3976 4534 9395 1722 6569 8275 3164 5430 191 1294 537 2779 5975 9684 8134 7668 1393 9308 8164 4973 9538 7739 6764 9041 
92 3000 1523 4314 5467 309 2007 8322 5788 53 7852 5306 6939 3258 9897 1504 6674 9614 7859 6402 5245 2639 8366 3421 2502 6921 6101 8724 8098 3492 8089 8149 4839 3325 1090 2269 5138 8952 2135 9576 613 4213 2169 7788 4799 2125 2838 3282 8988 880 6385 8657 1193 7963 8679 8411 8240 2402 5366 2755 980 5138 1151 9544 2631 7517 2195 4338 243 7917 1644 8581 9284 6492 8284 5914 1363 8041 8314 6607 5059 3006 251 118 9896 6592 2958 5775 3426 6017 6795 1586 1448 5877 7895 1174 1343 1646 5568 8832 8546 1297 
93 3000 2830 2710 6129 5044 54 6121 7519 3222 1743 6978 2337 2271 6440 5347 5366 8869 9750 9137 8636 2170 495 7903 6639 4178 9989 4785 4676 8243 4443 6561 312 5682 489 1836 7972 524 3836 7345 6656 2384 1045 2391 774 7456 4433 1404 4118 7636 98 4619 6944 7765 9074 6892 6194 1007 1605 4626 8830 2336 4551 836 8303 164 1913 8331 4140 6085 8488 1020 4663 2745 6641 3346 2821 9839 6214 7850 5165 8233 7548 846 3929 2207 7639 6237 2250 9830 9411 7444 2507 1454 4125 7468 7784 6336 6900 7070 6460 7383 
94 3000 5368 1082 9928 4022 1451 2841 3429 3200 6265 6745 20 8502 8145 8940 7665 7398 3797 6125 9447 6614 2579 2489 6908 5627 3898 4766 6518 8289 7743 5424 9257 2570 8332 3967 3341 8431 894 6372 49 3818 1568 2650 2699 8787 433 2523 8730 7745 7657 9241 4923 9827 2777 1507 5735 7385 7102 3543 4768 2615 9237 3268 9358 2302 3738 8610 8289 688 2890 1939 2632 472 1606 2625 9713 1927 5457 7720 199 151 1825 770 8316 434 4176 8747 5188 1755 9469 7107 5299 8406 8678 2973 6089 9733 445 6447 662 8012 
95 3000 7860 40 3630 4442 8361 6231 77 3266 6763 3153 7648 4021 1408 8399 1766 1903 3446 957 3968 6269 9232 1270 3375 7253 5860 9414 1276 517 9808 1414 8848 118 8722 3672 7993 9506 6315 5528 5304 645 395 9945 9154 1258 4015 2312 9910 200 9756 7386 3277 954 7124 4342 6758 3249 3078 9963 9245 2809 5686 9945 3736 9224 898 8333 3174 1945 2452 5078 9409 4405 4898 1719 5292 6267 9753 5196 9889 3793 4777 9780 6817 8341 6376 7134 5712 2985 5127 4493 6822 7262 4435 977 8715 46 2306 2022 9122 537 
96 3000 6253 1939 8904 7389 1317 4598 9140 5953 1229 2235 1340 3648 2679 2388 787 3458 2721 2956 3002 5552 9302 5377 3334 7032 4914 5945 9672 9800 3368 5237 8289 6562 9700 5674 2804 4938 3197 7205 6273 9720 3550 1116 6401 3232 130 1959 3889 3835 4391 7619 3891 2543 5399 7489 606 7771 8480 8785 4998 8205 7002 976 5627 3798 7277 8343 2622 4895 6584 664 4766 9471 4325 2023 9713 8512 6302 7740 7325 9502 2120 9433 6142 8050 5711 8201 2966 7636 8989 5932 5580 7476 8629 4736 8587 8527 5965 4505 2372 7600 
97 3000 21 8598 5198 9612 3659 7643 8413 7954 2864 1479 4796 2987 9139 9209 19 8664 5034 7386 7238 7279 2801 6321 4807 2331 6169 4516 7119 9526 5248 1223 8568 5896 4553 7128 643 7046 4162 3161 2140 2525 3987 7424 2502 9319 1180 258 8286 3478 663 7418 2750 9855 8771 1389 8568 9985 41 814 3675 8074 7107 8055 222 5124 3727 4880 6677 1179 939 6262 3032 5692 6339 2324 9145 6029 6477 8389 6207 4082 2392 3169 1327 1019 8258 5070 5252 157 3166 6627 3205 7952 6025 7064 8850 3127 3586 2974 1378 3913 
98 3000 1600 7132 5729 3422 9091 5426 5927 3145 5762 1915 1544 4569 2517 2013 7295 8925 5119 3801 5747 5062 964 7455 3163 5439 8984 2809 8464 246 2675 5035 5321 9654 6250 8457 7369 4182 3914 8479 6548 3197 2266 1644 4563 1530 5832 3822 7481 4227 5711 6516 3442 9418 1353 1294 3497 9313 5467 2350 5578 9323 2040 7186 1582 5306 7498 5423 7591 8939 4976 5730 7209 1214 1723 888 8026 4058 9633 971 1211 80 8891 4652 4225 442 4755 8644 6660 855 7456 5249 9206 5699 5226 8050 5738 272 451 5713 8533 1158 
99 3000 8947 3927 6612 4725 2365 5457 7197 3743 3714 8330 312 2137 6018 2144 6486 7849 4089 2502 7603 3843 9434 3566 861 7217 8277 8749 5864 6458 2716 9515 4835 6808 4999 2320 5957 3759 4924 3662 9841 4679 371 3275 9108 8553 948 5428 1113 3858 4775 8365 3777 4556 8382 1862 4558 4218 9738 2907 2537 8268 4401 9514 3634 4355 4800 2654 8947 847 2633 6313 6219 3456 4398 5677 4427 9983 40 3439 1494 3184 4734 4233 5133 1775 3784 7196 6810 9545 654 6647 8833 2606 8113 896 4569 4765 2520 9180 1782 1016 
100 3000 1224 6721 9097 9167 3089 7910 5594 9580 2149 7612 3518 3045 4384 603 4122 6778 7622 9131 6630 8538 4570 8591 328 8876 8959 1345 9780 1505 4830 8644 3163 1797 8930 697 3738 3403 6241 4847 4436 2999 8635 1883 5575 3157 6646 474 5695 3344 4379 9725 5532 9040 7531 9864 5099 8983 4548 1047 3904 543 900 295 4292 3219 6483 6550 7905 256 6148 3861 5279 8394 3353 2688 8551 5738 6940 9342 7305 7754 1036 3540 7531 1392 8082 4087 3721 7330 4986 2689 4081 345 2398 5881 8869 7811 7115 5092 1863 6318 
