FILE: 1223UnifS.txt
100 100 0 
1 3000 1577 2354 4834 1947 2214 8251 5629 5568 6605 609 5647 5169 8045 197 4115 439 4324 1418 2283 2929 1067 5800 831 1113 8200 3620 390 3569 9537 3649 5198 291 5498 1024 9880 2121 8946 3243 9342 8305 4156 4285 1809 2182 8900 6861 4969 4987 9663 2779 5253 7789 9986 1443 239 1545 1929 6475 4177 5291 658 460 6643 2441 2165 7817 4315 5228 4103 5794 5877 7261 9755 3592 44 4206 5120 9608 6718 2597 9131 6808 1259 6768 6993 6223 1896 3915 6650 8569 246 7273 8371 3994 4973 7433 7468 9949 8559 1768 
2 3000 135 7185 7215 1997 2414 3870 3897 9865 2281 7841 4468 955 4866 6972 6972 6617 788 7668 4034 4031 7626 1492 8392 4389 4500 9904 1545 9202 9795 7137 5533 4737 1994 1193 7838 4572 3647 2961 9411 281 8460 3466 5828 245 1507 9238 1561 6582 2573 5810 7387 205 2620 9337 911 4011 3372 6345 219 4185 34 1598 656 9634 7130 4100 4728 9547 7469 1208 5133 9078 4232 887 904 3155 6192 2073 6697 8411 6049 3176 5187 3247 1897 8696 2597 6013 1814 3971 7350 1317 1576 8049 1847 4458 5496 4683 7370 3984 
3 3000 392 1452 2106 2379 2675 7007 2304 4868 8561 6444 6549 6353 7417 4796 3165 6468 8220 8660 744 2768 9151 5936 1796 2034 307 3706 9527 9705 9541 4222 7744 7442 1431 9034 3877 8806 9363 1231 5136 3071 752 5816 7788 7155 5378 8200 9555 5678 6853 821 5149 9149 7210 7896 4915 270 4617 8286 6616 8375 4218 6497 333 1982 2099 1797 6489 9483 2374 5464 7007 7950 7403 6158 9582 66 1134 3416 5089 9188 5560 9271 8105 2528 317 8003 564 2462 5394 4006 8534 5964 6977 7787 2120 2164 6409 82 8488 8033 
4 3000 2283 4110 8023 2189 5654 5936 3603 6834 8385 2974 2999 7809 4603 602 4408 2779 5297 6913 5101 7545 6028 5584 3201 472 7770 6870 2586 5050 876 6732 919 579 2166 4072 794 975 5143 6117 4020 1707 3332 1903 9018 4850 6747 3905 1353 2275 1478 7779 7382 6955 2407 234 1035 2396 9048 5028 3715 200 4514 7087 7326 5744 7601 4756 426 1993 8008 167 7503 1432 4678 7733 1378 6123 7256 773 8735 5889 685 6257 8766 4627 2919 7675 4959 4735 5762 6037 9989 9673 8835 8990 3755 4650 6662 8066 4526 5428 
5 3000 8889 4053 3222 5258 3623 492 812 9937 3892 5297 8847 994 7244 500 3110 6997 8453 124 391 2986 5363 6179 8391 8032 7853 2783 8751 922 9926 8405 3203 3967 4924 6243 2846 4933 3867 2711 551 7105 6921 4069 6487 7463 7982 1162 6771 3000 2398 2296 5251 5147 7802 4232 8402 2335 8082 1307 3358 681 470 2679 9063 2793 5751 7702 547 4705 1614 9418 6329 935 9105 6180 8948 7670 2225 1398 8607 4072 642 1409 9959 1717 5531 1476 2005 2145 8537 9904 1121 2552 3868 291 7213 9594 3510 1898 2993 1322 
6 3000 5563 8143 6378 7239 5708 3223 6024 6486 1799 6862 9974 4149 1575 7180 7435 5693 3500 1689 3682 9521 730 6416 8085 7657 8199 3146 5262 4555 2839 4798 9354 4032 6915 8915 1430 4327 4494 9289 13 1285 1030 5709 4731 9665 6085 1825 3099 2574 9161 1152 417 9024 8675 1184 2796 9619 4037 5648 3317 361 876 4868 1301 4583 9373 4263 4718 3010 5726 971 5707 1941 6745 8592 9235 9557 7560 61 4872 357 2466 8643 1691 7714 8885 7052 6298 4561 4459 4702 3985 2198 7261 3075 3004 7223 9137 9216 1974 6598 
7 3000 2169 7359 402 825 8269 8667 2344 5260 1889 9106 3172 9541 5864 5441 9486 5153 376 9359 2136 1107 5042 9711 2373 7751 4132 2885 1132 8700 4908 1305 1430 902 9085 47 3894 2812 7428 1587 5414 709 7461 8675 920 3124 4308 5327 8286 3400 4659 5949 6354 379 3860 2580 6089 7205 6128 267 4855 8263 7887 558 3819 4232 4239 3124 8476 5275 8550 5506 2303 2341 5165 986 3536 6603 5248 4579 5073 7016 5749 7162 7499 6000 1491 7713 5241 3248 387 3686 5844 7659 1776 9504 2373 7400 7894 3184 8944 8086 
8 3000 8460 1080 9369 9090 8389 755 8940 7977 8636 1977 9328 3062 160 5842 6614 4094 1011 2016 2435 1063 6548 4109 8267 1136 2776 3173 2826 3715 2814 9318 2593 3618 6483 1462 5468 2392 3021 5199 7551 7744 6923 8800 3035 1099 6905 7328 7245 3283 7995 4890 2780 8337 6749 5004 8796 5442 9588 9094 3408 8987 4263 3118 9217 6745 4448 2306 1960 6184 7452 4035 2289 8902 5060 8827 676 3186 7498 9464 5436 4691 521 8243 3882 5254 5630 2336 6599 9826 3412 7297 4853 1529 3 8676 1112 4839 6678 1767 2700 6899 
9 3000 2568 9480 8575 6949 498 8337 9234 3884 5952 2592 9734 1940 9163 6476 5849 4502 330 4573 3348 6036 7952 310 394 2149 300 2583 3072 7774 2 499 4046 3475 1760 6251 4329 9883 3189 6110 8190 254 8782 9552 1181 1154 6999 6495 1289 1264 485 2681 3211 8318 9406 3163 5761 4159 7915 3931 2393 7923 3744 1657 4856 7346 915 1564 9969 8202 5583 3426 9527 1857 5000 5686 3324 955 9605 7705 5308 3227 8237 128 2859 3423 6478 3386 9189 3370 8115 4313 8870 158 9731 894 6487 2448 8422 5136 8417 4904 
10 3000 2632 4063 7728 752 6121 8838 2207 2467 5056 2009 5515 577 8222 2880 1462 597 367 1007 1409 8091 8661 7819 4796 1853 2290 6365 2797 5216 5170 9184 5092 5486 1786 4300 9775 1502 6158 9347 6376 9313 3928 3811 2017 5998 7580 9403 689 1588 4775 8556 5653 9133 9817 1042 4968 2880 8246 8725 143 4586 4548 8425 7914 7949 2998 2918 5150 1165 1625 57 6874 7616 9299 17 7421 4677 5950 666 4711 646 5903 1062 7655 9807 4348 3074 6680 5614 6926 1127 7382 1994 2444 75 7303 2788 8718 1195 5836 9303 
11 3000 1535 6308 7248 5999 6744 29 6834 4298 5469 133 197 4517 2453 6054 5646 5924 7517 5506 9726 4926 155 9226 5871 1376 7247 3852 6179 3003 3898 2910 6316 7976 7403 5943 3542 5584 4339 5754 7865 5048 778 3773 6318 2449 5625 3563 359 5793 7087 2430 6403 8191 2260 1177 9469 9166 9845 1972 9962 4091 5988 4344 3571 1744 3242 9304 4300 9996 2661 1594 620 9612 9014 52 4743 6192 9121 6116 5027 226 3322 437 1505 5280 68 7633 4533 4300 3628 9152 6571 4050 4940 4274 7084 7669 5565 9232 569 5356 
12 3000 4786 4454 7707 3175 9816 9937 9642 9992 9141 8744 5381 2533 8987 8621 2326 8567 2903 1748 9920 8214 4484 2608 6427 3378 3204 3981 8838 5311 3386 1069 5892 288 6289 3739 4233 3423 5322 6895 7685 599 4388 8975 9655 8525 9344 8572 8662 2925 2593 9178 6987 4843 801 2058 2450 5075 5733 7244 3315 6730 8220 2657 6315 5916 5247 1352 7805 542 173 6892 8042 7259 6062 6839 8581 6512 2157 4382 2808 5728 3464 8076 9592 623 3469 9719 59 4636 9977 342 7497 6487 4079 4337 382 5861 2237 1698 8532 7218 
13 3000 1505 8395 2383 1721 7864 4866 5390 7304 7690 2643 9559 6847 2341 9097 4093 4490 5876 306 7175 61 5888 2054 867 1643 7477 8952 9139 6248 334 1682 9021 8634 8958 2371 4878 8234 5996 8084 5816 4213 8707 2447 6208 8657 8552 5395 9346 7878 3910 1038 4217 1848 5916 3660 5407 1757 7428 1843 6131 5699 5114 708 4378 2479 4671 2287 2197 3544 9158 4023 8091 3048 471 5386 2553 6030 3921 2624 6709 4724 5960 1630 4105 2994 5013 8939 5600 8891 5446 853 7402 5337 4654 679 2212 8936 3281 4109 3509 6901 
14 3000 8553 2712 2948 2121 746 5551 886 6340 2776 8939 40 1463 2916 4300 2259 8998 630 4171 8428 7605 5544 6322 1497 8786 9531 6001 2630 691 1929 6306 485 52 7880 6680 3618 2242 9795 9535 6004 9458 1943 4993 5696 7031 8165 3764 6600 7858 2718 8134 3374 4960 4236 1092 9461 2168 2819 3577 8238 2930 252 9842 7295 7245 3342 957 5834 6721 383 6428 5201 7759 747 3942 2535 2863 7597 7239 7546 71 3729 2107 2419 516 535 507 4839 4106 95 2812 4146 3339 389 8185 608 5228 3639 3072 7829 1369 
15 3000 7772 7824 8272 6116 1014 1439 1913 2895 9599 4442 8018 8637 8613 9871 47 6333 5956 2406 3677 5724 9436 5610 7959 2102 6979 7302 9595 3250 9972 3055 335 4496 9728 7812 7512 1900 7072 5639 7689 3562 5061 7590 3437 9052 4821 7705 3239 6973 4512 7132 4518 644 1417 6375 9786 1906 7160 5660 5925 3058 6044 3434 6585 6914 6512 2987 7716 4987 5746 7196 6219 3800 7372 1399 1721 9315 2306 4387 1479 9496 2716 7528 8409 4990 9115 2012 2234 7937 572 4225 3768 8900 8054 9239 2310 1932 890 2438 6179 7748 
16 3000 6362 9265 6362 5044 2419 3087 3291 9924 3517 1197 6748 3462 9583 8934 8893 7385 8106 1926 411 7878 9353 6464 9794 7526 4704 7999 5744 5361 8124 7759 2696 5056 747 7499 9474 1230 8592 2369 1066 3877 3406 1915 3530 932 6625 9192 2016 8951 6466 8019 1923 1917 8141 8345 3174 8181 7196 9744 7619 5512 5979 3041 9561 4286 3226 53 9412 8793 6780 1464 467 6672 9425 2819 8805 6467 7858 8645 6322 3311 4771 4697 6878 2739 4075 8333 5576 2615 9230 7002 1166 3195 4717 4875 1570 5309 627 7581 2536 6670 
17 3000 370 5087 9413 6307 1525 2689 2058 7126 9793 133 2857 6590 6098 8864 7884 5529 6794 7395 1172 5076 7007 4804 2119 1721 7103 2353 6018 498 2274 3238 7701 6295 5253 456 8325 3280 2156 2804 5270 2471 1446 8999 5166 7409 6023 9924 48 7973 8436 8999 6630 2311 9230 678 8711 6900 8401 7068 2699 4728 9994 2678 6265 1604 9815 7287 122 590 6270 6944 2924 4562 4329 3085 9293 6892 2621 9782 977 256 3641 9112 1121 3569 7098 4654 1672 7043 6373 3111 3908 5370 8114 4054 2087 9032 4947 7797 225 3734 
18 3000 1318 1388 2002 7960 2457 2733 3784 8662 6469 2842 779 5064 9547 6199 6315 598 4313 9260 4237 2961 1285 7073 4441 2299 3460 8023 1522 7516 4036 6703 6552 710 7251 4915 1986 9725 2343 783 9682 8842 643 6007 2062 7583 5792 1228 6381 7646 7077 9527 2137 7963 5898 8047 1592 7886 5357 7737 3428 8491 2972 1222 9525 2016 6521 8804 4859 9418 3000 2579 534 6055 719 8683 9932 5498 4516 7666 7990 1460 4090 2984 3604 7861 5478 7625 5156 7005 5632 8851 9164 5892 143 1070 2063 651 4078 6835 5104 9099 
19 3000 5942 5961 2384 1424 4774 2774 1997 8994 356 1479 311 1290 6554 9659 9372 965 7787 9898 7428 7029 8611 9519 2586 6155 6437 8465 9585 2112 7373 5288 9703 3329 5184 1273 3777 8572 3384 2683 8365 757 452 1134 5015 8882 8170 2083 2672 8086 3089 1457 3203 7832 1120 396 52 8215 5244 8122 13 4397 6359 2940 8137 9168 7238 1354 5758 3622 9624 5316 1643 5973 4442 7598 6271 8486 5138 5284 9237 2534 4149 1396 9776 1785 2485 4636 419 3508 2452 7260 3765 8006 3486 1072 2391 6177 1119 1547 1872 5197 
20 3000 9072 77 6938 2327 4465 4338 750 6848 6161 6792 7300 120 6229 1305 6942 3763 4534 7893 5044 5969 6450 5594 3762 5934 3705 3463 6946 6417 8340 9695 8164 4420 9802 8869 1858 5 5159 7320 7620 3217 2439 6636 7592 9153 7094 5276 6996 1138 1590 8322 7786 2035 8126 5341 5424 3682 4467 6392 8784 4447 2914 6138 3178 4915 2392 6098 6511 1692 3664 5012 8553 9342 7674 7345 3347 446 7006 9902 4732 3783 482 6576 5001 640 869 1219 6670 9246 5724 8639 7388 7329 1356 3719 7960 2804 9917 8667 3503 2574 
21 3000 9618 8380 7717 9470 8066 3949 296 7308 8731 4274 7446 4071 535 5810 5547 3220 568 444 7920 3124 9927 1482 4740 4624 2679 7780 6055 6710 7954 5980 7942 336 5159 891 1784 349 2317 3977 6672 5550 7531 9983 4933 6876 3575 1679 781 3711 5612 2733 2095 8316 2027 8702 5323 8391 8397 6161 3507 7757 4579 9943 7436 5164 4927 8512 9922 1227 1628 7458 3208 3482 1169 1122 9487 9570 3929 2337 4561 8548 6888 302 4615 318 9474 6577 6120 3191 2523 9206 8862 9567 368 4959 2091 9744 6060 9709 3802 3853 
22 3000 9700 6922 3136 1915 9911 4283 5903 2027 8422 8438 3244 6666 7787 7869 3398 7129 2221 3887 6612 6085 1571 9755 3164 8263 8397 7933 4516 9261 8196 5449 7594 2474 2735 7398 2188 4160 6519 8556 1477 6619 6381 3136 5687 9502 4195 2650 8866 9247 2719 1911 8782 6633 4554 3151 9958 2469 4242 8269 9818 1400 3474 9200 7968 3838 9433 6414 8596 6027 6257 5535 6003 8220 9632 2085 3249 991 4503 4362 3937 9670 5918 4428 7113 6896 2988 7235 5289 3308 5980 7871 5604 6347 6534 6928 4093 7194 996 4001 3094 5827 
23 3000 6889 9310 1776 4202 2501 3441 9786 7569 9599 5222 4033 3896 9270 7717 8586 1435 884 2349 7702 4402 4187 1143 1981 6788 4513 7099 7639 4290 1124 2688 8914 4369 8678 6474 3591 4439 1814 7856 1656 8170 2871 9946 7073 9923 2725 559 2685 7309 4757 1335 8243 1875 1938 4990 1558 7909 7050 681 2777 9373 6020 7504 1787 4966 4388 6118 8743 1304 6898 8486 7716 4231 208 5752 3476 8249 8736 4231 1391 4080 3620 9536 455 4350 4811 8817 9441 7394 6284 1140 6176 9191 4384 5978 9947 3426 9283 9834 7027 9669 
24 3000 9578 985 9324 9686 9999 2356 6163 1872 2253 2515 9188 3808 8988 4791 385 2949 881 4527 3238 5429 6854 4444 7006 2993 7417 8140 4126 8062 1127 1714 738 6909 4181 3507 337 973 3133 1976 554 6290 728 1688 3057 1054 4873 7444 6576 1297 724 6524 3056 4700 5899 9058 6938 2527 8821 6519 7556 9683 182 8351 4670 2895 7533 6707 7112 7025 2997 9327 4569 9502 4111 530 2481 2878 7790 336 73 5515 7416 1714 1503 393 3056 5950 140 2041 4796 6144 5970 1599 9214 8834 6119 1 8961 3738 8507 9279 
25 3000 5482 1626 8627 2004 4854 320 9443 8840 6752 8809 4423 4227 6535 9500 3686 192 465 8586 3284 8282 4045 4545 7600 9623 3485 4757 4880 3099 289 255 5880 1670 8975 8591 5648 6796 7909 4838 8425 1002 3273 705 5669 8556 6155 1787 7213 4284 2764 2934 5538 500 7767 1750 3179 2063 759 211 3247 9564 5845 4412 3088 634 4365 2439 1053 9376 725 363 6408 3923 1366 6365 2356 2125 6853 2978 2190 5354 7092 7460 8574 441 9665 290 5938 9730 1299 1788 6016 9268 2455 6864 6487 5107 5041 7885 2761 7741 
26 3000 3254 5674 2877 4665 7545 8632 5530 1057 1706 9979 1226 8588 3088 3131 6560 2354 5939 5193 1611 5936 7870 8580 481 4584 9444 764 4937 6523 6891 2147 1193 2389 7948 2051 9812 2787 824 2846 8735 3975 6289 2193 9428 1670 2890 3413 6166 2987 5291 3988 8430 6491 5736 2178 6437 385 8640 1768 9793 8819 8305 4942 9267 6319 9758 3273 1697 351 2717 6851 8016 2002 8679 1525 4404 4788 1138 4274 6564 1588 8922 6706 7127 9704 2659 6674 6180 4044 4368 8030 4914 8429 171 8486 2405 5028 6135 5619 5514 1917 
27 3000 7236 988 1919 8761 9451 2379 6259 625 4968 4181 9421 9905 532 5875 935 6388 8904 8661 4504 5435 3454 203 6657 4290 5877 7496 8525 6515 7029 7868 746 4546 897 8097 1487 376 1682 1660 7603 4369 4022 4099 8910 2186 6323 6524 5586 9851 7233 7230 8703 6929 5224 1442 3879 7837 1312 9189 8049 1278 4893 1300 9374 7797 2712 3523 267 5469 949 8771 3543 3703 436 7496 1698 5180 4997 6184 9312 5906 2912 3972 8574 3401 1506 7401 7938 3006 4865 3282 3895 2314 4677 9694 5881 3732 4195 5105 4303 5163 
28 3000 5326 5617 1685 8815 8850 339 6957 8134 7754 4882 2846 2862 3703 2980 6411 2224 6624 6235 2691 6232 7425 1992 1484 5122 3833 9330 7251 6912 9360 3186 2139 3082 5391 6603 2138 2389 6402 1095 6356 2795 8296 5149 9421 1530 9870 845 7008 3269 7405 8598 4495 6450 2379 35 8736 7700 2311 8986 2964 4395 4720 608 4821 5348 4220 8632 7509 9611 2732 730 4065 3414 2824 2014 4768 5220 4177 6659 7661 8912 3175 7644 2209 5097 5618 4628 6070 546 2563 9942 5003 5745 9290 2713 5894 585 7389 1109 2905 8166 
29 3000 9977 2710 6755 6736 39 3006 7121 9743 1888 2014 8165 4023 5761 9028 7189 6108 5529 5488 6407 6657 9541 5977 7852 3020 4582 7341 1402 9915 2973 5938 5933 8241 2777 3004 3594 2011 1141 8155 7211 3410 766 1002 815 5977 9488 904 3292 5918 3002 4832 5166 1533 694 3371 8492 781 4611 4836 9891 6961 1550 7524 6702 2520 8269 77 6253 987 9833 9989 8271 7031 1074 214 404 4647 1183 3926 6878 3462 1424 7377 267 3170 5975 902 6405 6089 5891 8039 2406 7847 6195 2770 7818 6189 6094 4897 8902 7911 
30 3000 2316 3538 6034 3917 5577 8743 4230 2405 172 1248 6801 177 6685 338 2131 2067 7834 9851 3575 8505 7434 2291 2491 1196 2484 1081 4389 6934 8388 930 8211 9531 7290 6331 8731 9877 9539 8180 2085 4126 8281 8525 4421 9998 7173 3434 3677 1223 1223 3996 4484 88 754 5435 6191 8131 8494 4362 4022 4940 9792 4144 3349 5096 5957 8398 7096 3224 722 2616 6266 7180 9836 3911 3595 9361 3778 8881 325 6135 3594 9617 6113 5401 9866 7812 2051 2274 4801 7017 6825 2893 7444 3004 5987 6354 2018 2267 4360 4767 
31 3000 9391 8645 1567 1443 1664 8060 679 7201 9886 1396 9995 4800 4896 5493 7946 1502 1283 2265 1117 9749 4481 5949 5405 5979 982 8477 294 7552 1674 2969 6257 7816 8309 5356 5283 9286 3090 4127 4532 4953 1388 8196 3108 7718 7581 2903 1964 7953 4018 4134 6932 9179 3110 564 4870 1882 2545 4031 2941 5439 3626 8033 1018 8184 2740 4343 7210 5584 5941 7765 6510 6553 6672 8996 2582 7887 6601 5627 2651 6814 9585 1262 5543 1687 8764 2765 2827 788 6772 5633 3097 9263 9076 7487 9377 4179 447 9697 9641 7708 
32 3000 4543 7130 472 8438 6627 6015 3837 803 9406 9944 6989 2645 1999 3990 5493 896 2020 6957 9383 5384 801 1748 2433 772 1725 3861 4564 6612 1695 8010 7372 5532 5722 2876 2775 9541 4640 3969 4795 4466 5948 4632 4460 2508 7772 5161 7829 2928 5954 45 7146 854 4271 3344 5117 4213 7773 2184 2314 8795 9246 8374 7698 1429 8804 8156 2275 1299 6602 74 5874 9373 8678 973 7046 5963 5918 115 6094 6408 6141 1431 1223 4884 9322 3888 7821 6336 5923 9986 858 6537 8366 2380 413 272 5616 8625 331 7648 
33 3000 900 4048 9995 8523 2548 2744 9231 5070 7951 6696 6334 2458 659 3022 9222 7660 590 9347 9714 6387 7375 7296 928 8149 6816 4121 7813 9434 483 2438 800 5022 8424 8108 2577 7413 5007 6225 7995 4390 7884 5244 7093 4701 82 9220 1250 1867 5216 8186 2466 6116 5830 6644 5758 4442 4861 187 4693 8789 232 248 39 2358 2562 6969 1541 4042 6008 196 2823 984 2232 8602 9417 9260 7488 6931 9915 2690 2838 1374 246 9769 7489 3058 1079 8726 5265 9671 8347 709 4189 5211 6906 1091 9202 7850 7306 8907 
34 3000 8002 5935 5696 4411 8 2110 6850 4759 8453 5559 324 7816 5594 2376 9726 4096 1055 4067 5124 6812 3291 4165 8571 66 4180 2979 2759 5156 6733 466 2792 5007 5939 7223 1096 6733 2726 3612 5438 2319 1052 7007 84 7430 8123 7160 74 8344 7727 9702 8625 7010 6703 7760 7659 4236 4532 1709 1453 989 6045 7034 3420 7840 7271 337 6006 2510 4398 3449 3725 5565 5862 5681 9303 4217 7564 4193 2961 4261 1207 2491 4815 131 5765 7049 406 3089 2069 2053 9348 7526 525 2272 7108 5403 1950 4058 9909 8803 
35 3000 1540 4463 2756 619 5959 8484 588 3363 3555 4441 2556 6095 7696 7464 9427 9486 3240 1123 4108 9000 6120 7166 5300 6203 6062 3396 4278 8195 2426 9665 4787 5172 3164 1994 6076 6105 6920 4821 9046 2553 8236 1370 5530 594 5896 2150 692 884 4392 1573 8558 6841 8509 2703 667 954 1046 123 7849 9214 3650 938 5123 3677 785 3886 9731 3145 6820 6596 2286 1974 6244 949 1052 7007 7008 6578 9343 2637 6985 2492 6053 3986 3564 6817 9307 8215 6364 4670 3240 3958 3074 4154 7898 8880 8415 481 2264 5363 
36 3000 6235 8214 415 4310 4719 1643 793 7081 4732 3278 8612 5555 1281 472 1386 307 8109 164 7576 6922 5405 1753 8372 424 648 8095 2595 7841 2569 4619 4721 8881 8242 6578 6039 4746 3299 4419 8922 5065 5270 7279 4233 2949 46 4604 1853 8178 1472 5897 4332 8510 4059 8590 3665 9112 8825 4038 1197 120 2261 1642 647 2323 8417 1093 4266 970 4123 2745 2109 7706 7323 6110 4437 628 8543 6480 7249 2472 5478 9670 933 6915 713 4897 2039 3019 2555 5764 8185 7778 9003 9393 6087 6811 4836 3664 2705 3166 
37 3000 1830 2587 9524 4253 2093 9801 9956 6905 4534 191 9869 561 4454 9639 1236 8573 6257 2890 8913 7642 9289 9552 544 5376 6810 8213 9586 5969 8076 8694 1461 4019 3557 2411 2837 6453 3279 880 4024 2588 8285 2330 4508 2318 5226 6457 1598 2419 4078 7287 2207 981 8979 4180 7754 9973 2195 945 2188 5920 1212 3088 3143 8716 8945 3186 6218 8555 7085 4377 2372 990 2558 1989 8460 118 7120 3278 877 9888 66 5305 2342 3533 4075 929 1798 1131 4173 2929 7438 5287 9820 6250 2859 4942 131 8376 6337 7306 
38 3000 2210 7822 3234 7920 2618 759 1520 8832 1962 5757 430 4916 2610 6660 2238 8296 9530 3577 7160 910 4256 2007 1382 5192 1977 85 8214 2882 1754 3950 2363 1955 9856 1244 7340 1688 6228 2732 5984 5835 4079 2049 4115 3939 2597 3569 7313 768 2793 8404 820 3871 6458 8522 2565 9260 8260 8996 9318 5221 953 8373 5968 4250 3724 7171 7925 3106 3651 4500 6646 998 295 2807 8289 5892 3418 749 5489 8948 3816 4189 2262 7074 7293 5316 2030 3612 1743 9889 8776 7147 7367 2614 1320 8439 16 634 720 5484 
39 3000 7652 5154 801 6695 9939 1185 1809 2211 959 5417 7185 3333 5051 2212 3468 80 5775 7729 3324 6872 8003 2167 1698 6343 3134 138 5089 1270 7432 9161 3957 4633 3494 6287 8245 7799 4836 2839 6034 6831 3611 7289 5321 6921 1449 6251 8920 4948 3418 3604 2491 163 5117 7735 5689 2996 2893 6912 6447 1990 7174 2783 8370 8862 8940 1990 1271 1683 9311 5922 4819 6188 2262 8582 5316 5211 460 2587 5601 6241 4234 3283 8076 7109 3661 996 859 9791 3782 1404 7061 2349 2942 4027 7190 8984 4255 8854 4676 8220 
40 3000 192 1088 4524 9218 300 4014 5092 6200 2036 9998 2994 1019 4738 9607 1124 3831 6711 8856 9813 1914 5441 4579 1103 6593 939 7924 6150 8307 2201 5973 5753 9784 6804 1493 4004 7355 3613 800 5067 387 8628 9763 3080 8841 3943 7918 5180 8953 9842 719 7659 7049 7 9906 5242 1472 9864 2003 3483 2643 8044 4937 4299 1246 974 2789 4619 4536 592 8658 8163 769 5187 5662 342 1768 3364 6058 6288 3599 1132 8488 2006 5384 2120 3350 8648 6233 920 6292 9920 302 9546 9839 2607 9981 7027 3132 224 7195 
41 3000 2124 9805 9797 2845 9165 3975 1762 4362 7013 4369 2994 1391 1155 6569 2959 9603 8919 3378 2991 2623 7807 3322 8695 2095 6971 7270 5473 5861 1791 3176 7178 4270 1598 8956 7891 4613 512 3480 6824 3682 1405 5693 6343 8452 2990 1865 3128 4891 41 957 2441 4892 6727 8122 5539 1333 3082 6322 191 1259 4590 6075 4338 7194 4903 3330 2865 6570 1680 5457 7509 9289 5552 5371 9880 3406 2211 3781 7618 8935 7626 9555 3669 9787 6381 8221 8685 3825 3144 8586 6557 1049 7252 7484 3061 9904 428 2643 7638 1715 
42 3000 7620 3684 8300 3244 969 1245 9649 7375 6895 4220 4038 1920 6312 5137 5843 6557 7970 3648 8866 7883 4920 8156 6865 2603 4102 5556 7204 8835 9060 9111 7631 5546 5783 4443 6179 108 1670 3657 4195 3983 7618 7589 2495 6532 3238 6170 633 6948 5195 6932 9314 4317 8674 1621 5911 5795 1967 946 3126 2923 4189 7452 762 6061 6121 6511 628 6940 4168 5449 4564 9351 7456 789 5596 7955 8042 3622 2211 5211 4258 3104 5761 6437 7169 8075 989 2997 172 6809 9683 3604 1704 4882 7453 3757 1084 1168 3631 3301 
43 3000 7476 1963 4300 2105 1985 3227 8449 3876 2864 959 7245 8091 3858 9691 6439 54 5669 9109 1894 9082 545 8798 8234 4812 9993 1118 623 1634 5623 2193 9669 1252 3109 1040 9448 3366 9282 6806 8661 4480 2342 4148 4905 4838 5199 6724 2082 3479 1938 8814 922 1424 7410 5068 2635 2983 9945 8376 5692 5188 7190 5866 5725 5353 5080 3022 8554 6758 9923 5931 6340 2453 3615 1656 6863 7200 1981 6732 5922 7522 6240 3783 2866 9896 7595 6273 9243 7054 4948 1375 580 2419 5736 966 1281 2666 9903 750 2661 8403 
44 3000 6984 7505 4093 2980 6320 4450 7286 9424 404 4744 3691 5494 1337 3107 5022 6871 426 5568 6917 8459 891 7330 5706 3823 3712 8772 8320 2750 6591 9568 5315 6925 6040 934 7027 3747 2598 5995 2846 8258 9171 8289 3621 3206 2495 8379 7186 7221 7727 8606 7014 1134 6163 5958 3992 2400 6070 3063 1324 7666 6659 7316 2561 3447 5169 8121 2750 4939 7087 2260 2712 2952 9482 7396 6444 8966 7475 3689 1651 8320 3827 3543 3390 1514 1652 9476 856 3647 260 120 7276 1974 4119 4337 2944 1591 4946 3470 1370 9242 
45 3000 6924 1711 8554 5252 5038 4596 5395 3588 6543 5631 3213 41 5551 1032 2405 8536 748 2601 4218 5562 6233 8720 5658 2736 5485 3472 7509 7482 8448 3887 5493 1841 1750 5314 4542 9406 2042 4917 6204 380 2462 3294 9167 4757 2225 4227 2914 3634 9338 2549 4499 8644 6442 144 8452 9511 9772 62 9800 9741 1250 8775 227 422 3702 6537 7346 2164 9193 5888 7104 5154 495 8272 9307 7341 5675 8784 6275 745 5812 9038 4619 5889 5836 8170 141 4361 8492 1951 5863 9493 1430 39 3180 5171 7420 1346 6136 2772 
46 3000 7693 7539 8827 6219 8406 4657 5928 5165 227 2856 6346 6303 1058 4285 9997 2797 1868 9078 7707 1845 5660 9479 4242 359 9562 2082 4459 8773 42 8209 2582 2980 1244 2400 4607 4388 6459 9039 3826 8104 2709 7097 9485 9245 8465 3005 8553 7366 4488 1648 633 9025 7789 5488 5983 8463 8724 1810 6672 6413 1206 8091 854 7034 6046 5498 175 2969 7417 511 296 8530 2445 4662 4548 1005 3922 2416 708 93 6147 7158 901 5461 3893 5321 4630 2429 4491 8626 4925 5778 3052 4460 7621 1683 801 4365 3764 7774 
47 3000 6545 664 5132 1316 1262 1206 2893 5520 5816 2234 9380 3976 1797 9388 2994 3213 5485 6818 6228 3378 4940 4435 6826 7052 217 3282 2054 6175 6709 9028 6106 7113 1605 3591 629 3835 3486 4881 8378 9225 5038 4677 9991 4514 8889 4617 3893 6842 6579 322 9323 4935 646 3641 2483 2921 9842 3025 5822 2259 7472 2018 433 1797 2862 5883 1582 5960 5944 6344 7359 1055 4975 4462 460 9705 7374 1625 3082 3408 3689 8675 4958 3222 4686 3149 4504 8571 1563 4655 3096 4181 9292 8363 2479 5136 3079 6631 5286 65 
48 3000 7961 8748 8695 2446 1516 8804 1206 46 9703 1690 2543 2473 5829 7217 6680 6862 2637 2362 7994 1688 7521 1639 546 8690 868 5593 475 2941 7520 7429 1536 1021 1364 7747 3743 7334 3050 7421 5151 8536 828 8593 6758 6096 4512 3792 532 6979 2574 3186 563 2456 2354 9943 7340 5035 3403 3738 5155 3522 3948 2367 2627 6204 479 1495 6359 2154 466 2529 7713 673 8199 8611 2710 8838 3752 8741 5060 7195 5073 23 2317 3562 3200 8035 5150 4963 598 5326 9749 7691 2627 8037 3354 5484 2131 648 2903 5842 
49 3000 7151 8846 6813 4454 1767 526 9880 7760 62 4906 1310 3633 3211 9779 5864 190 9698 6881 8145 2723 8653 5386 9992 8756 6322 3531 1011 1236 5648 8359 2230 9833 8996 3588 2870 378 3985 5615 252 2422 2456 7628 2824 4917 2563 1858 6311 28 3986 9948 2995 5061 6271 1449 4114 2530 295 442 5395 8333 2856 282 5699 8063 4388 6472 8805 1443 9802 7659 8309 4885 2448 4750 5650 2170 1207 8164 1266 3259 704 3203 8870 1227 4651 3543 2849 7323 2310 2860 8798 4147 8079 4572 7166 6967 4217 9715 37 3147 
50 3000 6671 2936 1031 9709 4052 6612 8331 9014 9718 3102 836 2570 6990 5113 7439 2969 7496 4198 9429 3944 2630 7377 6018 8551 8146 1883 2990 5481 1870 8034 4487 3488 4542 225 7902 3956 3781 6057 1912 1572 1172 3576 7628 3146 2483 6644 2874 4534 1007 8443 9587 5705 4021 3086 4347 3920 2382 5370 2028 5040 3237 8644 2574 2965 5867 808 904 7184 649 8428 9939 8468 1145 8989 6750 2672 9321 1264 1843 2671 3884 3807 1555 8416 1744 1578 3582 5125 2612 687 5637 9581 6706 1264 7218 4574 5597 8461 4520 1456 
51 3000 6169 1564 8456 825 7714 1247 5810 1335 2144 4939 3517 6627 7328 320 6064 388 3565 6945 6018 9539 3164 5987 7674 5537 3166 8110 3839 3814 1182 9465 5732 1331 4355 5809 6008 2266 1455 4754 4914 1820 8089 6135 9566 8151 5042 510 6349 2432 9746 5778 6448 7037 863 1926 4497 1846 6006 3899 358 8683 2574 2599 4022 3870 1722 4004 3640 8913 5444 6413 6670 9312 6795 5820 4159 1490 3226 9408 8141 7857 3051 7170 2169 9990 5036 1657 4964 9943 1114 5847 7193 9680 2225 9143 1374 8634 7282 1491 4898 9391 
52 3000 5257 5630 6186 1497 402 7461 3966 3393 581 4542 9672 2475 8744 2712 2974 3272 7508 835 431 3763 6879 3672 7265 9802 5085 2875 2268 7683 2549 6111 5825 4821 8971 4308 1070 8560 3547 7023 8158 3108 8309 5942 1675 4595 4589 6497 1160 4256 2607 7615 4756 9741 4189 9590 5994 4547 8606 75 3688 5578 1537 8207 4968 8827 7161 6852 1427 3187 3370 2975 8404 2383 111 6137 7383 5029 849 5115 1520 2815 7157 2650 4298 6814 6434 8317 1300 1913 2739 9522 5117 9379 760 621 3370 7532 2903 167 9866 564 
53 3000 9509 6283 8875 5466 2187 156 2528 7087 287 7658 1350 1322 486 9095 7912 6416 9502 7072 3602 2399 9934 2496 8536 8646 9230 8693 4577 9559 1775 3656 1495 8376 4102 413 6239 9104 3239 5529 5341 6580 8169 5720 445 4650 4419 2603 6957 2484 1781 5570 5821 9003 5143 2775 8427 5441 8463 266 4634 6032 1851 9223 3920 6809 1789 1333 9667 2547 4469 2285 6557 1817 2256 3390 1100 172 3283 1331 5289 1452 4160 6028 3377 7221 5818 6640 1775 4324 2472 5682 2085 572 3709 1274 7250 8547 9708 7509 830 7541 
54 3000 9577 2953 9406 3611 2814 7262 8109 7762 3904 5931 9267 2257 29 3163 4188 5054 1910 2869 8060 2356 7769 7782 7976 9303 424 6712 4091 8778 7498 9908 3896 8336 4764 2563 9623 5270 2605 6426 8768 9791 5607 9558 7748 6334 5275 4193 8677 2998 5868 2741 9265 9096 3370 1909 5851 849 7573 4941 9551 5185 7298 1997 5536 1679 8732 8643 5438 2607 6893 2475 2871 1134 220 7866 2089 7619 8288 8833 9761 4051 2646 37 9873 6606 787 5903 1755 6332 3231 7867 1237 7956 3746 9742 4920 6818 2682 1224 7584 3931 
55 3000 3443 9501 2713 9163 2068 9010 6148 2547 9955 9300 2862 3712 9694 1035 6866 9446 4034 108 4234 9375 7975 9892 9257 9774 3980 1611 3717 5501 315 2834 9294 52 2516 4095 3090 3751 7978 3643 6281 53 3666 312 5898 9979 6963 4514 9726 4677 9625 7364 4332 6102 4882 7923 6218 5827 7640 8570 6098 1976 7833 8502 6301 4282 6879 5349 1296 7272 7275 4921 1347 1573 5310 9085 9291 3350 6904 1755 437 1859 6574 3013 5595 5135 9526 1362 7228 3799 6864 4087 8733 2992 3935 5759 6836 2431 1793 4854 7125 4598 
56 3000 1786 8497 2703 1043 3274 5336 5960 6822 4468 6535 3480 3053 6395 4898 4066 7598 9985 2114 9894 3876 6291 4127 791 7796 9824 4633 1632 2809 5022 6704 2874 3103 5837 2527 4206 4899 8448 1282 1324 5895 7107 5135 5837 2818 3100 3360 8291 7113 6834 4583 4324 8744 3059 7157 3942 8136 9201 7654 3921 6228 6832 7488 3337 2659 6254 7663 2214 2075 4220 1639 3305 8565 4772 6334 6992 8217 3204 1241 9315 9803 3151 5675 3124 3588 6808 4145 2356 8261 8267 9851 9437 5997 9984 6300 5809 5639 2363 7060 5584 4008 
57 3000 6480 3624 2321 5331 9915 1411 8926 8809 5720 3882 683 4292 4510 4792 1403 6093 9675 8557 2704 4918 5723 8752 6411 7927 9742 4731 84 6918 5991 6373 5674 4632 3615 6955 1293 9192 7485 4145 6123 6655 2162 9126 8440 1703 8988 3840 6768 6445 6300 6360 4155 7356 2771 4389 5575 329 3871 6873 8459 3867 1464 3757 6340 384 6514 3847 5640 5644 4934 816 5563 6316 6544 7313 1130 5659 7162 7222 9326 7331 3821 6021 8379 7322 3110 9289 163 4013 2634 9317 5726 6360 5607 9864 3941 199 8567 9019 3283 2686 
58 3000 2214 202 6731 4851 5379 1287 9799 2282 2106 1843 1684 3934 1877 8507 9545 9065 2944 8482 5906 2290 8795 1156 9183 6769 7747 7850 7334 5512 5661 9685 4641 817 1776 3584 1608 1822 7681 6389 7992 196 9399 7107 8951 3941 2607 7284 4325 9333 972 9498 1038 970 7617 3981 8622 9968 9711 3369 7876 260 6185 5564 2634 3034 8571 4741 4677 9289 4963 460 1753 524 7115 4919 8732 7538 649 8319 1887 7373 8396 2365 6289 8364 6863 1884 6341 3330 5824 4574 9424 877 1029 8872 2683 4835 49 9951 2920 1813 
59 3000 1240 3843 9627 6888 5831 9683 1137 7410 3141 79 3902 4934 8917 9613 4894 5283 6799 1457 7132 6728 2913 2122 8337 6300 3580 4326 2707 4218 6163 7995 5819 6454 3025 9379 2659 5413 8624 8302 8772 8742 9723 3531 4540 6264 8736 6272 2584 5036 187 1792 8292 2535 303 9165 3471 7963 9728 9143 3126 1681 9363 151 5358 2773 9332 2410 4395 4720 1068 182 6745 9220 2534 2141 470 8111 6555 9870 7591 3435 2291 4480 9615 5624 9821 1358 6184 9802 7861 3039 6860 223 4601 199 6017 2830 1674 778 879 5934 
60 3000 1242 7227 2663 9029 6211 1877 863 9722 3574 437 649 8791 874 3613 3396 3368 5793 6855 334 8253 8867 8231 9329 5342 9328 4417 4781 1185 4065 4824 656 2677 9719 3841 6633 856 7894 1205 7388 2847 3496 502 4989 1912 6201 5783 4430 5640 5045 6311 2277 2252 6136 9436 8452 5034 3494 1586 1131 4901 3019 7391 4770 1071 9578 6928 1264 9886 7221 1092 4215 1732 2520 5095 6344 6111 1035 82 12 4813 6904 2880 872 3233 5556 3872 4651 9800 9551 2985 7049 3536 7549 3820 6768 9741 6393 5892 1661 3803 
61 3000 6331 5005 8015 3127 9348 1744 2947 7198 640 8101 9936 5761 3196 2217 7475 5133 5516 1254 844 2636 2451 2393 7019 9151 9169 1953 2694 9809 8242 2639 5434 2794 9862 8910 7957 6279 5182 480 5529 3482 2779 3933 6499 5855 8246 2474 5944 4387 6904 3799 2452 9040 9644 6088 8022 6308 1893 2132 1092 4899 5700 1571 2689 9545 4954 1275 5711 2936 3722 3831 7324 5776 7716 4169 4494 4970 8881 4308 2636 9931 3109 6225 7394 7011 1082 2852 9541 2066 2234 7198 3008 1132 1844 9594 6034 9240 1245 3066 5447 7346 
62 3000 1170 6826 4063 7389 8215 7901 1217 5478 4427 872 6410 3199 20 5747 6091 7047 9215 3962 3559 5986 9207 2494 1986 7133 2249 6112 575 9566 873 7750 3834 6257 6227 6996 3979 4132 9539 6721 6462 2253 6710 7820 8622 8129 6025 2084 1463 2146 8995 3198 4557 129 4324 5860 4072 4025 4992 3029 3921 708 8477 1293 44 8917 93 4369 7805 4315 9452 4720 2525 2667 57 3306 3129 1154 2013 7451 8928 7805 7874 6840 9519 9056 1599 7640 7810 5430 649 4749 6180 5351 1197 2163 5745 7075 6471 1474 8773 8749 
63 3000 8218 8491 4200 6593 1293 7986 6290 1211 1374 6566 6408 2024 5802 3666 7926 9825 7547 675 4246 7471 2296 8177 9957 8681 8670 1327 5109 4979 1562 3341 2615 745 8601 7125 8782 6405 9745 5013 6961 9736 9994 6645 4322 5299 5230 4956 1761 2000 1180 306 6924 8772 5509 2717 361 8384 3035 2250 4803 9375 4065 7499 7564 6113 5863 2214 6067 6976 7239 42 6500 663 6264 7404 5590 629 1109 4490 5506 7639 4012 4375 1889 455 8366 273 5000 4645 8932 901 4000 9513 5184 3978 4352 3163 7769 7849 8349 5678 
64 3000 8101 1226 8764 429 1072 1062 5632 3512 892 8546 6145 1303 58 3225 7686 6144 1440 5250 3980 149 3498 5745 4367 7141 8618 5307 6211 2707 4583 624 423 2385 9158 9221 112 7969 7806 2335 2368 1946 4528 5904 3159 54 5830 9697 5360 1962 7810 4551 9909 83 6372 7749 76 6506 569 6514 8875 8054 9068 9628 9583 9469 9735 7180 9400 4718 2355 8438 6217 6430 4470 7844 8530 3451 343 9132 8457 6531 3051 7582 7894 2131 9693 382 7797 4357 9739 5130 575 5016 6487 6455 5626 1804 1658 758 7985 4612 
65 3000 3108 9090 101 9960 5668 8143 6742 3555 5110 9373 3020 975 5238 6246 5544 6480 8100 9608 6698 9941 7328 1184 2044 1902 4605 5195 846 6763 9254 8109 9725 4087 953 6507 9438 8035 5573 3083 4776 4926 4145 761 7594 8917 4950 4947 2965 5815 8731 3895 8451 5007 7037 7204 6514 9524 3685 2442 37 4219 9350 9888 978 2078 9280 5406 2149 8654 4137 1441 2115 4626 3961 6139 3226 6480 5261 591 2764 5321 1225 4210 7225 3803 5069 8221 9718 1192 6491 7286 495 6545 1270 9248 601 20 3976 3004 8653 2314 
66 3000 3811 4498 742 2214 3573 847 3459 2287 1747 2581 50 2684 7721 4019 9690 3077 123 1763 9888 2716 8286 1319 2015 8613 6842 1844 9951 1850 3431 9017 1871 2013 9545 6033 5139 9752 4493 2728 4339 7461 2486 2822 2429 8089 2857 9290 5015 2076 3401 7860 7757 2407 6834 8633 6891 7798 391 5830 2886 4003 8533 5662 7222 3250 8792 2325 2287 1799 735 2124 4410 5624 8052 5717 9 4223 3772 8488 4872 2550 8604 9041 6556 1076 2400 5821 9918 3971 8744 1861 5764 5414 2671 7656 2627 4022 1502 2153 1671 5417 
67 3000 8814 1876 4718 2901 1523 8172 5398 6270 105 2582 3429 8745 1934 335 2019 2033 7745 1973 8392 9507 1227 3091 7441 7518 1733 2216 8504 4828 127 6796 5271 166 7742 7326 8807 7914 8474 9591 3702 1916 3994 5038 7357 7410 2091 9273 2378 1088 8135 8681 2107 9278 9665 5174 9274 4252 4109 9058 7775 8665 9618 34 7572 8105 9034 6316 2722 1786 6982 1877 2530 1347 78 1821 5826 7794 278 5882 8365 6553 1332 38 3359 657 8386 6264 5123 2051 686 400 5859 1031 7425 8147 5554 3797 6703 9188 5008 8140 
68 3000 7622 9435 1988 7248 5496 1401 505 1643 194 2692 3213 9237 7602 2635 6941 3517 4215 7017 1343 9851 4854 958 676 9926 3500 9913 8700 4302 7263 8783 6710 3099 3472 9170 4685 4805 9887 4742 5564 3207 8041 4734 2654 2452 9706 5564 150 231 6479 585 6793 9086 2501 7950 2645 5845 294 6611 8993 9179 9728 443 1374 5287 106 485 5727 1703 5388 5312 7674 9232 2520 9535 4920 2007 2909 417 2779 5673 7004 2623 2829 3694 2016 1090 4688 1789 2759 2022 916 490 5610 2011 5043 5826 5602 5285 2722 8128 
69 3000 6639 9078 6004 8968 4833 7125 744 6214 4974 1285 7125 7215 115 1287 3310 108 4288 2598 2223 3254 8346 2424 1450 2796 8925 3828 6263 8339 535 7975 5777 6766 778 4506 2225 4162 8681 33 3359 5883 6166 4760 7981 4730 2639 7229 4592 7265 2705 7189 3171 8239 7005 6597 78 3156 6184 8735 6079 8950 7982 5458 7501 2801 7444 2564 505 9063 264 3290 8496 4324 9247 9935 2643 592 3903 3604 5533 6600 3155 2080 7952 7242 1187 5819 8783 1131 6403 2075 8036 6281 3519 7139 2999 3920 8776 6717 7516 418 
70 3000 8284 4424 4389 7349 9482 8400 905 9674 5732 6067 7490 2049 4028 6988 9485 3261 5845 3871 2046 8782 1095 1689 8178 1456 5222 4922 9880 308 9413 2934 2426 7475 3943 3463 1769 3266 4635 4249 5063 9347 2452 2772 4322 48 6213 4130 3190 1794 8430 7032 6851 669 4274 7919 5051 8097 3666 3212 8251 4651 6492 9680 6907 1983 940 2939 3869 2888 4968 4071 9912 9487 890 4372 2384 9531 3097 8222 6988 838 8891 4080 2680 3853 2452 3607 9699 2328 1930 8913 720 2133 9654 7923 5127 8189 5479 7880 6422 9525 
71 3000 3245 6960 2746 2465 372 4024 536 1934 570 6482 1298 893 9681 6295 1515 7895 4645 4095 5668 2772 5587 1428 2393 442 1035 1129 3757 2841 6258 5815 7659 8987 4731 4507 3361 3155 2724 7380 133 1194 7020 8626 9041 4956 5751 7457 7838 4854 2365 7224 9002 551 2715 2663 879 9761 5276 5265 1967 5189 4481 6773 8314 9584 7189 804 4050 8929 2273 2595 5034 3745 3336 6870 5635 8524 4552 3844 8633 9293 9626 3337 8246 9289 3890 7022 6284 2778 9515 8798 1426 6979 3848 3284 1619 2128 882 2443 9610 9662 
72 3000 5843 323 1596 8523 2907 5933 9001 9597 6034 4237 3381 8270 2942 5274 4445 5109 2188 1408 1217 4676 3390 2694 6305 2459 559 378 3306 9929 8574 8515 7335 7725 2763 3719 8676 6964 1621 3030 9560 8673 2651 9914 4064 1347 1327 8379 1145 6634 3186 5227 784 3143 9040 421 3273 8378 3317 5583 1607 8797 5530 612 7020 7992 4857 8437 7633 3003 7866 7879 230 8748 9351 4654 5166 584 6294 492 4389 4986 4958 383 2594 8363 1103 7945 1500 3985 3323 8928 7255 7043 9511 2827 960 7836 6452 2631 2322 3075 
73 3000 2533 2695 6432 5322 3587 4737 3669 541 1856 1956 2723 3790 8082 1279 6752 3022 6720 3734 2657 1025 4277 2944 3483 5477 784 1750 3950 7130 4374 6955 9102 6117 9009 2197 6086 6392 5310 8943 9055 8280 4529 5612 7192 9167 5634 4820 5868 2306 5527 8753 913 3749 2382 2659 6023 7411 2109 6474 3284 8246 7949 4565 6830 3564 3182 3600 9612 2456 6971 8550 3306 3361 3324 6802 1341 9742 3189 411 5048 3899 9664 6470 2938 8904 6337 5603 3106 8654 8753 8591 8759 6059 9004 1113 6863 9351 3442 6622 9929 6513 
74 3000 3520 7338 906 7844 9757 3368 1215 6636 8825 9956 1899 7989 3769 2851 7902 5738 7344 1804 5467 7517 8478 2191 2668 7941 1865 4755 3060 9914 678 3479 2457 4061 2411 1585 8835 6290 7840 5651 5358 3474 3117 7858 6530 7259 4982 6363 7475 5998 9105 3793 6337 4811 1548 3868 9806 3765 3357 6144 1777 4188 8277 8889 5117 3097 3592 73 6578 5759 4087 6494 4816 6378 9141 1023 1547 6896 2941 7974 5827 3934 7820 6599 1448 3846 726 2713 7469 5905 2807 8436 1871 3609 2130 67 8329 4119 9516 4079 6116 5813 
75 3000 7512 1238 3133 3971 2474 8855 2059 4585 9784 1149 9628 6293 2191 7750 9033 433 1276 317 5452 9232 2041 7284 4701 2113 623 6731 5011 126 5134 7383 1931 8511 9629 7726 6354 7376 1191 3257 5671 513 150 1856 8047 2323 3419 7276 9824 2882 963 773 6049 1121 5386 842 4123 6135 4646 1097 585 6616 7897 6264 1007 8414 4451 6298 3025 217 5870 8635 2493 7363 1178 8561 2755 3772 5205 7707 7054 2004 49 672 4055 1444 9667 9765 6496 4611 7588 7883 2970 1587 7757 9502 2825 2583 8492 9796 4190 8616 
76 3000 9585 1892 5130 323 2506 2232 7922 4888 3750 4072 6456 1110 1298 9106 6765 2575 4211 7208 675 8975 5338 4305 2586 5536 7163 8375 9368 577 766 3564 3394 1196 7913 2433 8691 7076 6273 6334 217 2420 7755 3899 6261 6009 9975 7666 3974 9386 843 8823 8020 3165 6283 80 2353 1462 1068 6664 5118 4459 2786 5441 6682 9081 8931 2163 784 7810 7119 6836 8810 5615 8422 7219 7202 5013 3842 446 7977 9251 3891 2767 2387 3614 1313 7425 7690 4863 6922 647 7058 8788 8566 5771 2599 5894 3215 5484 1515 5210 
77 3000 2181 2203 5372 6222 9452 6561 2512 8932 3163 4036 3570 2042 179 9693 134 9260 3817 1056 6519 3737 4678 9104 4670 625 4619 7394 2190 7757 3840 9303 3491 4460 1098 3402 4072 8488 7046 6953 7922 1076 702 7528 8046 132 9035 2755 117 1537 9682 8190 9258 8582 6785 3314 9937 9530 9960 5653 9000 3293 6384 3022 1822 3247 6009 3901 1581 9161 9905 5926 1666 7257 1723 2514 1200 8395 2285 7608 3696 4380 7298 8545 8828 2396 8196 7057 7341 7564 6102 8389 9074 3626 8921 8547 4112 1756 1552 9665 7067 7490 
78 3000 9230 3508 4476 5785 3989 3086 5329 4204 4254 2405 4726 4226 7553 4336 648 677 6361 6611 3864 9287 7058 5945 956 2379 2028 281 471 2673 4867 9163 2202 5222 8722 2229 9583 7469 7764 5836 5226 7432 1769 7802 9566 11 3837 281 2639 1423 1231 756 8990 1760 9343 1161 5692 5675 8782 5129 3506 1184 5591 3360 1154 6606 4584 7118 2722 5622 5812 9855 8187 451 4156 6953 7072 3168 2037 3597 5220 5132 5258 771 4699 4544 1970 9381 6826 2136 4759 2495 8324 4973 5864 5723 594 8390 5514 5704 2123 6052 
79 3000 3396 6735 4006 8135 3241 5511 8603 7635 542 4000 1312 4802 3393 436 5475 9700 6452 8445 404 2886 8034 4284 2532 4226 324 2219 9692 9821 2716 8017 8520 7072 8280 568 4979 7857 3351 1631 8015 9847 242 3707 6334 5932 3087 6030 8301 1786 6804 8695 4970 1548 9185 4900 6238 1629 6110 1316 118 2649 9890 6587 5144 9491 728 7946 5900 9490 1311 5968 1667 8738 4524 7434 8206 6519 4291 6332 2658 7865 9539 2974 1570 4245 1286 1247 2049 2368 2861 3979 6041 1120 3237 6441 7729 6620 3503 7961 4064 5407 
80 3000 6448 1676 8415 5745 9278 2400 7348 7061 9457 2621 529 7497 3670 6622 3747 9600 9915 2729 5073 4128 2715 3676 4132 1983 1459 5110 4507 4269 1869 2204 9266 481 587 4409 9617 4804 2891 8320 6680 556 3535 8677 6396 2742 712 7483 7548 8736 3147 1250 2917 7094 310 6373 3560 4485 5756 2623 6209 750 3590 4767 3801 2085 8056 2321 9130 2350 6254 7411 1622 2503 3977 779 7242 8161 4678 5897 1517 5276 1559 1216 5689 3953 2787 538 5996 376 9830 1509 6070 6872 8929 2243 2465 91 5680 6066 3312 7317 
81 3000 2754 4390 94 900 733 7706 2549 814 2081 4706 6698 5343 8227 9530 5996 9889 9782 7136 5609 3903 9883 6797 9820 5946 650 3722 2551 6874 2786 8800 1020 1143 8280 6475 2516 6244 6256 738 4300 262 1936 9253 6638 7560 8726 5597 8945 2588 3435 9635 9069 1813 4614 6017 5692 3783 4017 796 3855 7307 1198 6175 3612 7762 1220 3380 1807 1533 5496 3654 6978 8566 5756 7379 7380 3051 1134 1320 2144 2236 8385 4002 5547 3356 5225 9199 4420 8694 6794 7558 8672 8761 5245 6348 4945 3611 2464 7325 3388 2266 
82 3000 5905 2733 7563 285 7554 9425 7470 5438 6026 1105 5700 1518 1771 8703 6711 279 5418 8871 9234 1488 9243 599 1797 1111 1752 9971 1376 7623 5400 3024 5179 6441 7432 6755 5540 2481 3845 8234 7953 844 6479 1855 2221 5620 3230 4705 6733 6830 1394 62 5869 5476 4129 9012 524 6729 44 199 1763 1236 5917 7696 7599 4556 2531 6998 2890 4715 3642 9147 2373 7892 8068 2975 6814 2228 4901 5476 2281 9758 1854 302 2555 6470 6715 4387 4648 488 1949 2687 7464 8385 2403 1056 3568 9608 6152 7243 4096 9046 
83 3000 8459 7 6776 7706 8870 6369 7086 1526 1424 6981 2527 8309 7998 9621 26 2778 4766 816 6466 9762 1792 5588 2335 5504 5748 5322 8507 7096 5746 3768 6140 35 2309 1154 9706 3908 9461 6441 3146 6201 9937 7687 9139 4233 3529 547 1514 5213 8544 4892 770 4423 6400 9557 2734 1531 9339 5211 335 5018 1264 5352 8504 4743 1706 5432 2209 2621 2917 96 7599 1438 79 8562 6288 1778 4647 8110 2751 7084 814 5706 4857 6845 5099 7749 7519 7900 9066 7939 9472 3872 5157 3276 3172 2730 5664 8180 7829 2470 
84 3000 4815 6738 5555 4923 3988 3072 643 7691 53 9839 1969 4203 6838 4850 8521 1901 9715 5817 8047 8546 3316 3223 8838 6656 2377 1318 4625 6057 5697 7243 2611 4575 3230 8271 4620 6840 6303 7184 1375 1220 950 5764 9902 4879 4382 6416 4057 6963 4573 1916 8176 9906 2980 3279 3853 8867 375 5757 9846 9284 5817 2960 5100 2562 8739 9100 4901 9877 4162 9364 153 4113 1037 8413 9782 9923 3707 6995 6260 1904 6501 6700 4262 915 1445 2826 2437 8505 9102 5374 8317 9473 2539 8174 6341 2552 4418 6128 9006 9217 
85 3000 7205 581 1148 620 6516 2816 7341 2646 7579 5680 2426 9098 4825 3324 5163 3009 4600 9078 5010 6067 1008 1446 2021 6183 4877 8227 9879 3169 5842 8761 2043 2547 7569 4299 1029 7487 6088 6503 811 8858 1261 4062 2348 3418 1370 7442 2237 122 834 1754 4492 4551 1047 7755 5441 1475 4343 961 1759 5535 1089 8902 1619 53 9895 6487 8966 3962 955 9502 925 6870 2516 6233 8322 2237 463 7207 9342 8691 1035 3070 6302 9455 6667 577 5557 9909 4953 6717 526 3274 735 956 7841 4419 1319 5610 6630 1794 
86 3000 4817 4343 915 7492 1608 8784 5142 5428 8930 3275 2833 7651 8593 7743 8361 8777 7822 8694 1854 8547 3219 8337 7224 2510 7854 1826 3317 832 1482 2637 8189 5231 3876 6056 6514 4035 1301 808 105 5363 6097 8800 1570 8438 9395 2990 1088 3016 6961 3385 6313 6948 8155 1163 5399 1864 8025 919 3153 6977 2521 1032 315 1021 6833 2169 5954 2310 6859 3897 3004 6917 3790 9436 6909 4987 1831 8526 7404 5169 9036 8428 3418 7174 1275 3037 1096 2460 9323 136 4959 3039 9076 6764 2176 8412 4889 2712 9968 626 
87 3000 6044 2141 6134 7461 6336 3337 2708 3734 6789 6570 2729 734 1498 103 149 3784 6592 4300 2859 7921 2323 3884 8840 1704 8284 8300 5443 9151 1746 213 1787 9796 9122 2134 4291 6870 560 1157 5324 3614 7658 1838 4981 7710 4298 7189 5990 3840 620 7795 1733 4370 103 9066 7405 8158 9786 6605 4286 7488 3603 9704 7145 3128 8854 2966 4769 7515 5790 6051 3614 6063 326 1547 4582 6594 9889 965 2923 6902 2373 8862 1264 430 8238 5086 5761 86 5718 5146 5375 169 9164 8712 4274 6434 506 6230 7364 4271 
88 3000 3850 3674 8937 5016 3183 5414 4451 385 3219 5212 5431 5029 3365 5345 7496 7224 4805 3849 1515 7673 721 9892 7879 6444 9628 7267 3906 8024 1841 6017 4370 4510 9067 2179 5149 6909 7116 5655 8 4580 1742 6208 495 2784 7609 7585 8974 8376 380 9760 4775 3606 1932 9307 3469 8059 8696 7898 9274 8709 3122 8919 582 8105 8268 2220 8608 678 5515 6987 9173 7178 5407 2732 7599 7227 1618 8423 6744 8 8038 9721 8148 3070 8991 4360 6314 9264 2571 5635 6110 1799 7114 4028 3295 7429 778 6953 8172 7758 
89 3000 4268 6627 2366 8676 6667 6064 8725 7917 4407 3201 4349 743 3357 3139 6741 3750 4035 8517 3084 6805 9954 8007 2646 3105 9079 2936 2303 7355 8424 2031 5197 2084 1764 4291 2506 2073 472 9983 8355 6916 7490 9761 7835 1704 4412 1916 8162 5832 1705 7744 2950 9932 2044 5043 9615 937 6782 9734 9903 5257 5532 5609 3541 93 8891 2198 5015 2867 4274 768 3472 8785 4879 8445 5747 6515 1779 458 2519 2001 9138 509 7581 393 2545 9272 250 6107 486 1015 889 1008 8928 8341 9562 719 9039 5063 7811 9056 
90 3000 8023 7199 3557 583 3088 2095 9130 1298 8535 5668 2418 7443 5972 7778 1147 2434 7656 5725 282 1923 2954 5870 2555 6979 7938 3381 2117 5399 8096 103 1315 1137 4171 555 594 1871 1132 6053 1529 4677 256 6951 2968 9844 4348 3018 318 2805 6079 1929 7945 4198 9452 5890 4697 8046 4389 6383 2563 8067 4450 7035 8446 2110 7670 4615 9066 4710 524 8160 8988 7774 5018 6211 1775 9388 8903 2196 4265 754 9015 7915 3970 1241 7741 5169 9610 1579 2606 5502 4758 5159 8990 8075 4624 7471 5969 5659 5953 3660 
91 3000 5277 8758 53 4212 3397 7853 8948 8763 6776 3778 4656 8027 166 6211 1590 3864 8086 297 2088 7454 9416 1393 5060 5612 5105 7942 7770 5219 9021 2466 739 5782 1905 688 5768 116 8469 8781 7092 3152 7606 8733 5662 8875 5732 1848 6538 5376 3251 366 9426 8042 4144 7209 2325 860 8684 3850 8304 5852 9276 6314 5406 637 9422 9294 9678 4107 5810 8398 1317 242 3531 525 3952 43 4414 2353 7046 1588 8499 6968 1420 8216 8618 8604 7911 4838 8115 5518 9144 2369 1687 984 4437 284 9342 2416 7829 7308 
92 3000 3498 8610 9229 219 9190 5122 8697 782 7415 7758 3845 811 1594 4195 364 5351 7163 3734 5676 3984 4287 5162 5712 266 3703 2755 4814 9285 5678 396 8765 3344 2107 3821 936 5767 1722 992 1567 2838 8434 590 170 3855 2799 8639 1053 9318 6605 3251 1976 7231 589 7498 5926 7543 5276 406 6020 4701 4944 6076 3531 8336 4714 935 9045 2072 765 9100 6732 459 3674 5879 1752 4032 4879 9391 783 2491 6271 312 5671 6016 2909 9744 208 4697 8857 5216 36 6090 6153 4798 5673 908 6895 9356 8663 6821 
93 3000 8459 2913 860 395 1835 1155 6823 7150 3096 8044 9347 9743 7987 569 8115 4274 9636 1617 1476 4726 9398 964 1346 5515 820 4404 1234 2183 6727 988 7399 197 9441 8399 3124 1892 4118 6446 6117 1522 5215 8688 9041 8447 6078 2178 3169 8441 1658 5332 5152 3128 4349 3931 6931 7536 2957 5236 8760 5784 4785 236 5359 4888 851 4023 5191 6699 4225 4283 2864 7957 1500 7917 4661 8475 7372 5792 7187 7452 2365 5608 9154 7902 3662 2895 6274 9213 9079 134 9296 7833 4146 4005 5151 6079 2326 754 1233 9064 
94 3000 8357 9693 2799 9766 4713 4821 3500 2202 1194 4566 9029 2743 7644 9660 3902 9545 9789 9135 1358 107 8199 4442 6387 6955 385 1698 1882 1454 6007 2057 7918 5735 5215 208 4153 2759 119 993 5353 4500 9370 4154 51 8249 5885 7206 2317 1055 7679 6431 6665 2278 1832 6000 6077 4272 1580 5219 3160 1200 6531 3900 4418 5960 6001 5855 7658 5248 5481 523 2517 2742 6227 2710 4112 407 7977 462 9819 7932 4784 1062 9177 287 3989 5152 6912 3407 8306 8974 9092 8002 1037 4749 2402 1486 4414 9165 6548 8042 
95 3000 1063 5 9785 6801 8591 889 7567 8150 7307 4145 4327 8171 1056 1808 8377 1194 1186 4737 9937 484 3639 9866 2285 7046 9164 5570 6039 6563 6657 5166 6554 4453 9628 8530 4452 9050 5788 1845 9276 2916 9765 5473 6262 2272 8946 9947 6248 4561 2436 99 8696 4124 3156 7300 7848 6017 3050 9832 2001 7938 1431 1388 5909 290 6441 7690 6314 4362 9644 1233 594 8639 3740 4161 8542 3233 3404 9259 7271 2447 9253 9079 9234 5452 4933 3179 3387 5101 7335 3500 9456 4859 9937 7861 5346 3865 9265 1576 7665 111 
96 3000 4485 7206 5380 1755 119 2426 6589 6551 1882 6024 8429 9413 5650 2019 97 8090 9545 1909 9009 6983 9156 5042 74 9075 5875 7112 8096 5988 8363 6780 3301 6169 7138 418 9991 1199 2292 4986 8322 226 4332 9020 9204 2519 8140 1760 2329 8161 69 393 7323 6849 8153 5424 8027 4832 5448 4173 9892 9968 6500 2394 515 4910 6928 4025 3285 8408 6147 9057 4161 4754 3204 9527 1580 1327 5739 3645 9475 4289 2082 8036 3436 2385 6464 8113 9982 8880 7357 6571 8967 1618 8938 10 9104 1205 5682 3681 6618 7317 
97 3000 74 4355 7026 3133 3449 1324 37 7897 9958 5515 7580 7596 3659 6743 4954 3775 8728 9076 5112 466 2802 4337 6053 9248 3442 3720 1362 2430 7726 7539 3849 4361 4960 3099 2337 863 2519 691 1560 6789 4813 7712 5189 1706 5377 916 1987 3706 2083 6779 5084 1339 5484 9999 4383 3667 276 115 2083 8456 9886 6254 1334 8476 4194 4 8014 5940 364 6406 5630 5063 6816 3078 3347 2741 311 7462 7140 7364 6169 2190 4070 5746 1606 8587 9689 8187 2202 8287 8564 1656 1489 2981 7932 1097 3665 2287 4476 8864 
98 3000 9437 9749 4229 2281 4982 6955 5599 9325 4039 5783 5521 2432 3123 8775 8739 435 9868 7631 202 8618 4485 9828 598 6904 4360 3373 4999 6160 1762 9666 4644 2631 4688 4500 1841 503 823 7184 7989 2581 4635 7785 4738 9098 7585 2501 8261 4655 1470 7158 6657 3271 4888 8830 481 1573 2826 5585 6393 100 9374 4356 3938 2741 3568 6938 5446 4290 8354 4107 9063 6131 2677 7871 4898 47 6693 1835 4306 154 116 9700 2285 2956 3676 1885 3007 5535 3712 272 8471 1853 9888 1075 277 7190 6029 5841 4529 701 
99 3000 4089 567 9866 6099 1240 2946 8609 464 86 7743 1044 1179 2005 285 2818 984 3611 8084 5473 1164 6346 587 92 2855 9194 7039 4081 6478 4521 2489 1071 9298 7040 1904 3942 1107 5900 2415 978 8035 9902 3693 5145 4479 5838 6442 6489 3165 9957 9020 7671 3333 2553 2185 2611 7041 5681 1966 8271 3602 3997 663 9555 2141 8722 5960 7337 2280 4735 8181 9613 2945 781 5651 5778 9301 2818 8201 4031 7811 478 8783 1898 9415 6659 3220 9887 847 236 8072 8266 4060 1906 6640 6963 3791 3149 3078 8595 3239 
100 3000 8319 4648 4620 7880 9860 2084 4615 7395 6645 8091 8676 5730 5438 3967 2948 9283 5491 4346 8278 3208 6249 74 1986 5851 8200 9200 2777 1308 6833 6100 8761 109 9730 8722 8608 8026 6779 3959 5824 3007 3520 1141 6156 235 7601 3661 8117 5310 8374 8718 6639 5560 9609 5188 9851 9472 5331 9622 8981 4252 8789 366 1381 1511 4543 9806 6683 1067 3677 4742 6075 2886 2144 4881 4703 7135 2229 9460 7199 2368 7135 1990 6330 1837 8703 3132 4782 7921 8250 1687 56 4685 531 3719 2498 8569 834 9805 6453 7190 
