FILE: 123UnifS.txt
100 100 0 
1 3000 5852 8100 715 7242 8280 7202 5919 2494 2216 1159 4012 9587 5680 3244 6116 31 1392 5486 3557 1547 8550 3106 8693 9059 7731 7076 8890 3817 8922 4800 3605 645 2667 8924 4602 3311 4348 4274 9293 8019 1586 2905 7204 5038 4770 7293 9561 8442 706 1641 2009 3981 9399 1312 448 5082 3950 387 2 6965 3588 7349 7104 8893 9819 8895 4717 4538 5708 1863 667 485 8273 3296 9113 2844 4022 8624 5134 2002 7599 7973 2446 5494 3562 596 4241 8997 1289 7436 7149 5450 3001 1805 8332 2305 4917 8196 5699 6891 
2 3000 1530 9216 1241 9919 3011 643 7501 7094 5733 4610 7161 8867 5928 916 5758 8304 6461 6457 7522 7083 6732 2784 4344 9614 5708 1790 7865 5286 8067 9515 4686 8837 3485 8083 4717 8851 9030 5757 2633 4381 4697 5125 2468 9690 2051 9407 5331 7126 6014 6892 243 8119 9762 3491 8103 2298 2752 3427 8778 4740 1877 8037 1318 1341 5742 2711 7296 2311 2065 1948 7271 3797 8208 2540 382 7626 4825 4881 7056 9179 2642 2399 4855 3385 2360 9119 7438 8844 7679 5339 6648 71 1455 1447 7733 7871 4971 9848 7679 7828 
3 3000 348 5027 6681 6934 6063 1730 2728 8329 5608 1273 9320 4178 9265 5978 6309 6660 9010 1726 3862 7094 6535 8649 9551 3185 4407 9930 8569 4393 343 8742 7068 5431 4610 3304 8625 7883 555 66 3832 9954 8257 5019 3013 4341 1303 3124 2057 4223 6692 5875 1391 7390 7863 6981 8064 8485 842 6173 965 9375 3526 1141 9162 7649 8084 7589 3366 3236 6480 7423 522 3155 9129 5055 1523 4383 6675 1838 2049 4853 4891 8626 6537 2573 2708 6457 5262 2875 3366 5360 4561 3783 8692 1293 165 9511 6503 1195 3670 2085 
4 3000 1132 6174 2123 1086 7082 2816 738 1523 5802 2616 8737 9830 5588 9538 8314 7986 4616 5700 6722 5760 7087 5178 1494 1084 2509 5946 8776 8548 8099 9930 4799 6022 4307 1191 461 9401 3473 2237 9048 5477 1602 8457 7072 2934 3266 673 8236 1470 9632 5833 520 9044 9613 5812 6403 7245 4149 4349 6198 4788 3604 2105 4517 9139 8299 9847 9862 6255 2161 9755 7341 8461 9498 4858 4506 443 4907 6592 316 3367 6300 480 7232 7132 1051 9948 6427 732 5280 8249 6130 761 6252 8531 3087 8027 7904 2015 7153 2302 
5 3000 9501 4304 9006 5193 7407 9819 988 1136 9994 4354 1068 6519 5665 5764 9933 6927 4008 2770 1205 2513 73 1895 4775 1495 1773 2519 3274 1778 416 69 1660 696 4352 7321 9932 2889 5751 3836 8971 6294 509 3520 9506 6267 1273 307 4202 7834 3592 1965 2875 6053 5197 2033 834 4521 8402 9879 342 1984 5631 8882 5209 7092 8071 2741 8506 1266 7448 9908 3405 9695 934 6152 7143 454 9168 5232 8112 1757 7410 7718 6076 7321 9823 7914 5507 9866 6870 8922 2052 2737 5842 5826 2125 9644 4515 6998 5618 2541 
6 3000 7920 3534 1742 7618 8252 6808 7993 9421 7895 4164 2242 3101 5570 2715 7947 4782 5620 1284 2496 62 409 458 8671 628 5846 775 9237 9006 42 9030 4657 1431 5086 2710 3933 8843 1946 2551 8570 6010 8498 3223 9666 8769 679 2141 8126 9404 6759 6391 8002 137 4752 7798 2960 4750 2936 6102 5868 8332 3509 272 1511 5152 9365 7935 2430 4650 3997 2940 7888 5562 4524 1035 5962 8167 7844 3681 8751 4654 9909 9984 726 7620 8132 6751 184 6694 6909 6679 3846 3277 6274 4658 4568 3421 3678 2208 2182 8817 
7 3000 8889 36 7460 5920 2017 8721 9204 3198 4673 7522 4463 6497 4241 1310 1870 2541 1281 5630 8107 551 58 9880 7497 1996 2194 8625 4718 8455 3445 1026 642 7623 3603 8400 1299 7426 9522 9906 9970 8267 1273 6349 2399 3401 1423 2119 5134 7428 7430 5244 6992 2915 7179 5578 3647 5141 7627 1108 5350 4971 6586 2387 7761 9849 7621 5092 5920 2921 8083 711 1336 278 253 5347 2198 6333 5627 6657 6720 7312 2314 8904 9602 2876 5567 6146 1622 5869 1430 3543 2351 186 3520 6789 5989 6773 2928 9672 336 7746 
8 3000 1246 9760 8877 8635 6718 2202 5998 8760 3521 1673 5328 9721 4164 2420 1202 2026 5016 6457 3249 9832 4959 9865 4110 3816 7167 7230 279 2175 4004 4202 6061 9744 5055 8175 670 5243 8277 7100 8439 6648 4276 6414 2161 4686 3712 4104 9555 4458 7822 3884 2853 5185 2074 6510 1517 8078 2948 9209 8080 2334 7833 3242 7108 9257 8056 9581 7291 4506 5037 2726 6659 8464 9563 2630 919 4734 4191 4765 4925 6763 8779 8299 7260 2584 9131 2413 7960 7690 8782 723 9345 6029 3896 3852 9991 9126 1293 100 1817 3328 
9 3000 9605 4265 296 5174 3550 4567 7804 4896 1334 7714 75 8032 5182 2077 5798 5181 4988 9009 9327 9867 5090 2271 6524 4540 4176 5592 3725 4694 8312 8355 9822 1114 7089 9403 1490 247 2907 8975 1516 2700 3373 8761 269 9858 6827 90 291 8631 1001 236 4007 4327 4790 6850 4570 1645 3156 524 9821 3801 5157 5469 9385 9767 5097 8326 4879 9648 6806 5100 3257 8176 1039 6218 3272 6332 6008 9711 5067 1088 1029 2527 2889 3286 3303 9959 931 3625 7818 3209 2295 6790 373 5066 1080 3692 3735 3720 7602 1844 
10 3000 6914 4692 6728 3854 7567 895 9345 4046 7520 814 6951 3208 1429 4819 9362 1461 8550 9596 5561 9258 7644 705 7659 6502 5005 3267 7984 9794 5611 769 9296 7803 7404 1998 8130 4762 8687 6101 1254 2092 8659 5770 5269 8143 1059 8546 9314 6069 949 6258 910 9824 4617 2575 4929 8280 2598 8697 5673 7477 5833 7159 2102 990 4943 3766 6164 8431 2633 7649 4262 2062 9218 9454 1848 1549 1275 7646 1133 6827 3422 2943 1930 9102 3219 878 5616 9965 9197 2478 2224 8644 2007 3076 658 7373 8703 9244 2031 4888 
11 3000 137 3848 6132 8047 1493 9238 1014 1579 5935 8552 5710 5952 1387 5151 6071 3371 433 176 3735 1899 3347 8234 8212 7701 4243 1206 2102 5419 353 180 9433 6664 4431 5509 7129 6640 279 4996 9593 8888 1397 202 6431 8160 2764 878 3285 1411 5741 7528 5799 6923 6092 2087 6714 1551 5145 6734 6073 6094 4063 823 4571 8788 1249 5942 15 6932 2870 9100 6911 6631 6517 4029 9186 668 7974 623 6022 4501 1125 2495 823 380 979 2660 3305 9600 9823 7345 4710 2864 6503 7920 6146 8788 8821 959 54 514 
12 3000 9063 6424 4795 461 2655 3970 2364 3193 9937 7384 9235 6420 1068 7138 320 111 4050 1077 6062 3750 5884 3225 2651 1698 6844 719 5359 6695 7881 8869 5011 1480 1151 4340 7570 8533 3666 6461 6853 7952 4072 6659 374 3447 2553 6018 8303 6459 3853 961 5562 8407 3435 7060 7035 1062 6754 969 5912 5038 1661 483 5149 6419 3929 2721 2063 1501 5908 436 6042 9662 8300 6446 9390 4363 5061 6194 1286 2264 1431 8434 4880 475 5083 4035 7501 1921 404 2917 4005 8846 5893 9112 3231 4426 4693 3942 7600 2519 
13 3000 8239 7332 5820 5539 3040 7243 8735 445 576 7228 8283 2869 329 2120 9592 9357 5936 1835 6187 7745 4463 3312 8339 5648 8810 566 4522 7090 3237 2874 6006 7242 2016 1084 4575 5300 1212 2047 3359 5474 3579 1180 808 6115 6593 3141 7775 6960 3602 647 7733 4498 8103 1402 117 5474 1145 3155 6784 8504 1856 6890 1609 3825 1097 8127 3195 1162 8236 6358 715 5729 1053 2610 2874 2345 8767 5121 4 7685 8187 3156 9276 648 2992 8934 3038 852 6129 7691 282 5260 5346 5865 1235 2920 1839 7397 5071 7842 
14 3000 2032 8174 752 9988 2480 8579 995 4400 7896 4183 9357 8439 2299 4547 456 7162 3300 156 3304 6813 9495 7484 7779 6449 1000 2170 4209 7683 3099 330 6089 2556 3020 7991 5923 9532 9844 8648 4184 7622 7525 8950 1409 8625 1046 2505 3410 7506 5698 1818 9617 885 9476 8345 4539 3664 8615 679 2358 3768 6234 861 4640 5022 4120 8809 1178 8140 7626 4878 3956 9852 3699 545 4236 148 2035 7218 2779 7647 9355 3166 3177 3098 6804 8583 8326 995 485 8765 7 9330 5103 5426 1611 7456 752 6125 3969 2090 
15 3000 2808 1827 4323 1433 4963 2591 8415 7411 5374 1369 5700 6053 5941 5949 7686 5981 4712 9009 9402 5036 1404 6301 3984 5021 6063 2960 391 4574 835 7937 4246 163 4873 6559 1800 5206 2362 1210 7021 7320 3669 145 1812 3689 9627 4415 9345 4563 8931 2935 533 4877 8669 5660 3614 3998 7971 4899 6869 3595 4791 4744 4462 3637 5805 8631 5400 6513 9440 5027 5632 9278 2029 1230 3254 4023 7082 5312 6855 6374 7695 6170 6981 2111 2073 1716 724 1913 2184 5178 9434 4234 5537 9543 9566 6292 84 107 6637 3196 
16 3000 2243 5164 2322 5190 8060 4812 4664 3021 7476 7888 1417 1443 1735 7026 6511 828 3911 1840 9639 6922 2560 233 8975 8708 8496 7832 7011 4407 4693 5545 9525 5597 9316 5244 7668 9459 1870 3574 3181 9151 2478 3891 6732 2299 4284 6312 9385 7622 8979 5906 7186 9679 5457 9000 8879 1735 1585 7610 6747 6762 9115 2007 577 6557 1704 1390 4747 8991 6067 2704 8444 3378 6260 7569 9002 3971 1075 7339 8368 1584 4572 6288 2691 3338 9731 2913 5036 530 5226 9375 1226 4635 5333 9052 8807 1419 2950 2225 9135 3190 
17 3000 5758 9885 2592 9171 5490 5670 6928 3990 340 5918 8723 4306 484 7857 7980 3553 6740 5909 5834 4812 2339 6124 5399 1806 7828 8742 5729 8023 9102 8872 8907 3960 8550 5305 263 2495 9339 7442 1711 2383 2811 360 8215 9879 9011 7988 7379 8478 342 4423 2162 6795 8342 3357 6717 4554 3583 5638 5355 6712 8702 4955 4640 5705 4551 1647 8595 1818 9477 4633 7051 1681 1721 1474 7105 4895 4946 6554 7715 8769 6894 7391 7409 1198 1157 9069 5130 1659 2081 6798 4201 328 2797 6596 9410 5329 6369 4099 7228 8105 
18 3000 73 1492 9151 6913 2802 2572 8160 8446 5586 5927 8313 7578 5254 6248 7463 5237 1202 3761 3091 4400 5303 1785 1279 4213 4930 2419 8793 2238 9110 345 8301 4825 7798 4766 6711 5608 4287 9463 6641 2124 725 980 1000 561 6778 4929 713 8629 1399 429 5551 6556 7733 2659 8104 6207 1148 3546 866 8334 382 571 6451 7944 1822 3703 933 7795 6907 459 312 21 2658 9087 102 5872 5325 9871 8047 3591 7166 4572 9960 4407 6353 3980 8689 6654 9995 3601 6204 8023 292 7462 8817 5928 3813 52 5518 6004 
19 3000 3897 6370 9438 8728 6180 120 2446 4165 7251 9 2855 4840 6424 4188 6270 6731 645 2809 9547 8394 2516 8706 7884 8208 1449 6205 5039 9744 7943 8060 6666 5263 987 507 6782 7337 8586 6452 7356 8594 1414 6778 1026 9591 9593 9775 6932 4808 2592 8706 9692 6770 2255 7485 1482 8295 8959 4484 7254 2860 881 4475 3079 3103 6410 8680 7608 7440 9670 2958 6661 4814 9172 4114 946 7563 9593 4331 6898 2418 6675 3733 639 9624 5259 1060 5074 187 429 2486 103 1242 1797 8546 5959 9552 900 9200 9678 3130 
20 3000 1729 7009 4684 979 4382 8452 3506 971 1843 3355 3617 5839 9878 2448 6400 7297 71 3055 9236 8288 5968 2895 722 3356 2361 2021 9006 7141 7687 2876 3258 996 9556 8479 8254 7743 3402 8728 2094 4534 4263 4843 7042 3851 1683 1914 3489 2631 7736 9593 7045 9504 8182 897 8751 171 6743 9147 8422 897 2505 3021 1111 133 446 9740 6696 8261 5088 6378 2599 5466 7274 9294 9624 7734 4072 1690 921 967 1800 9296 4076 3237 2180 4179 6329 5151 1613 6673 2908 8350 3586 5444 8500 2130 4195 5666 1836 8186 
21 3000 798 5337 3409 3486 3796 9707 6314 1266 1528 3837 208 148 8308 3288 8406 1393 5567 2924 8093 4265 6141 3847 3664 9531 1662 8456 3188 1080 3097 3631 8000 5674 4390 2041 5414 811 9247 1578 4562 727 1033 2916 5364 516 5803 5193 611 8376 8453 9820 1184 5979 1996 2416 4393 6967 9967 2867 5441 3576 1948 3506 2015 1378 2222 5425 2001 2156 1549 2907 4321 4896 2070 5987 2904 4912 5333 1132 3767 1090 3444 51 5239 1259 3349 6629 1295 5688 4231 1988 8021 8708 8042 7665 3206 8453 3149 6924 9059 4738 
22 3000 1121 4192 8042 5052 6621 2611 1840 8678 440 9729 3451 8939 5648 1303 2398 3573 6870 3235 3071 3225 2689 1630 6191 8068 1174 981 3401 2553 8531 475 4977 8275 883 8429 674 4975 9168 4848 3686 9655 7170 2107 7738 3828 2672 3761 7298 8888 1728 1479 923 9605 6071 102 7717 5748 3639 827 6924 1832 2224 2513 644 4984 6254 1119 9671 945 6693 7259 2457 8187 4069 1889 7204 161 4623 112 7079 5669 9593 3112 8552 7358 7611 8217 2861 8341 232 7076 603 6945 586 1973 9449 9580 5156 257 4982 1739 
23 3000 8681 6905 4665 7113 2180 5199 4927 4842 4109 5540 1379 4885 4636 2381 2159 1514 3041 9283 4387 4937 8248 2101 3763 1045 2473 291 7279 9282 8007 6343 9060 8638 7111 3345 9324 1777 5049 658 6481 7276 6238 7732 2338 1 3526 6034 445 9601 593 9113 7558 7129 7481 775 8230 9788 9245 1402 2525 3805 7728 2375 6854 5421 6468 8641 7949 20 8721 9391 9943 9367 8617 6872 4592 6985 5433 3319 4611 1650 1000 6015 139 9008 228 472 8332 1328 4758 1742 6073 5366 9739 3850 5817 8368 3734 7353 4552 2183 
24 3000 1741 5020 5890 5519 1353 5646 5282 4303 2027 5984 8359 188 7494 801 2393 7166 1282 1064 893 6318 5369 247 1314 8683 1959 8767 5900 6256 8390 6541 5648 1109 5154 3668 7397 2636 7053 9241 4046 2923 7478 8278 7889 247 5808 6782 7084 696 7939 4924 5240 7913 9935 8352 4136 972 4809 7624 9553 367 2420 5766 250 2140 2504 3958 41 123 826 5340 3022 6310 8456 6947 1903 9354 4174 9767 9475 1188 9993 6926 3200 1768 9816 9993 2927 1949 1208 3419 1729 4479 305 7090 9871 3117 9836 7014 1898 9884 
25 3000 278 4131 6850 432 4131 1241 1602 7540 3325 8068 7330 2735 9740 4442 9098 6037 8867 1605 8576 3833 6576 1649 9877 4871 9029 5071 8526 4381 5696 6459 3544 6323 5517 8298 2668 3756 6173 2907 688 7334 6492 2495 913 1928 1975 7345 9761 1373 3446 2124 4472 1339 8834 313 3950 323 8073 6771 2728 8776 1128 8414 8055 6346 9150 3027 114 7248 8752 6194 5360 3764 9409 6359 2987 7859 3991 8009 4514 932 2410 2985 6503 1683 8401 9909 6398 2113 9420 1750 1490 1642 9678 1505 1007 9355 6286 6004 1327 4375 
26 3000 8537 7849 4322 4360 308 5469 8816 2120 5585 1307 5184 367 7118 8123 3058 4585 8197 3435 2173 4023 7553 2070 6327 821 7389 6853 477 7255 4530 7414 947 1104 4698 7120 8773 9152 9920 8137 6165 8803 9051 4611 6098 7834 1426 3976 5026 2258 3641 6389 8725 2329 9454 2289 1252 6656 2808 8081 7040 4451 3991 9942 6111 5902 8906 5756 2415 668 1480 5174 5295 4500 9184 7795 4080 3985 1692 9477 5796 9422 2655 6769 6007 5813 4605 9470 2779 1987 6979 1314 3774 7846 7276 8775 6458 9735 5331 8005 1448 3939 
27 3000 718 9889 8972 8302 3278 3231 8458 1976 6773 6062 1256 3292 5658 5073 6468 5753 4989 3172 9921 2158 3447 5173 6253 6846 9493 1597 4128 6071 642 614 4575 6493 5868 8093 2458 1801 1130 5793 1058 7461 8027 7668 9794 3585 5569 4299 5061 5928 5087 5456 4193 5008 8256 781 2555 3354 8248 8595 3758 876 4008 2831 2997 8359 7661 8097 3518 9089 5034 2854 6206 8594 9311 729 2301 2518 7809 9945 9236 2618 1884 883 9607 881 9953 1763 3255 1775 3650 2453 2487 2617 7102 6406 414 2068 9331 712 2415 6757 
28 3000 9784 4287 727 6029 6982 4181 2163 4808 298 10 8945 4602 4860 6513 2677 2619 9581 4240 1429 9013 8305 8358 9954 2260 4091 5585 3028 2647 6610 9247 1912 3899 2676 2465 3949 2921 9898 9460 5270 7672 3455 4991 6639 3160 5999 1906 2418 5562 686 6836 2655 4473 7322 3995 8298 3273 1646 7117 9539 7627 7730 9514 7275 2104 3505 2261 7697 4923 9417 502 10 826 200 7886 7269 2070 9783 9124 343 7553 9312 675 5007 58 8307 9550 2158 1622 8937 250 1150 7037 3423 9823 6265 5466 4565 1047 6297 192 
29 3000 9395 3741 7273 6487 5954 4193 8286 7612 3194 2727 465 8933 4005 9378 9062 173 1368 7707 8671 5775 7634 6731 1561 3406 6922 984 9147 576 652 8698 6577 9379 6191 8113 447 9372 8637 1911 9641 8565 5715 9775 9298 2545 5809 9069 7897 1722 9113 3653 7477 6697 1906 810 6973 1764 3960 6309 8684 6525 9060 7586 7861 5641 8662 5054 5420 6698 8667 1537 3786 6209 9328 9828 5856 3730 8269 8372 7087 4109 6648 5073 714 7856 8425 9234 6088 9639 2768 1607 141 4906 9584 2583 1976 4630 8164 8499 581 8182 
30 3000 8966 6070 5671 4323 8515 4948 1652 330 7431 8408 4708 9240 1582 2153 3021 5218 6359 1250 107 7061 4080 5189 1280 9810 4519 1064 3248 4503 8556 4885 6819 6040 4952 1008 2748 9186 259 9696 700 2687 1839 2802 1338 1517 4021 7578 1537 7251 7378 8608 2730 6560 1128 7866 2366 7830 8661 2902 8503 5911 6195 3146 7522 4989 4547 4348 4969 9577 4043 1130 9515 3642 2538 7676 51 7846 6574 6534 5901 4921 5653 5555 160 3164 9643 2948 6162 8056 9304 468 7068 2011 9938 4718 8580 2246 8170 6588 4783 6776 
31 3000 1848 8813 7108 8537 3073 1653 6424 7630 4347 6706 8250 1695 7853 8839 1097 4403 7859 6247 7932 2081 6242 8637 769 8457 1142 3537 8381 7528 8740 728 7143 4563 8158 4804 4995 5215 9489 5856 8534 2775 4948 8280 3224 3539 3149 7708 6743 306 6508 6071 5440 3997 1772 4781 3931 3402 3666 6037 7813 3052 1678 2264 9499 9215 9954 3665 7189 4016 331 3909 6956 7684 8484 3941 7962 8921 3209 3910 798 3403 8822 3233 8948 394 687 8773 3382 7500 3867 1156 265 3534 4904 9195 1803 9513 6720 2455 203 7783 
32 3000 6643 1935 4766 9261 7563 8876 2101 8807 2205 1694 9463 8722 534 1041 1222 366 283 2987 8447 3908 601 327 1627 6191 8837 2018 6506 6736 437 735 3052 1858 1971 8556 7542 6912 7292 768 7781 6665 6806 7807 1441 3794 9877 5308 7524 5504 355 2296 952 8277 5227 7488 286 740 6398 3733 8559 4664 5587 566 7248 4082 2360 4895 3358 2539 5279 9805 9641 8460 6182 1498 7932 8647 7582 4344 5618 9900 3197 4072 5224 8764 1602 9073 7131 9398 3006 9836 5413 9575 9154 6509 6806 4797 6355 4576 2792 548 
33 3000 1631 8672 4819 2660 2003 4514 2637 5810 6882 8959 5768 145 3605 8188 8088 6021 6083 4017 5551 6882 6582 8327 7020 248 620 5623 8239 6845 4999 3721 8919 7843 8956 2553 2953 231 8438 1103 1758 314 3509 2463 737 5331 8873 7018 8871 3204 7528 3757 1434 407 7545 9702 5830 7964 1967 7470 561 5568 1840 954 7315 3828 2360 9136 6183 4641 2158 8014 3995 9687 5696 667 5790 7051 8796 5435 9400 5967 7294 2228 3170 9692 8815 6961 6795 6501 7678 4110 5285 8807 2920 7398 6057 407 9452 8604 9147 1855 
34 3000 2333 4495 550 3958 4176 1882 8689 9395 5670 812 3999 2464 9239 5866 1647 6953 5812 5600 7366 2139 4735 103 6426 6904 6786 6676 5721 1985 339 3645 8983 342 633 2293 5125 5658 2180 6919 9699 8956 4289 3021 9497 3349 9719 3605 253 6907 6457 3619 7493 3657 2620 2510 496 2702 4482 4910 9383 5465 7627 9442 5331 1067 1227 5657 3919 9814 5442 9087 1584 4825 1948 4436 5217 1776 7593 6882 4877 6770 1168 1515 9629 2334 3316 892 6510 1541 9553 724 2619 254 6425 3683 330 7497 785 1334 5634 3957 
35 3000 2193 4198 9606 8595 8442 9930 2988 3401 4217 9633 3909 6260 2866 2286 8725 1950 1305 7309 5982 1264 8044 5241 3505 8253 4341 6552 8617 5600 8478 8574 1473 8116 3166 562 1530 4357 6066 6876 7134 6377 3450 8292 8236 7593 6971 1431 2231 8784 3570 6322 2924 2213 8500 2084 2618 3869 1480 735 7331 3842 5975 9123 5134 4819 1593 8989 7619 8703 9615 5147 4482 1358 1648 1795 1247 5485 1403 6947 99 1615 9593 4991 3850 7228 1965 7376 3033 4004 452 1417 6111 3190 7447 7230 2821 9097 3207 2790 637 724 
36 3000 6384 7116 4359 1499 7670 1578 8831 7155 6581 9332 4780 1723 1356 2877 7775 1653 1986 9741 328 8064 6363 6285 7097 7110 9562 9643 3234 8479 6241 7776 5847 2013 6167 7656 8590 2454 2872 1577 9377 2318 5426 1585 1224 2886 3343 2041 6212 3329 4606 300 2577 7953 6820 5523 4925 1570 1491 5610 7574 2994 1426 2257 1014 6661 1260 4140 1502 2378 1112 8226 3773 3191 3357 9203 6885 1384 2535 7042 3175 2597 8371 2677 358 8075 1932 1817 6736 5036 4905 6879 9542 5171 1995 7043 6400 1260 6458 6441 9920 1924 
37 3000 8747 462 5409 4492 8295 185 1711 5997 8415 4941 5176 2300 4325 2995 6746 5334 4305 353 2168 8475 3972 7698 5340 39 3681 5446 4770 4902 9055 6933 3172 4247 4635 9719 171 3436 659 5028 8155 8003 2965 5300 1231 7779 6014 9878 7317 9135 9047 8817 3359 5354 5363 4815 3668 5128 4716 3276 1388 9178 8847 487 3082 5002 133 9935 6450 9741 3370 6731 1168 1183 667 178 2852 6876 9482 4448 148 1382 3766 7393 4948 1640 8248 7479 5729 468 5832 8843 4016 8182 8127 4478 3978 2342 9099 7543 5135 5624 
38 3000 1846 792 8201 1814 8505 4136 4054 9933 3274 328 5815 6479 8568 8767 4074 5799 4296 7436 5222 8586 262 2957 2919 8503 1692 8778 2685 6922 7890 1480 9612 5801 4009 5208 9206 8678 5960 4235 1349 9792 8436 3642 7394 1330 6062 8126 376 8798 7678 8936 8350 4514 3738 8930 861 9234 6837 5761 8530 1896 5363 3181 5772 7489 278 478 6632 3052 5015 35 3752 1794 8511 3012 462 5341 1354 3153 5991 4104 5064 8726 3813 5779 4493 2573 3104 1967 3355 299 3339 2918 2876 6582 2003 405 3573 9600 5432 8716 
39 3000 153 3597 2777 3781 9546 9561 3094 414 2052 4036 5560 7684 5623 6054 2812 2412 3259 2194 7413 794 3542 9766 1438 8144 4287 8118 9194 6765 9313 8072 3057 1950 8355 9481 2436 6096 85 6913 5866 955 8264 3459 6220 8004 1025 2669 9050 6942 3268 8606 4051 2307 2194 4034 9653 8226 5952 6725 733 1288 5419 3892 9457 1532 9105 4748 9244 1579 1172 1190 1855 3868 2597 6609 7610 6032 5440 2818 8726 4397 253 5118 5782 5596 6604 5476 7310 6320 6729 3838 2509 1188 2311 7557 7084 8743 4384 8958 2214 5573 
40 3000 6354 1016 6637 8556 158 1170 1869 5235 5539 3250 542 2308 2447 7541 7870 2255 6568 8967 6236 8080 7976 3393 2911 6184 2909 2067 890 7361 8675 4172 2860 5919 1674 7514 8288 6925 8555 7328 3636 1578 491 3212 5700 703 581 4186 8078 6374 4381 1878 756 1659 3549 1826 2827 8491 2632 2919 8325 3666 8960 4951 5196 2959 5678 4307 7384 3379 7895 7769 48 3529 1965 4453 7900 2112 7889 5864 6670 4546 4837 4082 7698 7713 9808 8071 5646 2827 9401 8110 9340 6436 4723 8354 5735 9536 9410 7517 7002 4821 
41 3000 785 7678 746 2054 4133 1220 3343 1564 102 5884 6409 5862 5232 7954 6386 9395 5607 3565 7256 6409 3635 8140 6387 6952 7945 3944 3491 990 6416 5768 2717 657 2334 4741 7867 621 3664 262 732 6588 5453 57 2560 1915 5360 8365 8647 2360 2307 2244 6048 8953 8255 6006 4417 8992 3108 3779 9978 5164 2740 182 2607 2790 148 9143 6050 5197 9727 827 1266 7214 4674 6694 2886 6796 7517 2689 8808 4762 3763 541 2908 2676 8679 7207 881 8836 7196 2421 9209 2399 6928 4384 7246 5625 4335 3571 2434 4247 
42 3000 3993 4662 8648 5971 998 6606 7651 7096 6496 799 3695 7256 6332 7394 1226 2295 2829 9739 5731 5264 9690 6930 7698 5538 24 4495 9711 6065 7502 3208 6658 8739 632 6017 9077 7889 158 3103 9618 1908 9595 5068 2633 2995 8874 4238 6890 5027 1124 4102 1416 9554 2573 6867 4459 9921 5573 9140 5578 3517 4757 5742 860 2139 6313 1638 1256 496 385 1995 4051 2823 6606 368 7449 7634 2744 5008 8289 588 6484 3294 2889 5485 327 4292 1005 3392 9621 9440 2924 9883 3707 1357 9679 415 206 774 6386 3822 
43 3000 2413 1593 8714 3934 9825 4074 2469 9328 1801 6140 6312 1195 4329 2812 7601 9337 9936 3766 1350 6290 711 9020 2325 9568 4460 2740 253 2033 3983 5173 8168 396 9473 2708 3870 1832 4048 6058 4519 8731 2401 6569 4348 1566 2579 654 5503 9890 880 2349 2008 1460 9889 4002 6856 9476 9623 5075 2222 7960 1811 9083 2803 5247 7297 8650 2283 5608 6568 8693 2925 8996 3403 7732 8284 8916 1653 7319 9046 8423 5144 9602 1992 4241 700 3008 2095 9012 4303 6048 7724 1663 362 9252 8991 5905 4120 5230 9217 6855 
44 3000 7181 6853 9515 5778 6163 3562 6510 2963 4472 5804 3181 8714 7208 7586 2817 2477 9189 7163 6116 80 6108 5845 1397 9108 8804 4928 7935 2400 672 758 2435 9664 8182 7909 8613 7232 4540 497 9915 5923 6456 1608 5359 7044 4056 861 8495 6508 3901 90 9497 7084 5145 7151 380 8763 8809 7859 3336 7259 186 6044 2201 628 4366 1736 7045 4012 4890 7471 1887 2514 5525 2729 5532 2191 5170 6487 5540 9177 5880 7910 5313 6928 4022 5152 4312 1594 4546 2294 1394 5514 8395 4401 1279 8838 3027 706 4139 9272 
45 3000 6070 5920 8314 9952 2098 9664 6151 5435 2532 4026 2966 5825 8672 9248 9141 9017 7846 7533 5332 1068 2685 4979 811 4692 3531 1637 4932 5885 3961 9692 1720 8666 9439 9780 7586 7953 9095 5412 2166 555 625 5537 2288 4294 8322 5226 9057 5255 4224 4481 8078 3151 2395 5164 2788 4824 6327 6063 925 5862 9462 6068 4115 349 8854 5486 591 8735 1936 5471 1030 3830 6431 5581 7517 4927 3373 9468 5637 47 3264 8680 9689 6311 5348 4597 1026 8438 14 8490 9520 5360 4326 9707 8149 4975 672 1974 718 7015 
46 3000 8542 7838 2693 4040 9433 1219 5169 564 4873 8096 1957 296 7574 5316 9804 1515 5712 7524 1727 564 326 2229 3481 3472 5847 2981 3149 5699 3750 680 3855 9 9332 3013 9607 2464 1613 2012 4256 6548 6364 9734 3594 5407 2260 2074 561 2228 158 695 3591 8731 5494 3090 8073 1788 3820 763 941 8174 9446 5538 8392 7434 7226 3993 6722 2882 7453 19 6293 720 3893 5504 8623 7284 4931 9140 6599 4419 7855 3358 7820 2968 6252 9384 1058 4401 540 427 5851 555 1618 2984 5216 1507 7644 6275 1489 1572 
47 3000 3936 9802 5292 3422 6003 9030 7620 332 5693 9201 5057 6553 474 7260 8115 5806 5831 1921 2701 7903 803 1846 4705 3496 6623 1954 7716 6944 8506 7859 3861 7314 545 8420 7769 7496 3741 6435 3663 1455 7155 7440 5572 9598 2184 6649 676 2272 9965 4011 5765 1385 1902 7392 6830 151 3318 3884 1782 963 231 9241 6288 1387 9261 5435 2736 8284 651 6341 2326 57 4422 1544 285 7020 9655 8275 4206 9897 6885 1466 5513 6439 3633 1939 4051 6175 3060 2709 5802 3280 5741 3421 3721 7570 4568 2908 1707 3627 
48 3000 2777 9872 1687 8042 5104 1699 3834 4786 2058 1383 9905 8709 7323 2596 9710 7157 8291 2860 695 9723 9708 4864 664 6112 454 5896 3612 2144 3447 5397 8696 3868 8665 651 2321 9815 9307 589 3356 1363 1061 7724 1475 1238 4513 8211 8619 131 671 27 3589 1448 9618 9286 9757 4176 2291 4664 5911 3886 5380 9965 216 1848 9360 4801 7305 2280 9639 3401 8492 7718 836 1544 5117 2514 4187 1622 5004 4453 8067 5815 2057 4504 1648 7409 8970 4689 1671 224 3070 4077 2352 6172 5282 2909 8407 945 2214 4841 
49 3000 1207 7819 1380 7318 8052 9592 9531 64 4577 8639 4128 1713 275 5096 7926 4546 7156 3170 6691 7367 1515 5572 40 6495 8843 6077 5406 4893 1850 205 5125 9403 1618 4030 6657 6128 1879 1116 5920 3920 6415 7573 3756 6005 9590 5242 5524 9729 9998 3003 3810 4427 7242 6208 4273 7421 1837 4243 4602 8141 8235 6206 6615 370 981 4720 1464 2617 3986 7864 7984 6610 2934 9235 4150 3920 806 6128 1674 706 6532 5844 3715 586 6772 130 5718 5632 815 7729 9385 5495 8606 5069 9758 4646 1901 5072 5438 7751 
50 3000 8544 4084 1924 3163 9867 6935 8075 4550 1218 125 5705 632 5617 3130 2294 3061 526 7835 6828 2410 7760 6096 8768 2298 6508 5419 132 1636 9488 2774 719 4996 2223 6524 6441 1109 5446 6484 794 9486 622 2108 9441 5161 8608 8794 7936 1568 1423 2321 2554 1532 7155 1404 4264 6391 7987 8378 5813 3243 1348 8011 1945 320 4193 4431 2738 477 402 6191 70 2820 1312 9449 7210 2448 9363 9274 1530 8325 4883 9087 347 9278 5982 8214 9887 8115 1587 7569 7376 3873 7589 3467 6254 2189 6123 9555 4514 3797 
51 3000 7970 6869 6168 1145 8083 2021 5837 3147 4241 3504 6464 8049 8825 6131 157 4428 3723 3586 2151 313 8353 9115 7899 429 818 4330 3286 1571 2183 6143 7972 6097 3880 1827 1852 3551 8230 2197 4649 411 2098 2921 8628 7955 3671 3950 4437 8260 2361 7082 69 8326 1829 1640 2956 2316 6142 8284 5179 1931 9044 943 1812 4906 6366 6875 2384 1632 1548 4851 5471 9896 4291 1458 6410 7761 2340 5543 8137 4555 6378 761 5156 9996 8062 6266 625 1437 1169 5515 6572 9237 5875 3203 7235 255 6160 325 5528 9477 
52 3000 332 7355 2630 9755 4679 5553 698 9683 251 6408 8709 9591 2757 9185 1425 5665 5596 6616 1481 2198 6007 8708 4603 1955 4347 4672 7943 4673 6495 2987 1549 3680 9376 9582 2952 644 9618 4141 4881 8439 5325 4542 6103 2147 980 9413 5389 8175 5475 8814 8601 1502 3262 3049 8910 1053 8628 9597 137 3188 3102 8172 3210 3332 5977 3906 5764 5715 7967 8657 4848 1245 7981 445 2771 3503 3029 1006 6062 2867 1245 1482 7560 8755 8043 6223 1634 9996 5390 4726 2517 3331 4214 1689 5774 25 9928 5199 2890 625 
53 3000 1081 3037 8988 7818 1140 7113 3665 7439 3388 6025 4958 7584 8951 5744 6436 5859 7956 8417 7412 4753 3801 9308 6286 5129 564 1850 7005 7851 3524 835 8659 3526 2820 3716 8189 375 222 45 6234 233 9037 9031 6090 2667 7137 5222 5803 7220 3109 2315 3383 3789 5533 5090 5144 1114 5384 9465 7167 3401 1562 686 9895 5073 9540 9629 5840 3632 3146 7239 431 665 9461 7083 5973 957 6849 6040 8739 9742 6110 3104 9186 8072 4754 6320 5292 6313 4406 7845 9024 5768 1334 7126 5925 8420 98 2214 7830 4807 
54 3000 332 9193 8706 14 6640 9743 3620 7798 1631 6820 820 2829 2066 8468 6959 1068 8135 9747 5433 8257 5864 2800 7839 6542 2637 5028 8575 9223 5853 5404 2546 3616 4700 8905 6012 2060 5058 9071 544 1029 7529 8686 121 8385 8584 8593 1342 8744 4845 4619 6766 6974 488 2641 1376 9817 7765 1764 2171 5634 661 5636 879 2276 1670 1873 9798 3081 1698 9627 759 995 3086 5261 7219 815 5771 6165 9472 9567 6556 2683 2993 4994 1513 8178 9898 2183 1514 7209 3539 8308 881 1845 6216 5504 9163 6096 16 1857 
55 3000 6040 8472 779 535 9349 2668 5190 7023 6236 6369 988 4504 7435 8188 315 7346 4669 2722 6170 2733 1177 3734 2007 401 5368 5466 4447 516 7597 2070 9117 9668 69 5167 9618 4992 9862 9530 9610 6413 5086 6892 8030 7021 4154 7882 7433 1560 8190 2083 5454 3058 6550 6213 9399 7565 5481 436 3959 7029 9894 2795 2053 292 8265 1772 8789 2207 670 6969 8555 890 9927 7917 5235 3085 5883 1013 5549 7664 2808 4572 5515 7250 9929 2018 41 7955 5078 3189 5642 7261 1472 3768 6274 9 7613 2848 2306 2524 
56 3000 318 8610 2602 4857 868 2132 9743 1163 4291 9328 8364 8189 1756 1000 6616 1900 6107 1024 761 2226 515 2661 2884 5928 252 2988 1733 7598 7593 5455 6682 8782 9850 574 4826 5220 516 4721 1192 2222 3548 7076 2078 8163 765 4676 1521 6102 2380 5603 885 3531 650 289 1575 246 6653 952 879 4339 189 9154 932 6325 2813 1485 805 1382 3978 3371 1721 9729 324 1005 5394 5115 8068 1413 5494 1446 8543 628 2237 7526 6841 6 101 9933 3596 658 8664 4011 9884 6006 6568 2993 5250 2467 8613 5248 
57 3000 8862 8266 5968 9650 3789 363 9511 9076 4399 9519 6298 2024 6891 3472 9146 2364 2945 8250 9354 7205 6501 7605 2539 2892 3658 570 7606 9129 5706 7142 8828 1222 5275 2092 1072 453 5613 6898 8133 2574 2988 9806 4197 4429 2218 4008 8436 8700 5319 3955 2720 6780 3287 9790 2456 9763 995 9907 557 7575 5227 1632 4525 6208 5824 34 6672 3103 9966 4859 7458 638 9569 5584 1954 7751 1819 4609 9434 9688 2821 8557 6088 5873 4374 7712 866 5903 3878 3579 4436 3671 7358 4562 1281 9611 5618 9779 4907 1069 
58 3000 3517 992 6189 798 2374 2664 4834 3583 5490 148 3966 982 6808 5991 7848 4202 2682 4369 2719 5091 6788 3645 757 5261 8143 7055 7171 3335 2263 1512 415 316 5438 4546 5528 3083 2135 9357 599 6016 5525 7999 6358 737 1137 2694 8888 3983 3632 5258 5468 3606 6708 4666 3533 2686 6127 2732 2772 1784 5866 7918 334 9311 7397 7270 9174 23 2085 6472 9514 1642 6720 8034 3437 9606 2167 7600 2597 9934 5143 8378 9062 227 3121 3703 9279 8787 2356 7718 1160 1863 9036 4183 4304 9021 3564 3411 3329 6646 
59 3000 7956 7320 4343 9554 6368 2627 4529 745 8754 2145 4863 9271 7635 4227 5954 6235 8009 316 7006 8907 373 635 7912 2975 6880 7993 4463 2914 610 9717 6695 482 7981 7713 348 1342 4266 6650 1459 9807 2256 265 4075 1711 4028 5802 1094 5407 5854 6566 8230 887 6225 2607 1103 7025 7004 9532 5450 6955 7705 5436 473 1561 2891 5960 5294 1099 2708 7476 8554 4947 6530 8396 1122 9471 9741 8603 1934 4025 3639 7013 6964 5069 8455 7256 1309 8418 9517 1488 4404 9612 6518 2317 8363 2411 5921 2872 9445 5417 
60 3000 6489 4979 2641 6819 7934 5472 9392 7267 2696 626 8425 865 845 8718 9722 4295 8110 706 1607 4058 7026 9044 962 1852 1219 4607 6567 8062 2801 1760 5563 3386 2903 1532 3045 8577 5325 2929 4774 2316 3311 2370 3018 7209 9457 1241 5517 3906 8733 1580 7573 3349 4639 9886 7265 7141 8478 9055 3786 6044 1765 8434 8913 6600 1746 2007 1592 5876 60 4704 5656 4336 4507 6834 663 6835 3956 6643 5863 1745 6370 1000 7283 8195 9962 4201 7950 1445 7465 4908 1222 6385 3544 1204 7258 9150 5314 3777 2609 6870 
61 3000 5998 7230 2928 5542 1703 9514 8814 6023 1324 9485 4773 8153 9566 2590 1314 3000 3103 4674 156 3233 9851 3915 2574 1614 1371 882 863 7627 8399 6717 2922 2213 9495 9445 9978 652 2820 8409 7419 3552 1044 6826 8762 5972 9365 2472 2741 4670 6670 6490 3522 3470 9804 324 4046 6762 979 778 2489 1123 8298 3198 1857 5060 9408 2784 2695 6883 8277 4018 8932 701 5098 8228 6843 544 9313 9270 7140 2607 5770 7335 187 5623 3995 882 4337 9357 600 6702 7403 1231 4806 8094 1240 1065 7096 1181 9467 3951 
62 3000 995 9338 8302 1250 7969 5752 529 9711 5454 4107 2588 8717 8010 7394 4788 5660 1594 4838 4649 9429 967 6964 3366 2042 217 8778 5397 8381 6416 1073 1183 4073 6393 9867 2982 1477 6639 3957 3835 3814 6334 606 9661 7404 3498 9353 4466 2046 4271 3939 8684 9507 5311 2377 643 147 9326 5123 1155 7665 3725 1396 1232 1966 2391 3603 2921 163 591 9904 3274 5695 2997 4890 1436 5572 4842 8397 8858 5750 6195 2435 2641 4620 9366 6249 1997 4640 9429 9502 7840 2069 7880 3584 5502 4846 9409 1044 572 8586 
63 3000 1806 3154 7860 696 8988 5582 3487 2626 7148 2213 104 236 4037 7072 5223 2298 1363 4391 2692 7110 320 6787 7278 7248 239 1573 2382 2431 367 5189 885 526 4768 5767 9105 6659 352 3805 3892 469 8025 985 2841 1474 6966 7099 7631 2570 2036 5115 492 1651 4294 4353 3794 1356 4659 1799 2761 6938 685 1536 1313 2262 6459 2304 1025 3926 5634 3182 3227 3506 7579 7399 4209 7928 6653 4264 3565 7965 4616 9230 5660 4854 6146 2072 4216 5048 7499 3197 28 3082 8283 8082 1805 2573 6361 9825 133 5338 
64 3000 5880 9836 4568 8641 8417 6640 3846 567 7267 2816 9228 3512 4835 48 961 5810 3170 2317 7869 1478 7614 7204 70 8081 3581 5325 4813 2739 6457 7891 5442 6237 4633 2390 3490 5279 5649 6395 3891 2856 5479 9501 3319 6741 928 3378 1657 6113 5163 9961 6580 6300 6363 7754 1278 1652 9498 6264 5288 6538 1229 8563 8466 4465 7938 1967 8071 5324 6880 6849 8982 763 457 3568 7041 7681 3625 7532 5512 9852 4418 2377 4674 7668 7603 1283 4538 6011 1455 6397 682 251 7660 6401 3218 364 4342 2191 8886 3180 
65 3000 2218 687 6259 2754 3872 6765 4095 8862 6159 3319 2790 3621 5731 9439 8979 6237 7692 6726 3241 5876 7371 3721 945 2657 5231 8465 6214 6775 4888 9184 9011 5751 4271 3095 5360 9796 9895 3341 681 5312 4263 4050 6255 6511 6397 3519 8819 5162 5486 5520 3274 8463 7667 8735 8529 5034 5926 4317 6465 9041 3122 1569 4023 2442 8147 1758 8423 5356 5194 43 5500 4561 6169 5537 1171 113 6210 9490 6022 96 2344 1599 3027 3488 5263 4436 8385 1162 4226 6016 5485 5003 5088 470 1998 5158 1451 6862 88 5401 
66 3000 8941 6119 9755 6638 2610 6089 5300 8520 7466 4726 4913 9193 2122 1399 3388 3169 5577 6324 7964 7321 7115 8123 7290 5003 9332 9509 3512 8301 4293 1093 7492 8398 2804 3317 7146 4073 6817 6517 8908 8324 4959 9099 2319 3109 1179 3856 7746 2223 6531 2395 7218 2289 4074 7699 8391 1883 6898 4809 1641 8777 9279 9635 276 5313 953 5886 3875 1895 4524 131 4756 8615 5984 4983 7566 4997 8371 406 1989 7866 8544 3148 8596 7347 7087 4305 7803 985 1331 4995 1962 5990 1516 175 576 9613 60 573 8642 7633 
67 3000 3963 2743 8110 987 337 7250 2479 511 5056 4983 4506 9815 4536 1582 7052 6272 634 0 7039 149 8677 1187 2549 1845 8613 2899 3032 7265 9293 6627 2648 1316 5865 2662 6733 9530 311 3274 1386 7807 5092 4024 6187 286 9928 3193 35 5346 1700 9345 114 9719 7479 7011 3981 745 677 490 4783 6735 322 5795 9596 5474 3465 699 888 837 703 2928 1111 7537 4835 6463 418 3998 2638 5980 7497 3346 9766 9402 3540 2536 8784 8587 9333 9595 315 8137 5468 8991 7318 2326 5685 5136 2493 165 3339 3999 
68 3000 8807 8584 983 2857 3144 3737 3090 8166 3087 441 1889 1552 6815 9730 6332 3942 6136 4541 4180 7798 2634 3523 7224 7500 6950 2967 9618 7832 1183 6870 9349 609 4417 5116 2826 9421 1375 9781 2590 2506 4194 9575 8163 3744 7329 2390 3 1778 5579 5995 6600 7261 5242 6834 4691 8228 8388 6967 2595 3590 266 9125 6684 4757 9830 9896 966 5383 3387 1031 9808 9238 1380 8878 3769 6201 8290 1943 8566 6386 5659 6571 7168 2386 8246 756 5007 9641 3302 6073 8318 4940 2976 7741 5605 3036 9839 2799 2231 1397 
69 3000 5536 6422 8132 3075 2565 6350 8658 7701 9182 5449 8536 609 7421 2393 8961 78 4254 474 7811 2708 5863 4535 2987 6911 5045 6027 8877 4538 1740 6196 5946 618 6679 7389 3451 1237 8169 2488 5283 9526 1986 2468 8926 9787 4410 2084 7555 9741 8373 3675 5242 893 2739 9099 5305 7033 4705 9795 1764 854 5327 4962 3937 8700 8176 7869 4154 3439 1111 290 8593 5452 1185 5062 1250 1764 2670 6767 1025 3280 8211 542 1938 165 3102 9014 6471 5334 2688 7355 2028 6076 2896 6468 531 3798 3882 4296 1128 1898 
70 3000 6811 5255 6041 1761 3761 7791 9521 6880 746 65 9948 5099 3874 3763 5039 8991 8620 6028 187 4345 2228 9517 9935 6796 9241 588 2553 6564 155 5607 7764 1331 3190 5380 7577 7231 9196 7714 254 7977 9684 8101 7401 2102 7972 8523 4181 8336 3464 4389 2655 9094 9055 9593 8247 2106 1658 9696 9330 155 5853 3237 9949 8955 666 1164 5652 3142 9474 4394 2461 397 3029 9498 8959 3694 5609 2506 1506 1668 4303 845 2576 7111 1404 3392 2228 3597 9941 8663 2688 224 2333 1121 6072 4486 2161 5604 5218 3272 
71 3000 9077 9890 7657 1982 6824 5379 2699 1779 4396 5900 1650 4953 308 4644 1150 8425 6 9225 9642 5362 6386 4864 6954 4925 3452 5695 7022 142 3094 4198 3726 3902 4986 8763 9855 3074 9616 9368 9196 760 4438 1388 1753 6659 3149 7533 2080 5565 8093 7903 752 3991 5786 8171 8952 4913 5569 5894 6187 639 1385 4946 1127 3810 6685 8074 5569 6515 2448 7586 1528 7543 8343 4157 1453 7751 6995 3762 1565 3561 1399 2736 8322 8578 5437 957 8010 3342 7539 3155 9457 3194 7454 8343 9872 4275 6155 7383 3812 7646 
72 3000 8867 8658 5269 1532 1218 1893 2889 1698 8517 79 8308 9941 8155 9536 7617 713 5135 8096 5954 5866 721 1412 5220 7524 4221 7390 4913 9078 7880 8750 6098 4308 4917 3707 8497 4630 672 4780 700 4465 6884 5730 3509 4736 9094 6611 6398 4489 7173 6960 7110 640 8973 7101 4364 5846 7105 7583 3700 4497 8841 6736 6441 6845 9142 6354 1787 1243 6811 5505 2025 4520 3766 2465 869 474 7448 4773 4931 6497 6347 7422 8304 8318 8651 9158 278 2875 4027 6921 6184 9312 8522 8402 1355 8098 2589 2724 8216 8275 
73 3000 2242 9253 6501 2829 3333 4531 6591 2185 8950 7333 5979 5830 9952 1855 8862 2055 8613 9018 8851 5830 5407 5902 4818 4802 8904 3309 9853 3408 8801 1440 3360 5129 2074 3709 6268 2859 2255 8676 9374 7399 1833 101 4806 4078 7782 5134 610 7503 217 617 8472 4427 4164 7524 4551 4746 4469 3516 3449 617 3823 3624 5294 3711 3914 9060 5965 577 9702 4149 421 6143 6827 1388 9174 5334 2133 4629 7875 2819 7319 390 29 883 5718 7285 2836 5423 2202 3584 6156 68 6202 2899 4596 8424 7868 7990 2729 4450 
74 3000 7344 2697 3432 948 7167 2003 9348 6189 7800 215 7483 8655 6278 7273 6911 9914 7990 3182 9623 5613 1582 575 4488 4601 6980 5390 4341 6173 6545 5685 6201 5444 9351 8569 4608 6844 8585 5259 8092 5736 2077 4265 8759 8168 5950 2702 5006 8738 1400 5715 7364 6596 4594 4047 7459 9559 9704 9717 106 6362 5052 9831 8517 7027 2392 8512 2651 1358 9312 6964 669 5566 4759 1652 3531 7009 7693 611 2704 7071 8866 7881 1010 2150 5720 6063 6583 2783 419 7006 9966 895 996 613 4318 5164 5639 1775 8762 4521 
75 3000 82 5430 4843 9770 8142 9748 6123 3335 5365 7437 893 7130 5810 5178 8011 8554 1942 1182 5873 4616 7668 878 4498 4177 4486 717 742 8323 760 105 6642 8862 4126 1468 878 4942 7019 8427 3364 7799 5323 2115 2961 3631 150 5604 8320 4589 2742 6466 1843 7899 2498 7457 6778 3112 8127 5328 7427 7471 1925 7751 2492 9410 7178 8387 1537 171 8687 62 4577 3556 6425 6081 4797 3792 2308 9657 4386 1533 103 1474 3507 7974 8453 5366 2382 7104 7028 2132 6512 6075 5805 1461 5013 3694 7469 1999 2083 7051 
76 3000 2940 9526 1591 6260 27 3270 4791 7330 5202 335 1163 3165 8507 8267 2377 2682 1577 5728 9386 8058 8795 1314 2636 101 1569 483 5407 1745 5732 613 281 9674 2073 4192 8730 4065 9987 117 3830 6461 4253 3137 6099 5765 4937 1406 2469 2366 417 2166 8367 378 3538 5561 2937 8015 887 6564 7374 6090 5199 5042 6395 4630 881 3932 2822 7625 2663 5559 5303 5901 7381 6060 9148 8113 8875 7951 295 9867 6016 803 2401 967 3862 57 7054 786 7930 3953 7117 1760 1604 8594 3187 1011 6658 1121 3192 95 
77 3000 6912 1030 5099 2868 5006 9603 2759 1487 2304 7463 4869 527 1921 262 7063 9231 4875 2488 7126 1879 9366 9399 3335 6283 3177 7080 5922 411 9200 631 1666 7129 4092 467 1607 7079 47 6763 1885 9667 9705 2002 7706 2188 4175 1665 431 7074 4185 3039 7792 7262 4367 2148 7231 9689 652 8812 2363 6919 802 9834 2571 6882 8059 305 5715 750 7925 3038 3976 8932 8062 6129 2818 5192 1323 8637 3080 8900 1899 4397 6190 5401 4602 3949 2504 4508 7262 4600 2774 7128 6259 8605 2733 7 5172 9479 812 8599 
78 3000 6559 6427 8983 8061 6857 6905 6719 2380 4411 7301 8086 1614 625 1747 1958 7263 4240 9050 5358 5768 8738 7754 9919 131 2864 9316 1477 9660 4287 9425 2787 7841 6370 7428 9358 8334 8072 3889 8423 9095 6984 6278 1025 4619 5470 2773 7236 6314 9953 4200 4492 999 3312 4084 9061 7518 415 6841 631 1493 6763 4079 28 8194 276 9038 51 3530 6190 9143 9443 3177 5085 6692 9975 9819 4041 7663 6662 8523 909 8645 1108 230 1719 1902 7963 3381 1204 8551 4520 3663 6456 9876 3424 1874 3699 6756 8515 9929 
79 3000 8193 7227 3794 4969 7262 2167 5510 1621 6446 9101 7375 2354 8778 4135 8907 5990 7189 2018 6891 4313 28 4321 9970 6822 9725 5751 6363 3599 4558 8579 4700 6308 3563 5202 7989 7313 4557 8826 707 6926 5292 2273 9014 8776 7732 4917 4090 3309 5455 7742 8606 9405 4181 6524 6309 4125 5426 3141 4735 585 3273 5007 1057 3949 4283 2628 1042 5551 516 5290 1143 5141 5687 4864 3716 1255 4438 7739 5359 9716 4750 4885 8374 248 3458 32 5360 1227 4916 5980 6928 2549 2764 9036 2538 6630 4836 1566 4465 7524 
80 3000 1185 2685 4893 8168 5237 7060 6122 5758 8068 1850 3914 5241 5805 1757 3957 935 155 2218 1452 6281 2054 705 3831 1707 8451 6165 6593 630 2203 6576 2274 3573 5107 4631 2533 413 4052 1547 3369 752 292 8997 3457 2412 1855 9170 5620 8058 9065 2956 1410 9943 3197 6250 8832 2778 8254 4392 3174 4730 5868 4719 981 6542 3329 7253 7140 8780 4737 3510 5096 7203 5279 3428 189 6259 8630 433 6125 708 7484 4618 4561 5366 7202 4052 7819 2976 2592 4215 4732 207 7812 5555 9601 1771 9394 9174 4291 2672 
81 3000 2401 634 3442 8578 9699 1892 2811 4311 4364 1358 738 477 5206 2078 2730 8204 5426 8046 9183 2019 4386 8632 6218 841 2518 1145 9647 7102 9348 1517 2060 3995 4650 3106 3045 844 2722 3636 2525 6598 9788 254 7220 1456 4528 2709 243 6613 1727 4667 3811 2125 9055 3141 5084 2912 6968 6050 5132 2878 1736 7904 1024 7153 1593 3610 1045 2468 6018 409 3030 5648 8135 7932 5837 239 243 6383 3928 1245 2463 2851 5092 8009 4520 5740 1280 5200 646 7329 2570 1940 7602 4459 4260 9050 5836 7333 7079 4416 
82 3000 3757 6459 530 6492 5138 7703 9351 5915 9646 5474 3109 5257 6490 4033 8915 6888 1201 6927 7258 8982 5533 4545 976 9630 492 9804 7344 9089 2487 1959 3287 156 2608 8533 3724 6658 9029 5377 3026 78 2534 4855 9614 4301 5167 2150 3668 8480 2017 9700 7968 8039 6111 9756 1862 3789 6450 5064 8351 9176 9154 7675 4308 5654 1743 5880 3814 6176 541 9266 4626 6819 1199 1899 7768 6532 2350 3636 240 5001 2387 9558 863 8650 9364 7524 9243 4760 4021 3860 7858 3715 5943 7166 7279 9377 2830 248 4501 7574 
83 3000 2905 178 4416 2730 438 6478 4398 2605 4398 7428 2020 1168 234 4498 5893 9594 4773 4909 9631 5383 4251 2316 8942 9610 5463 5617 1839 2292 40 5884 1986 5883 1855 1426 5157 6903 7545 967 8829 5673 167 4960 4896 4197 5975 5018 5509 2150 4321 1472 2041 1002 684 9055 7177 6266 2820 714 128 7865 43 9538 4971 8632 5622 8819 2114 928 2315 238 2888 1392 1015 169 7257 3806 2531 4116 4663 98 2491 9273 7987 9458 9365 5201 642 5586 5623 2643 6784 2064 2008 456 4656 5849 4940 668 3051 8899 
84 3000 7043 1663 901 7915 799 9489 9992 2211 5322 7291 805 9717 6264 2873 1482 1092 8839 4375 9910 1975 3978 4089 8945 3355 7605 387 4744 65 3040 7784 8232 7407 6524 5117 9694 5896 5877 1857 6489 4130 2268 2541 3888 9787 5124 9332 9039 8747 151 2701 8060 2338 493 237 6251 2704 1005 3580 1434 6308 5655 3477 419 5544 8053 2972 8594 8490 5106 8707 2638 6778 3789 363 6361 1586 1052 8211 9672 7764 6846 8803 666 6077 276 8774 839 3580 8877 6781 3428 2108 1017 3558 4878 4901 1425 101 9427 1352 
85 3000 9844 3976 6826 9873 2805 3755 3177 8894 8531 1571 4896 5984 4969 3803 5806 5099 933 9884 7349 1948 391 9239 1928 7494 9859 6337 9370 9571 8935 3877 6518 2635 3948 4099 9942 5631 4735 8217 1786 7990 4544 3972 8723 3751 3064 1324 4055 3807 2573 6254 2920 6276 7217 2703 634 4995 5413 2624 4161 6145 5378 4173 6694 2994 3775 8012 5376 8769 7499 1744 2140 7654 8573 2474 7668 3905 2178 7489 8490 9106 7802 3069 7189 7530 3525 1419 5748 9641 3412 5731 2013 3715 8048 3363 9281 5583 8183 7150 9016 6505 
86 3000 1519 4837 6689 9164 2601 6639 744 1789 5853 921 4686 399 1729 8014 2296 9176 5985 2137 5971 8961 2088 1468 8191 3873 6740 6319 6105 6057 8530 5448 9249 8554 9712 492 385 6301 1109 8526 9465 5244 136 2744 720 9591 1960 1274 2879 7183 3767 4104 2504 2984 2174 8146 458 710 3750 415 1493 2569 8672 9343 6966 7135 7500 4208 680 5343 1080 2696 7844 4611 3572 6581 7168 1087 8603 5537 6077 16 8541 9069 9048 4240 6902 6574 9077 819 3873 5523 2270 5774 4968 7769 5555 6962 2802 3983 7523 5069 
87 3000 1997 6210 2394 2734 7205 8554 7106 1790 4265 5986 1528 8642 4476 1279 1804 7757 2003 64 6813 3290 4402 4017 7763 8826 6273 2163 904 5254 6038 315 3367 6760 5841 8628 2131 4953 4580 7286 6111 1105 4054 308 1372 6528 8243 7482 9474 1066 5712 4426 8929 9717 5134 769 9798 7380 3947 6460 1402 1727 128 6202 3163 4194 7097 2012 8567 9110 1742 3901 2258 937 5577 8688 247 9642 9012 6927 3258 4195 8760 7971 3189 4191 8363 3152 2701 9590 1847 7094 7939 8597 493 7142 4362 3651 2745 920 5717 5548 
88 3000 7237 2022 6123 5689 8942 3812 5291 6449 8452 1361 6858 9674 4379 1509 9856 3303 8884 1041 3299 6110 6329 3003 3901 583 5051 1132 6914 3909 2269 2415 93 7107 2108 7771 784 2265 6756 864 6144 7916 733 5033 6476 2532 8302 8350 1694 6145 3993 6807 917 95 6251 5622 5179 4899 4223 8672 3272 6249 7650 6056 709 9131 9902 9772 1816 71 4126 7532 4944 7511 2526 4690 811 298 8762 4306 3967 4310 3483 5324 7381 7198 2971 8885 160 1264 929 2759 8385 4449 3371 3904 9079 9459 6662 9148 7295 1011 
89 3000 8660 4000 6329 1200 3000 9581 1066 3002 6491 7686 4438 1888 9649 3964 7019 5575 347 9229 9734 1894 588 8891 9707 4789 6415 520 9218 8436 934 9522 7797 9488 466 2954 7439 7450 3825 1454 942 3173 4721 9302 3372 5472 7288 2602 6655 5879 4734 5589 7289 1506 1121 5067 7187 6048 6264 2964 7637 8901 3763 7016 6399 2407 2150 9579 7912 7228 9171 4557 6639 5840 9185 2464 3531 4154 3693 3609 5616 1264 4992 9401 8714 7316 2948 1783 3277 9505 4901 796 3352 6197 8693 255 8676 9173 8820 1561 9886 4000 
90 3000 5708 5637 6859 8533 8114 2983 180 9525 8660 1859 5729 7386 2477 4599 2398 9042 8988 2039 2927 8941 6807 6078 7876 8166 1770 360 2706 1689 8084 9086 8001 3734 2606 3943 2803 1280 2243 9168 1082 5678 4483 4725 1319 2397 1047 7621 9228 8900 4661 1333 3590 633 8966 3369 5222 5150 1539 955 9063 4360 49 4838 9394 4896 1535 1223 8173 6611 4802 1831 6501 9203 5958 2081 9213 6954 7059 7401 2595 1607 7888 7661 5216 3361 859 9731 1904 9989 9044 8164 825 4090 7323 4005 3706 8452 6664 1725 9169 9556 
91 3000 1525 4282 9200 9193 379 6298 8737 4209 9370 5375 8385 4380 9088 1524 257 8405 4469 4724 6936 8027 7830 608 3567 284 5012 4270 3073 7870 4664 2197 4492 7644 644 2331 4443 7239 7542 2250 1717 9817 9339 5478 4990 6935 1181 5917 3664 9543 4279 408 1831 7105 3942 9412 5366 4845 725 5820 2136 9117 4705 1887 5344 904 2890 4290 9994 7434 9740 7311 2479 1933 822 4146 3295 1490 9587 6341 2887 3056 7271 1344 604 7565 5926 8198 6798 2179 4568 1340 8032 659 8457 2543 5426 1864 1498 968 6117 6369 
92 3000 1770 1353 7849 1211 177 315 6692 2761 2226 791 7878 7723 2927 4593 9767 2248 4826 3089 938 9189 9149 6016 401 3463 88 8413 939 5556 2198 5677 5574 3136 926 6749 7154 804 6262 5420 1068 7965 9518 9768 1088 4822 3230 9714 8335 6497 4186 2708 3364 5279 9576 7533 1381 996 6270 6246 585 9507 3224 4227 3631 9326 7003 8372 2219 6368 433 3396 4811 6819 4383 6268 7469 8133 2663 8770 7821 8152 53 8179 2151 2355 3456 6078 5610 9225 6173 5288 5564 3748 5308 4928 8050 9032 2295 3596 7371 6057 
93 3000 6548 680 8811 1539 2240 5790 4472 3935 8207 6319 2239 7557 970 3124 7875 4820 896 4334 228 6616 1466 7289 9577 807 1683 8591 9095 8846 1599 2293 9437 524 965 6206 6456 6843 1011 6332 2047 1008 9345 9423 8103 7552 7983 3666 3613 9579 4504 7489 4873 4137 6318 6496 8827 5714 8080 8526 9530 7858 2208 6836 7741 2925 2541 1410 3636 9947 1113 8391 2646 631 8059 7642 4425 3480 4637 8429 4940 6035 9387 3227 1683 5253 7401 9657 2013 5998 2732 545 4618 7662 3918 2099 4111 8913 2633 228 8737 568 
94 3000 5469 4966 1219 6583 8832 3037 2721 3182 6977 8535 9934 6094 3153 1734 5298 5933 3884 6021 337 1688 6372 2957 2124 2348 9023 5455 2872 6643 5099 9096 2650 923 9496 1556 5220 5144 8647 169 7003 7000 3547 7608 9170 4159 5908 5696 2857 4642 7437 7336 7501 5314 2232 6573 2311 8508 2319 6776 852 6770 6297 6948 8763 5728 1116 6157 4597 5093 6985 6097 3785 7776 5393 1771 5724 7135 262 298 3996 2348 2229 7848 9705 1905 6045 4703 7942 5235 1101 8436 7375 2446 5083 5221 2964 2200 749 9268 1803 7708 
95 3000 5830 383 2081 851 6058 9646 5173 4426 1320 3225 856 2516 4931 4308 5651 8990 6042 3159 4281 4120 5162 5307 4268 9328 2815 7849 3643 57 1313 3888 1789 6771 9663 5087 3404 4068 1590 2357 5592 7936 6691 4664 8076 1115 4713 5962 6540 6599 2957 251 9092 9255 6799 4763 5857 5568 3351 1270 1688 1515 8230 5513 2006 8558 5467 4769 1769 7769 531 3527 7558 2070 6481 7299 2793 6611 3245 4558 6072 7261 21 6789 2639 7231 806 6677 8969 1822 3047 4417 487 1290 9419 2143 2405 1851 2725 6490 3689 4794 
96 3000 3928 9278 4147 3732 3298 6317 4646 9970 4696 4345 450 6005 2968 6084 7685 7141 4479 3422 2929 1243 763 8727 5929 6600 5300 4275 5437 7928 3418 9811 8177 487 5324 8234 935 2326 2250 9403 5775 4660 5736 2071 8374 360 29 3946 9494 577 7611 9871 9565 9486 7853 8135 6403 7162 8792 4907 6053 569 2030 6792 6747 2688 766 1519 5999 9757 944 6742 817 6647 5536 6984 1046 356 1937 8686 5829 1629 2498 3396 3201 4706 8178 9077 2798 5191 5317 9537 1705 6053 5543 1994 3413 1739 8797 2754 9914 429 
97 3000 9488 1020 6912 4399 5765 832 2166 8522 1924 1115 6955 6890 3935 3872 664 7556 8092 488 8503 5406 2793 6164 2344 3159 3438 2477 4689 483 464 8063 5757 1246 488 7423 3698 8881 593 7862 7936 9888 5724 4542 5634 5452 9217 3670 1280 1190 6455 3803 9405 5022 1640 5285 421 3166 7699 7802 9588 4261 9310 6069 9103 1612 9053 3636 3313 3560 6690 4823 7057 1982 1567 4780 7131 8906 8139 7665 6876 1264 4623 2960 3893 3757 4780 9899 887 9854 2809 29 9624 915 1381 7895 8030 3432 2789 9844 397 4404 
98 3000 3227 964 731 4834 187 137 9210 1345 2995 3228 1777 5931 6455 4392 2858 3827 7631 5503 1193 9503 5748 3719 8811 786 5221 7164 3113 1110 1805 8734 2088 9880 1872 8031 2658 973 4817 1425 2133 9360 8581 234 2811 5846 8306 7035 9686 9949 8113 95 1291 890 6000 5933 3662 6717 1876 0 7428 1550 8707 5490 8025 953 6796 273 9039 5429 1188 1954 8665 2042 2191 1055 9302 4163 9035 2325 266 9340 6646 4174 3631 5297 5548 6231 3190 4049 4890 5025 6551 4157 8603 7799 347 1091 4669 4439 8576 5731 
99 3000 7532 7535 4069 984 3621 564 3077 6536 0 4198 2988 1717 6151 738 3165 6501 8873 6673 8911 624 309 3362 8560 835 9100 5845 3691 6261 4661 9775 2470 1907 4584 6479 6109 278 5165 6135 8463 1120 5057 9089 8740 9297 2047 5285 7344 782 2958 1820 4836 6784 6677 8634 4029 5988 306 2315 5198 4929 8441 8031 4422 6489 5574 9595 5048 6515 1618 7640 2285 8569 564 5934 911 6795 2254 5812 6119 6921 7286 8733 7481 5371 5040 6965 6036 6521 4829 2393 4505 8063 180 3454 633 4504 6235 194 3651 8787 
100 3000 275 7452 3869 2036 5379 6168 5388 1430 7193 2818 1941 6195 3839 6972 5858 1726 8941 6977 155 1837 7775 3766 3751 9128 6547 2793 9804 3482 4800 4088 7181 8685 932 445 5043 7178 858 3726 562 2918 9782 9301 9762 2384 7099 8597 1482 3691 4426 9793 4464 3842 6752 6619 7575 4092 6713 5294 3137 3452 2001 9586 3402 303 5883 3991 132 2147 860 5045 7321 3475 5442 758 7033 1767 4049 8170 8365 1609 41 9037 9539 6939 1867 3638 3115 1422 2347 2708 4333 6944 1070 7499 2576 231 9922 7963 5961 7598 
