FILE: 1323UnifS.txt
100 100 0 
1 3000 7552 9104 5208 2375 6208 5619 3784 7666 9731 9649 8523 6586 5533 1738 4842 476 4590 2866 349 6691 9478 5136 1934 5845 5515 579 5981 7183 5047 8090 1707 2077 4846 8488 7632 5649 6637 7695 1165 6513 754 8047 1319 4650 2911 7731 4551 7400 4114 8336 3730 3589 3676 546 220 5769 5382 7938 9102 593 6756 8925 7510 7309 1469 6810 6097 4382 4866 7970 3623 4241 2617 8164 4674 6148 2492 6970 498 7197 9270 338 2969 1430 2760 1279 1682 7089 8955 8672 4164 1984 4313 4193 9213 6990 3154 7381 3365 7666 
2 3000 8190 8818 485 4004 4178 1436 4478 8299 4694 9953 5132 1145 2042 8432 7082 5554 273 5960 1899 9208 1343 465 3306 4823 4390 641 5516 8649 8134 6012 4701 7092 6404 5112 3576 1456 6794 1798 9118 818 2438 9679 3406 3023 6912 4677 7582 3805 2261 5711 8946 4031 153 3505 1166 5076 6156 7519 7622 2317 7140 1013 7868 6752 1802 4226 7222 4751 4324 5686 9484 5922 1143 1645 2770 9112 862 3636 8483 6523 7268 4156 3399 5962 5492 475 4884 1211 1281 6574 9232 521 3405 3195 3130 3238 9180 6032 8251 4544 
3 3000 3123 2036 8963 8329 8730 3850 3175 8190 3375 2368 6297 6550 6340 7416 8334 1905 9967 6563 4097 4193 3935 2053 6546 8293 2661 5867 3251 5642 5832 2902 5987 3988 2051 2282 3445 5254 5618 6792 7073 1537 6433 434 40 9229 3021 4115 9328 1265 8686 9452 945 7491 787 706 8265 3160 3142 4842 3494 5556 1554 9711 2257 8739 2464 361 1318 6415 4728 3468 9414 2931 4519 9895 1224 2401 3357 5377 4457 5946 9257 9330 66 7070 1008 1780 5592 5152 5579 8429 1623 7072 8640 3832 1388 6951 8219 2708 3471 4029 
4 3000 1478 9377 7651 8653 4615 5311 3864 6408 5892 4824 4296 352 1786 8880 8599 1397 6268 7023 2226 6799 3205 7439 7901 6780 1885 5136 205 9278 5674 8259 3293 2811 3790 2516 1734 7482 6204 3742 4472 4091 1671 8580 1922 1388 8882 3290 6182 1440 736 684 4370 3129 1752 5182 5093 3774 8585 5998 8035 8873 3687 8449 6673 9980 2082 3384 4114 696 1267 4750 2063 793 4240 5267 2912 8457 5651 244 4954 664 1083 9509 724 1672 9452 7469 8462 9644 8533 1291 6704 1393 3615 7214 1998 5252 9276 4980 9742 2076 
5 3000 4288 394 8150 4355 9642 6008 5341 3465 9701 9928 9555 5038 6479 2748 2490 2458 7039 2610 5771 8483 4026 8387 537 4990 9315 988 158 844 790 2799 6070 7900 2249 5235 6748 5119 6423 4427 9786 815 1140 5027 7121 3027 8592 2149 3368 8015 7744 1417 7285 6883 9857 7159 6362 319 7144 8709 4541 1472 4546 4842 3049 6948 4631 6335 4368 5927 5629 6646 9322 7411 2575 728 7293 5598 1594 1958 9561 3374 7300 7199 5766 3934 3322 9981 3504 534 5961 1811 1036 4354 962 1606 3130 499 3419 3253 27 2120 
6 3000 803 1289 9527 2659 9113 4715 2209 6219 2154 8926 9768 6062 3939 5768 6479 1230 4217 1726 3790 1290 7122 4230 8032 9205 2958 6089 1265 2332 3093 8049 5236 1541 7991 9479 8475 8462 8362 7175 6507 855 9442 2299 5192 6110 8394 5433 7188 2862 4834 9766 1545 741 4486 2401 6418 8244 5956 3789 4903 8727 637 5285 4010 4531 5737 4838 6744 9224 429 792 7327 7975 5128 3825 9533 6047 3897 7005 8156 5421 9971 3975 3596 9541 4408 5261 9581 6186 7873 2704 3997 8463 5533 2021 2862 3932 5087 3490 7409 1851 
7 3000 7922 752 4306 8544 3383 7753 8993 902 6181 3795 2146 7999 6921 6726 9270 845 5748 4244 3411 248 9131 3332 998 2819 9763 7818 806 5086 9586 4058 6047 5746 5947 4742 9584 6029 875 831 2272 8204 3478 1614 4422 2189 5479 2892 391 307 9862 3286 6296 148 2650 8671 856 5575 7810 4736 9356 5835 5278 7664 733 2813 2114 2945 7799 6398 6774 2306 573 7983 6520 8771 2749 2082 7941 9845 1287 6080 607 8822 9126 8102 3848 4220 1024 3009 6655 7335 2525 6520 708 7933 2045 7457 6528 8049 6090 8117 
8 3000 2752 3927 7595 2768 8541 6078 7389 4270 9101 7459 8783 8821 4342 9789 5288 8827 647 7975 1452 3902 5783 2677 6827 9983 6922 986 3057 6582 1797 5238 4095 2152 2977 9942 9541 7588 5271 6844 1106 7844 6255 8107 2206 1682 9923 7622 671 9540 3466 437 4591 9532 7174 321 1276 1566 7464 5448 9347 9592 3029 2198 3954 1971 4119 7099 5111 9973 4944 6882 9165 4397 9196 6663 3382 317 8707 6255 3665 9957 5225 4601 5393 3679 5312 2329 7385 9111 8379 2440 8991 8392 7831 9114 305 3540 5350 4646 5507 9951 
9 3000 8292 4500 9328 8019 221 498 6637 2883 4554 2126 5157 2295 1344 5967 1308 2622 7179 3261 9168 2960 8212 5586 2564 7386 6311 8673 286 5327 8337 4330 4430 53 8548 510 1860 5304 4123 9486 8797 32 3819 4169 8537 1272 9742 2532 2289 5140 2257 176 3139 5954 8008 1010 3142 3479 1075 6059 3536 8297 7252 401 8081 5307 1444 8222 9523 5343 8199 6001 9188 4919 5360 3820 9692 4103 841 4795 785 2513 2528 2637 8311 3435 1312 7334 6303 6074 7233 8959 2195 5919 8764 9606 5161 3244 5212 3446 7582 9727 
10 3000 2242 4915 9637 3198 535 5014 7013 506 7559 5754 1749 8519 2476 2704 6198 3245 4168 5681 122 7075 2389 7557 899 4157 2043 1192 6871 3891 585 4494 3801 2549 8548 3600 4470 3023 3201 4188 1387 2697 5317 906 2631 9439 9082 4936 814 5726 5123 9674 5175 888 6654 4539 6789 1480 8759 6909 6912 9778 795 2176 8443 399 1912 1932 513 5050 9715 276 6203 5394 2034 8250 3382 4052 1829 6395 8673 3720 5220 5436 4539 4417 2633 5092 9504 8855 3083 1004 1487 5935 1574 9802 4271 2371 9629 2281 7091 2431 
11 3000 8935 4714 7350 5812 8131 8283 6455 3636 2700 6641 8787 2568 8004 1591 3789 7065 5433 6899 1180 9747 1683 226 9295 9892 1156 3183 6550 56 1493 9522 6032 822 2219 1437 3216 3670 6527 4004 6799 1971 6176 7734 2671 112 9521 9261 1002 737 2664 148 6458 124 3730 3821 1538 1676 273 630 3043 7545 9799 1027 1662 8377 3423 6882 4690 1183 2642 911 1866 5337 9241 4236 4339 6694 8316 2070 6755 9838 4431 7523 2476 8453 894 3539 1917 3818 2156 2952 4013 1430 9343 6670 806 5749 8905 9984 5161 3069 
12 3000 4397 7002 1608 2513 1376 3207 303 5156 5433 6140 4122 1271 3343 4210 8872 5700 7344 3628 6634 1347 2538 3461 2225 804 7419 8823 2791 6094 7523 2178 518 6544 2211 2775 8475 4777 4564 4207 9578 839 4417 95 8681 4441 4507 7895 7786 5332 9751 834 4389 1792 9653 7967 2942 7258 3822 2360 9442 5066 634 7400 9148 1325 9004 1227 7418 5910 3287 9297 3678 1586 1313 5057 8507 1253 5529 8763 3856 3316 7285 4407 6384 5182 4231 4781 3928 4883 848 4653 5087 818 2096 2085 1942 9628 195 7858 5890 2190 
13 3000 4529 3037 6616 7738 4666 4650 4177 6110 6519 9499 4220 8118 1615 6095 6320 4047 9506 4713 5446 272 3290 5576 6551 4006 8265 5169 2286 6172 3706 665 3840 2397 7771 2488 4905 2137 5522 4996 8767 5917 82 5290 8518 706 6912 145 398 3416 1211 1073 261 2516 8445 7502 3161 7783 7999 8088 6071 8172 9956 146 3721 7811 4995 7210 7560 124 7424 4719 7853 77 1327 3820 8887 4547 9845 3306 7319 819 7576 9673 3635 3208 6106 5304 6742 7804 2656 4776 1685 5345 1864 9299 483 2210 685 9265 6094 9543 
14 3000 6418 4942 9511 497 7861 5276 9967 5607 9584 4826 8284 6284 9336 8823 3332 6438 8569 6354 1621 2223 6093 1671 16 9908 4851 3622 1577 1873 1822 3212 4521 733 1049 9288 4317 1579 9791 2343 8897 2352 7799 6452 6995 2341 9721 9333 9617 8799 629 526 4624 1694 4668 7706 4454 6577 6837 1113 6955 5581 7890 6113 9355 6538 2362 3880 5348 228 9724 206 5314 5751 8660 2433 9653 4019 4466 4514 5252 9383 9581 193 5077 9372 7238 4318 886 2571 8241 2270 9068 4612 869 7527 9608 2298 3901 7340 8180 5848 
15 3000 2769 6550 1358 9269 8837 9516 4958 8848 1801 176 5502 9781 5219 228 4807 911 5160 5442 7702 7605 1984 92 2866 2746 5244 9515 6795 5857 1712 793 889 345 6533 1563 1668 8873 7500 6951 4113 6857 2461 4630 8130 4085 9839 8004 8139 4465 2292 7514 5790 3896 3485 77 5802 6262 7996 6638 4930 7555 4339 7860 4051 8121 1122 7928 3381 3030 6319 6484 818 574 9676 8687 3400 8887 8235 3394 1899 689 4991 9469 8538 6161 664 221 7826 3939 8607 5957 525 234 2828 4666 742 6081 9145 832 6137 2707 
16 3000 9464 2365 1274 5030 9179 5657 4075 3279 7702 8771 5415 2737 2114 2743 1837 1617 3942 1024 1390 7056 9061 7031 2596 9236 723 9832 6538 3629 5709 7960 2075 1371 3604 1340 4183 7754 9204 1351 5419 8852 8036 9008 511 6262 5020 1272 4073 9981 6238 5484 1444 9394 3839 1921 2655 2403 4069 4483 9516 2671 8421 9498 5832 4988 7910 2659 746 8775 481 4079 5196 9699 1531 1478 1515 9421 7565 1490 6136 3468 2971 9098 5440 7230 9924 5189 4716 77 1412 2241 252 7609 7389 8131 4549 2026 4052 8068 4663 622 
17 3000 6244 4651 3670 2410 2982 6054 5252 2866 6107 2334 1415 6798 2063 9865 3330 9345 6799 3894 5293 5100 3795 9229 1821 5349 5219 9045 7862 3451 6199 1817 2137 8325 2226 6379 3604 6079 9685 5110 1048 9752 9504 5239 5798 7185 3933 8282 7563 7018 6445 7597 3400 2813 4765 4071 9801 5295 7021 9925 7912 2729 1021 652 1868 9413 6658 5073 261 2297 1433 3518 730 5733 9112 4141 7674 4347 1500 7348 3092 4028 3345 8359 549 1058 365 7889 2267 9351 400 957 9336 5829 7689 3823 5057 3914 272 9043 1406 5154 
18 3000 522 8651 8624 8964 8789 5475 7931 500 185 2561 7367 6654 4483 740 756 176 9142 4306 9796 1921 5465 4827 9274 1216 7871 3077 5406 4360 6302 9100 7303 1245 1747 383 1556 99 4893 8176 9959 362 7908 1919 340 3676 9339 1801 533 3011 2139 9445 5463 9909 4822 6719 7363 9857 5739 2663 9116 5778 480 8554 714 9659 2402 1086 8853 2292 6281 3681 9645 1149 5089 5919 4462 6373 9897 1102 8894 4903 2902 1930 4845 2721 3580 4320 5744 5219 7962 9328 4888 5698 1038 3216 6903 1989 2283 5634 2339 1198 
19 3000 4310 5924 5379 2578 4647 7561 4684 8524 638 703 7353 3694 7475 2884 6018 2260 9345 7815 9054 3269 3710 2320 3922 4150 8709 1397 3635 2327 3685 1399 6342 4971 2838 1342 8050 6866 2002 2341 8457 6408 8546 5166 9923 9727 4404 5929 9558 2930 2225 9889 4432 2474 4653 3388 9922 3662 6725 3908 1173 7265 1403 8255 7688 4265 8223 8870 1045 8729 5075 8258 5732 8805 3103 1551 3119 5842 4733 7189 8541 1636 4828 5729 1516 3800 4961 6779 9086 9264 818 4057 2280 5893 2730 8574 5703 2234 9321 9943 253 5385 
20 3000 4285 5810 8961 6995 6291 9418 5954 7382 2008 5286 8544 7781 2261 3019 2446 714 1303 9242 118 8486 9221 7657 2220 9805 7463 7230 2213 4533 7490 8497 4064 6550 2552 7995 3095 4756 2592 829 9941 2189 2273 1344 7642 3272 2131 1946 1860 9184 2850 24 4217 1356 2667 3018 8758 3092 7897 1596 1544 9315 6588 967 3366 4440 5296 312 5585 8367 8989 342 9094 604 4074 8986 6412 2511 4546 5194 6897 7675 1272 874 5085 404 4387 950 2155 2345 8825 1545 522 7237 2972 6290 1548 3774 438 757 6382 6609 
21 3000 4965 5020 9927 5468 8454 4335 7931 2403 2113 7950 7195 7155 738 6040 8923 659 114 4764 5177 6657 7544 9449 8474 1450 5499 5900 4498 1767 8396 9830 7937 760 2502 4423 1454 2125 8960 6013 7773 2352 9939 7898 4894 1091 7918 2269 4433 9650 8081 270 3087 7619 3848 183 7226 7611 5527 3733 604 8137 2091 528 5201 4599 6082 610 5188 8416 1635 5145 4016 4263 5633 5225 4631 5448 1983 8810 2815 7407 9020 5779 3649 9323 31 1118 1104 3873 6913 6225 756 5099 6943 8350 5626 4407 2688 8144 5143 4682 
22 3000 5026 5352 7235 2539 9301 2616 3545 8695 4602 7411 7770 6460 6163 2102 7125 8361 890 2128 6934 890 6014 2312 8343 7372 872 1292 9163 8961 1802 4083 7832 3765 176 2758 507 4086 3551 5257 1276 1798 9946 2320 5501 1837 5243 2549 6281 3825 3718 5586 4042 1818 1689 3428 9252 2171 4297 9854 8263 9542 5406 7990 2270 1007 631 5987 9408 8307 3490 832 9961 8223 4683 285 4708 1067 4492 2930 6379 7306 8311 6365 4254 2309 5295 3509 1873 9214 139 7034 7877 9929 7984 1924 9969 4250 2436 6160 2014 7107 
23 3000 6726 9529 4240 3938 7984 554 6591 4180 4643 1556 5183 2897 6964 1839 1898 519 688 8992 7095 717 3818 8329 5456 6401 6516 445 4945 3836 4135 6901 8901 4890 3366 4031 1251 7409 1520 4874 4854 3706 8928 9238 2958 7188 4471 1879 3798 7101 4226 8810 8305 1398 3253 1737 951 7738 487 615 3709 2606 6774 4334 3145 8561 6017 9525 633 9603 9459 7495 5695 4673 3080 9287 2466 9273 8127 8860 9280 5210 4768 4401 1393 8472 8864 7757 6814 5218 1878 1995 5276 5902 3897 7081 323 7523 9788 3696 4524 3986 
24 3000 8472 5164 7818 4611 5331 7512 8971 742 7729 7654 172 501 3669 9699 4747 1657 3571 9387 7996 2621 5171 6643 1160 1567 1550 6265 8510 3680 2285 6730 7564 6527 7729 7129 2422 3549 6413 2224 237 5687 5569 5634 800 1127 4788 1141 9257 3169 2795 2124 1948 6226 7350 9122 5374 9941 8277 5510 8284 1439 3615 1313 6890 5691 8900 5138 3209 4016 9558 4234 6528 701 6444 2673 7988 7743 4482 7660 8310 7726 4455 3967 8621 4813 7896 6491 4433 3867 5123 937 2720 7701 6387 2629 2142 2445 6154 3440 6381 1042 
25 3000 500 6853 607 4874 7647 1145 1065 3504 1609 695 7795 2544 8971 5414 467 9661 8792 8312 7348 8687 5633 1172 7393 1873 5708 8365 5458 256 6161 8782 638 2156 7471 5891 7737 9800 8975 5923 1855 4062 7525 4178 6101 7340 9262 9463 2436 4549 4520 6644 5635 2241 5852 7335 382 5857 9184 8706 1476 5091 8092 412 7182 7388 1203 9658 5684 9569 2722 4378 4685 7574 6089 4548 4117 4331 750 1612 1979 5756 2063 6049 3307 4873 4326 3052 2260 4059 6925 6337 7337 5416 3616 78 9713 9266 4928 8965 4710 774 
26 3000 3683 6386 6382 4692 3658 737 5231 8233 1353 9858 9048 2062 904 3586 6878 9424 2098 4443 6106 3383 1536 6444 2677 2199 6904 2029 4433 2820 4379 7123 7579 2506 9153 4318 6270 8572 9088 4184 5332 6263 1493 4700 6095 4746 3023 8817 5361 1235 2714 134 7494 3233 8125 6713 9636 8906 4625 3013 43 5579 7788 9942 9554 6357 8926 3047 6178 4868 3738 8822 2809 8139 4087 9137 8069 7588 2905 3801 270 8149 2218 1246 4502 5513 4300 7329 2853 1504 5948 2276 7745 7573 5888 5732 8400 6419 5299 9947 430 1733 
27 3000 1465 1087 8550 6076 4558 8665 2423 6866 7532 3100 5618 506 9157 1402 7705 4627 169 978 9466 8460 2545 1569 1239 1331 1912 5305 4380 9283 3064 4891 5852 9823 8627 9916 5945 4792 823 1284 9108 1360 6385 3775 7920 1150 4574 6727 179 7481 8337 2845 9114 740 8585 5138 6726 1881 1590 1970 257 4042 9519 252 1772 2292 4080 6743 881 1504 3305 7491 574 2350 1447 5384 6189 5422 2014 5842 7501 3478 3914 616 3935 1812 738 9732 2909 6754 3157 1539 1296 2287 4457 902 15 4793 9182 5504 1747 5928 
28 3000 4921 283 1773 3614 7202 9990 1938 1163 7523 9871 7746 4522 4507 4477 8568 7642 8173 4598 987 5979 7344 2322 5259 8110 173 4216 4907 5481 7792 2635 9432 280 1093 5161 155 1432 630 2152 9182 8716 9646 2437 1492 5018 222 7112 153 6697 2561 1486 4662 2085 7385 5129 2412 8102 1462 65 3275 5011 6265 7071 7325 9279 9740 120 5674 4583 1215 8932 4434 922 9426 9662 1813 1870 3668 3708 8327 9944 8072 4642 136 101 9010 3271 5516 1357 5620 823 4445 6536 3460 248 1315 141 1282 5660 778 4346 
29 3000 939 9889 6707 3123 410 171 4287 4482 9951 1950 5229 849 1375 815 6109 7556 453 2559 9837 9465 2441 1363 242 5712 733 6101 9789 2582 8639 4778 420 4501 4284 7085 7516 3160 8642 5086 6990 4760 6679 2023 5498 5380 1641 9252 3783 4481 2446 1303 3137 6518 4220 9058 4993 692 1943 1066 3638 8819 7231 2972 2051 1327 8234 5080 874 1377 2667 8030 497 7106 3960 6613 6272 2003 539 1703 6859 3403 8222 313 5681 9108 5752 3781 5525 2130 3447 4078 6248 3569 4978 8241 5622 3604 2269 933 3295 613 
30 3000 3529 5126 7885 8425 4401 906 7191 1685 2239 2415 1537 9354 3513 2901 232 6326 4332 7906 1163 3182 4102 6573 3510 4049 2299 1083 3583 2610 8373 4207 3792 6212 4775 4997 4729 8122 3110 2587 393 7893 3412 8136 6520 9860 6551 4876 2053 9766 9755 6304 3734 9500 5266 2487 3811 9976 2115 4495 887 2125 1028 6962 3879 6015 2449 8766 9107 8101 7693 1842 516 6593 3227 8114 3008 4953 8069 4549 8909 3518 4315 6350 7563 9240 795 8255 8041 3567 9846 3976 4985 8428 7217 3757 7569 364 5095 56 1595 2766 
31 3000 8258 1357 4700 6253 3354 4097 4702 7162 1299 2732 1063 4174 2809 7916 9477 3056 7048 2812 9588 9537 3412 7523 5827 299 6422 1654 1377 2100 3759 4991 5268 9021 7413 6316 2582 7838 7963 333 7804 1515 1974 2733 1279 825 2529 3375 8803 4102 2882 7594 4341 5105 3232 5635 5864 9016 625 213 4316 6565 1985 2193 5702 6272 266 4405 6302 4817 3724 3570 1015 5542 8326 365 4820 5065 3273 7601 7365 8033 9655 6537 688 9986 2226 1310 49 8360 4309 1494 7900 1602 5819 2786 974 6421 4422 5810 499 3155 
32 3000 9806 3057 5536 9272 1087 3937 9450 984 7334 7966 9491 3002 1223 6076 9518 6398 5815 46 5832 4609 4456 59 6142 7552 3806 392 1661 3874 9991 3217 2310 1320 7881 541 5069 5235 3490 4260 5433 5175 9507 4344 2007 9664 3944 5147 4220 9058 1917 9840 3163 6543 548 2968 5557 7256 6989 1134 837 5534 9579 1811 1375 279 2117 270 5813 8459 1268 4644 5532 6729 7087 9107 4238 1174 6676 5185 683 5182 954 1191 4496 5441 4569 9781 5157 6057 8915 3636 4080 806 8294 9278 9832 3497 9185 8993 6471 6475 
33 3000 2652 901 5011 7238 9870 7129 8012 3185 775 126 7294 4487 5845 7098 4780 5082 1000 2558 6456 1797 5629 9021 9465 1595 3743 5802 2320 6943 8254 5958 8244 9311 8376 1340 1634 793 150 5782 7653 3852 100 6406 4943 9189 2010 3057 1467 1745 6824 5862 3469 4816 5674 911 7569 2304 6033 4070 5978 9082 995 2911 4833 9497 1671 6772 5664 3987 2722 4940 9989 3829 1008 2959 7019 4007 7369 7067 4507 4211 1523 6751 2708 7958 96 5430 1468 9837 7773 9268 444 881 1577 4103 2438 2062 8270 508 9866 5912 
34 3000 4881 6975 4345 6270 2357 1222 9410 6155 2342 9627 6353 3757 7080 4786 3187 6563 2440 1201 6738 3600 4069 9080 7857 5808 6671 6280 9762 4535 6406 8358 9502 8158 6421 6762 2548 6831 5502 5130 505 5352 9849 3733 1955 4165 7978 2029 6421 8474 8751 9346 1455 5497 2529 3692 2856 9829 5445 8690 8005 6946 6810 8634 2337 4819 9639 1672 8923 3664 4303 1118 1192 3814 5309 4885 8765 1712 1197 3039 6423 4032 7574 3489 6196 9931 3261 5791 2579 1412 9571 3083 869 1824 2716 2144 8634 2485 9328 1579 298 7425 
35 3000 5117 8123 4861 6258 6643 1080 6733 5178 6222 4878 9706 6080 9954 9753 4036 3807 8871 560 6665 1521 3218 3705 4555 4198 9855 2200 1156 249 2784 8856 5998 1268 6800 7579 7399 9900 4270 2816 8311 5842 5035 7105 5284 9958 9435 6761 552 6530 4467 5687 7252 3626 3056 7304 7763 1598 6461 4613 5168 9702 9802 8375 7849 846 711 3423 7195 4458 1111 3092 8450 7484 2117 1781 4671 3509 2063 5636 3820 3 7656 1356 8980 3691 8254 3130 1695 4052 3265 7693 8433 4937 2676 7511 177 4315 707 2089 5139 2148 
36 3000 2585 7404 4601 6383 4451 3467 1880 7075 6382 1 4415 8631 8547 253 8987 185 484 2930 53 4091 3500 2251 1215 2544 6202 6136 9809 2328 3145 2513 4619 7687 6613 3753 6716 1319 1520 9223 3426 3496 3438 5979 5416 9318 9746 7564 6912 4073 3914 951 9037 6743 2899 1596 6278 1616 7674 6623 6071 8041 6882 6132 1523 8292 3613 2634 7245 3569 5306 8611 8321 8116 6775 2193 2396 1469 6361 974 4893 8824 5215 3943 7349 9537 9693 1540 8884 3744 6887 3845 789 7106 3276 6879 4241 3680 6507 7048 1140 6915 
37 3000 292 3689 8080 8776 2438 9766 3433 6987 6000 668 7569 403 3557 1152 6189 2504 4616 393 6799 3021 6136 5175 8290 7679 6185 1192 3660 6066 714 2490 5851 7635 3459 9020 6715 5818 8972 2321 9103 278 8769 9333 2078 7277 609 4328 9260 8172 899 8966 285 6038 217 486 5398 413 1966 8005 3169 169 4154 6961 1331 4508 4291 1663 742 2083 7423 5982 2482 8245 7276 2154 8060 413 542 7717 2761 1570 4275 570 2105 1887 6423 2151 1441 8464 9476 8755 8658 3205 7247 957 29 8814 4770 1179 9173 2914 
38 3000 1334 9370 9146 293 6628 6816 7653 3278 25 8069 5395 229 2977 1014 7525 2160 4551 5044 8245 7485 73 7375 8515 4891 2912 7476 6899 4333 9378 9629 3523 6151 6751 3611 7171 8326 4434 3504 5496 1839 8228 4631 8362 4176 7737 8609 4308 948 6894 6538 135 5631 7614 303 3629 7444 6571 2018 9389 7342 5098 1573 7804 2138 2220 2325 7133 6748 800 4905 8727 4562 6821 9152 5364 5942 1787 4167 2716 4843 8249 6504 3939 3555 8457 6474 7387 5579 6142 2579 7452 6622 1412 4071 8530 3715 8784 1637 2109 2463 
39 3000 8334 6205 6985 2414 9975 5878 2602 556 860 997 5514 2938 5909 7317 8982 4413 1459 7323 5680 6515 2045 9658 3540 3452 302 6685 4716 6225 9988 169 7675 4877 2142 5087 2409 8863 4358 1559 8776 5547 3188 4910 7966 6823 9669 3850 7090 3858 7977 6786 6895 9968 7201 6253 2602 1611 6251 1475 7875 7509 1879 9045 1907 5892 9834 1739 9637 9874 9142 5443 5089 945 9504 4216 7835 591 1825 3475 2590 45 1869 1298 1921 8155 7030 7862 2090 7379 6241 3001 2020 7909 2999 1888 5381 9915 1516 8845 5809 3916 
40 3000 5995 9276 5241 9278 3040 9727 5385 834 7172 6066 2307 3629 9492 9795 4147 5792 9451 2483 1956 9535 9756 8324 3666 267 4396 4820 1174 3847 9795 1591 562 1953 9089 7309 5433 5576 9528 4752 3379 6642 3004 3995 5569 7762 9704 3712 9462 97 4884 614 4651 9358 8776 7004 1825 9925 9612 6465 4861 7095 9779 7663 6035 7454 5092 6288 4367 7368 7201 5103 7082 9609 9117 2136 4200 8101 3862 6985 6253 786 6249 5252 5125 627 7785 1102 8012 4724 4694 7945 4518 1563 9075 7247 6868 6385 3174 5461 3244 4684 
41 3000 6791 9089 4256 3826 7804 7861 2528 2798 5823 6050 5411 76 8967 1897 830 9622 3765 5179 6240 5006 8187 2884 723 1654 7791 3027 198 7213 5007 6577 5765 53 1532 7521 5166 5885 3862 1045 7378 2509 1946 9842 324 2683 956 8547 1717 5121 6198 6295 3023 3614 1134 7405 6550 4273 8534 189 5665 904 4758 3884 8131 8504 7154 3711 2576 4877 4585 4059 8076 387 1087 9796 6879 5825 2638 5698 237 8406 7068 4010 7374 5888 7081 131 7576 8824 6412 6420 5407 926 9100 4129 9044 7566 1891 3467 1748 2394 
42 3000 9768 1777 6450 2087 4603 9849 3467 9219 6931 6350 1342 3253 855 386 808 9671 2074 2185 1878 7212 9032 1903 4062 3245 7200 6562 9704 7269 6475 5102 446 2529 1706 1572 6824 5764 6353 6435 975 5080 9256 6000 2482 5944 4543 9982 7337 5305 4656 7190 32 3841 6501 9326 8770 6328 730 2929 3812 142 4138 9425 8935 1872 5194 3317 6026 2071 2694 8491 2793 8127 7533 2646 3609 5257 7615 9860 3476 5631 5873 1268 5113 5614 1428 3873 9169 1143 3859 7479 7571 1215 613 9747 9978 9516 7527 9385 3380 4163 
43 3000 2482 7451 4808 5575 2182 6786 7174 2471 2052 9579 8239 5991 9270 3044 2697 1938 8918 3231 7398 1154 3257 6960 9680 8016 4132 1879 8838 7052 8499 4650 714 7693 7076 7251 5410 7142 6122 1420 8129 1367 2337 1201 3138 4227 892 3640 862 4715 6580 7584 8096 2330 8094 619 1342 575 5428 4131 3280 8573 406 6483 2354 818 333 4328 5487 5044 4773 2043 3923 8222 5452 9286 2188 680 9283 6679 183 8350 4521 9618 8400 3138 40 206 6257 1421 7734 7314 3566 669 8043 4758 5126 4190 8611 7616 8429 3998 
44 3000 6056 6655 4509 1817 880 894 1902 8193 5489 8284 3737 9747 5349 4518 7950 4543 3265 9968 626 5584 6780 4737 2462 2434 8704 1849 8355 963 766 8551 123 1221 391 5754 2337 3430 603 5586 1294 2107 3054 7078 7099 8311 4171 9971 8885 13 4439 6653 3152 593 801 2213 5229 5458 2185 2627 3869 6794 8156 1068 8958 6430 696 2337 2360 6841 9104 5423 1878 264 8023 4184 8346 5946 8594 6162 5843 5515 2731 9509 5034 6477 528 8051 9632 3834 779 4467 5993 9834 4639 1604 5823 1842 2393 1903 2027 8330 
45 3000 3366 4964 7667 3006 8942 3226 8053 7056 8726 5776 5963 9515 9813 285 9974 5765 9194 3062 5935 4153 9283 7242 1553 740 6572 9093 4107 2172 3401 2450 1290 6675 2869 1272 5174 3175 6855 326 9298 8546 7174 3999 8883 2981 9852 3227 4173 3487 2531 556 6901 5507 4992 3324 9876 2665 2812 4972 9698 4639 4140 4476 2601 3156 9598 3905 3415 6112 5307 4108 7656 9819 9046 8517 6742 9378 9520 5085 6333 7172 8771 6344 7794 9487 7699 7586 2788 1263 4717 3175 985 8959 7530 978 910 1552 8033 4926 3902 9659 
46 3000 344 5694 1203 2781 1949 9514 4179 4675 7987 5106 7655 6849 8648 8736 6378 187 9700 7401 4615 4689 6145 138 8857 7349 8991 7455 3669 8143 5159 8893 648 4159 509 8708 516 1835 5990 9677 8333 7336 6922 5039 1839 5048 5393 8544 2916 4197 5790 2644 2182 3597 3452 4797 6702 4525 6442 1905 829 1708 457 2868 169 2452 6848 9272 8671 3886 3778 4192 8842 8331 495 9131 5087 6798 4739 9077 172 609 3265 5685 4818 1142 5496 8588 409 7704 305 4826 4840 3525 5909 6412 1476 9881 2906 6009 1243 8338 
47 3000 418 742 7844 1124 5376 4131 6100 9628 4918 6147 3410 1015 1918 1400 4347 2977 3635 5445 8367 6603 3497 9216 655 7375 5999 1585 6085 4287 4727 44 6310 7095 3520 9515 9980 1684 736 9286 6079 3567 6664 8063 393 9507 4044 7160 5095 7257 1726 1805 1464 3440 1441 573 5725 9537 7708 2947 8008 6013 858 4998 4447 4561 3189 3196 2386 8476 8243 6344 8726 1146 3207 5636 1385 2676 4439 2838 3889 4636 6126 6603 3090 2930 2055 6895 9999 8789 518 7559 3760 7899 2342 6994 8730 7642 2034 6970 4702 2468 
48 3000 2069 9554 241 7392 281 2177 9149 9615 398 809 56 8269 5693 1274 9132 2290 5759 8681 5931 6412 6413 4982 2353 5289 2724 4657 4736 5741 5163 8523 9067 7126 8882 5664 9327 9836 6118 3496 8950 1915 1715 5944 5420 3810 1784 9754 7979 1238 5474 8927 8470 6184 9875 7275 5302 6022 8050 9108 540 762 181 8040 119 8418 7853 3922 7183 8506 1450 7905 8551 3668 686 5617 4309 9413 8257 8480 520 1990 6619 3133 5068 4385 7886 9001 6621 443 6864 3971 6720 7110 7198 8207 4997 4809 652 6075 7511 5933 
49 3000 9510 6212 8216 1466 2105 9701 3548 5732 1469 6385 144 9263 7114 9296 5677 9794 9929 7218 2822 1391 211 5370 6351 1689 8820 4209 3339 7267 1448 6373 6512 7145 6030 1730 708 4401 3267 569 2465 5922 278 4906 2740 273 7379 7914 2746 3691 7985 1489 2920 4210 1637 1926 5009 3904 154 3733 7285 9259 6912 1562 2888 9671 9244 268 1291 4064 3967 3094 2884 5637 6040 7978 6695 4738 334 1986 1229 9854 6538 3872 8429 6740 7186 4763 770 5658 8809 6963 1472 6751 6213 891 7840 3541 9882 137 7728 4547 
50 3000 6501 4649 9132 3032 2614 2037 2899 4874 1399 7009 8575 4564 2570 8930 3362 9324 5403 7504 4211 1356 4891 6585 3040 8211 1022 6107 5068 1285 1178 2148 284 2442 5662 5107 8035 8760 6357 6019 4741 5398 8494 982 4736 6599 5563 3722 4232 4804 7332 6272 8408 7903 1009 7784 1628 4604 5508 1460 775 7931 8863 9611 1722 6841 8747 6842 8919 5976 6126 1358 8108 3527 2039 4402 2163 7238 7499 7808 53 8520 6520 9691 8937 4702 2268 8247 9373 9398 6342 3697 3660 1009 1171 8337 7306 9336 5549 4725 3612 334 
51 3000 3278 1991 1391 8978 4953 268 5807 261 2862 3251 2340 8316 9010 8882 3874 3658 6278 8159 915 8560 2692 2066 4926 547 8834 6636 4799 4018 8364 6131 6438 9989 1671 4353 5477 3967 2657 4077 3120 1948 8633 4609 5106 4532 3349 7470 3796 9175 3144 205 3392 556 6230 8315 8273 9076 5084 5319 4465 7479 1986 932 4223 5594 7663 7379 3755 3212 3071 3828 4052 1077 4295 8944 4863 11 579 1577 1778 8157 5476 9571 6443 6353 1124 6693 9903 1625 5654 7696 9068 8811 3712 1501 6295 305 111 2506 2113 3928 
52 3000 6614 19 1055 8928 1831 5816 627 94 4248 9827 3396 9 8379 3942 2206 9418 4046 3946 8517 5723 8776 9578 3871 9606 3334 2711 4480 9775 372 3668 8941 5834 6206 5647 9080 9280 5722 7285 3911 2624 399 3342 6727 6636 9462 3504 5321 5718 4164 9324 5316 1399 5183 9275 6638 3955 3149 1936 3102 2159 2304 7301 5128 1145 7268 6211 5578 8412 2952 7913 8727 7941 7577 5745 2348 2440 8832 943 2926 3719 3149 4574 4001 1182 8106 7598 7633 8451 7952 9049 8989 8110 2264 2342 4060 4578 7719 9709 500 5104 
53 3000 3002 4760 1591 8888 6827 3160 3333 4328 9096 1443 4659 4389 5171 3945 773 103 3278 7858 9620 2185 5037 6422 1467 784 9109 224 1629 3351 7979 6639 6298 635 7855 7386 1516 807 1695 4209 5260 1702 5362 2691 2660 1194 6900 4184 4334 5689 8933 5865 7861 6749 4199 8928 2362 5835 4198 4884 6221 7180 969 9999 7923 8785 1994 7852 15 1539 8225 16 6205 6468 5238 4873 1566 101 7504 4539 5885 7971 5801 9930 121 6235 7733 3941 6000 1416 1387 2758 8727 8281 2107 5287 2825 5832 2400 718 1102 1426 
54 3000 4963 4204 6743 3029 8830 673 8517 9576 8656 6759 9126 9478 7116 863 6664 7234 435 1334 9208 8183 7033 2781 2533 1373 9314 501 956 555 8557 3045 1291 3311 2952 2895 9951 8290 8745 5277 3152 588 4524 5091 260 5239 8611 1974 253 8839 9598 3480 1310 9289 9995 6388 3530 3670 3010 6139 4767 4235 2447 4393 9596 2534 5738 4713 1405 1655 93 6371 7608 6601 1778 6284 7986 2783 8516 9075 6151 2641 5018 5251 4135 389 1630 7515 106 4891 6114 5199 9209 651 8552 6824 7529 6937 9366 781 9181 5028 
55 3000 479 4140 6525 3583 9588 9586 3508 2140 7566 476 2123 2731 8990 4021 2007 9637 5795 2597 3149 7252 4048 3179 1734 6081 3854 4897 9106 6863 2381 4721 3856 2814 12 1270 7042 2 9624 6745 524 5838 8992 6987 8432 5703 6309 9663 1753 7688 8847 571 6049 5470 4730 8078 2293 9305 7836 5674 838 5153 5827 2658 8505 1918 1298 2946 8796 6823 6057 2008 5237 8908 8526 1919 7842 647 4269 4549 2699 7695 9644 2872 4693 6761 8580 393 3336 1603 2481 8714 1741 7149 3250 3213 8705 1742 9445 6855 3927 7514 
56 3000 5555 2124 6349 8879 4402 1082 5616 9155 2666 3554 6672 5313 9544 3434 7470 843 8519 3122 9816 6754 2271 6078 3328 693 695 7510 2532 4192 2062 3181 7074 8041 7290 6340 5059 5779 7351 2787 9518 5320 3795 4050 7997 8696 2403 8695 5270 9932 9967 1763 9182 1036 4187 2327 9612 6126 6706 9172 562 3672 9254 4610 5374 6871 2930 6406 5070 2138 606 7845 9812 5732 2450 5909 3501 8499 4580 7589 1481 8745 842 4315 1387 3230 7714 4521 7107 6290 2328 4323 5871 7087 3629 6327 8467 4971 6646 6569 2581 2986 
57 3000 9900 9566 9262 9484 5926 1506 2509 7876 4931 1551 1991 4499 1566 1276 8881 4614 4833 2222 4827 6528 1107 1584 4035 3839 295 6019 8492 5808 5108 3576 6296 5851 3464 3761 3131 8168 4019 5713 6849 2481 4814 4518 5189 6910 5058 5642 6616 8968 26 7488 4285 4681 9087 2079 3132 5835 6860 3870 86 5348 7485 6677 7414 764 2032 8740 9182 5875 9022 5903 846 468 8087 2925 1964 8196 6738 2914 2043 2571 276 4882 9496 1090 4814 9432 3735 7478 3430 2566 389 2058 5448 7619 9638 252 8835 5313 7680 9197 
58 3000 5732 1949 1326 2492 1106 5708 5705 3073 4526 1088 5113 4203 5066 1463 6972 8598 9331 9765 8923 5672 2613 7294 9039 6906 3166 649 9167 9347 9606 6792 1389 7226 1443 6224 7615 1707 2730 4301 2300 8758 8842 662 8277 5142 6377 6792 5728 2546 6184 1701 4271 9822 9517 5737 8176 3358 7310 2517 4703 5576 2578 8987 5571 1554 5950 3602 1541 3768 4316 2641 138 4967 2606 4636 6487 9168 8692 2930 7277 776 1419 6364 7855 1831 1749 8083 2437 7380 7048 2470 7448 8969 8483 208 7990 6272 1548 1455 7428 6828 
59 3000 9721 7163 107 3919 1237 8506 7192 2561 8995 4437 5633 3631 3579 7376 252 6105 9416 7016 8962 7439 4053 2257 1103 2056 553 1265 8911 7973 3032 9657 2103 1542 5302 6803 5597 328 2656 271 346 4100 6766 8373 7309 3950 3710 860 4537 9548 5126 7721 7388 4503 2492 6125 1868 9866 4521 5471 1096 5747 7696 579 4892 1065 9918 2996 2495 1413 7283 428 8399 5063 3989 4300 1320 7078 5356 5440 6287 1564 3986 7886 9856 2038 9036 822 8446 9928 8619 8634 9810 1188 5336 9097 7622 1049 4924 9678 9191 6890 
60 3000 8037 1977 6301 9230 5145 4278 9178 855 4563 2238 3578 4056 3604 7694 1002 6011 2855 5596 2036 2271 3580 9066 2817 8386 8247 2582 4619 9651 4180 3285 6573 8976 339 414 1505 2882 7218 2867 4898 5622 9876 4878 6987 1431 4087 9832 7967 4889 5619 2196 6341 9425 2636 7577 379 3934 1223 907 2708 7524 4042 2751 8030 2387 2108 3739 3961 4795 9690 7128 4993 4223 2339 9482 9588 591 8043 9485 389 9638 1498 4870 7562 6419 1519 7478 5260 6923 1559 6446 1216 7822 3368 9512 9451 4341 3764 2448 6121 6251 
61 3000 4543 6621 8477 1998 5498 4674 6959 941 578 4339 406 3725 7162 365 4398 782 8462 4579 2725 8945 9051 4072 1969 6200 3514 7505 9224 4553 8228 9541 2935 1029 6259 3407 6864 6790 5397 1577 7176 4385 9300 4579 2657 3118 1780 7929 8053 2543 4198 7191 537 4092 5993 1158 9293 812 8340 3164 8237 5242 918 514 1856 5407 1822 2047 4167 8940 581 3814 814 5328 4318 2891 4280 6282 7023 9311 2227 4233 1958 6124 8959 8956 7181 7576 14 2312 4201 5425 9881 1123 9756 3367 2833 8165 713 9601 6899 1291 
62 3000 2095 7507 950 674 8237 4460 4916 4185 7061 8759 3121 880 7475 4689 755 2628 9908 5700 3460 3855 9956 5723 42 9414 5161 8597 8319 583 4914 5629 4075 9183 3484 1280 3161 9828 6166 6972 6701 293 8562 3021 9436 13 8982 8696 1190 6701 3970 403 1455 1095 6961 7995 7111 9832 52 9202 3264 6439 8910 2193 7209 459 794 6256 5522 4692 5713 613 4275 574 698 1344 2374 1662 7211 6456 8025 5265 1663 9058 8326 2186 9075 8676 1975 4592 9851 681 5119 2013 9680 3852 313 5460 2568 6058 8609 9673 
63 3000 6983 8067 4776 3493 5139 5477 5635 8356 5394 8780 1526 4913 7780 1538 899 7783 2654 6701 8024 8413 2476 1031 3837 6084 6709 7668 9902 7028 9852 6810 5499 1674 2586 4521 7844 19 6054 9668 5422 5124 9264 8977 4456 4738 9617 216 8500 1039 6556 3505 1145 8510 8347 750 1867 9932 1979 3200 4989 506 6191 7133 1768 99 7627 7660 5616 3617 112 665 434 9496 7054 2860 2079 6329 6969 9965 2956 7609 2139 3025 9728 4601 386 2837 4162 7335 9971 2510 7088 3734 7629 8151 5492 6853 9716 7670 2732 254 
64 3000 6485 7716 1873 1501 9495 8737 2158 3780 2130 8158 8592 5648 3260 1696 4661 8902 4010 2789 8172 4574 7669 158 212 7055 2712 3487 7248 6340 8958 7236 6330 8398 6842 2569 3441 3668 9820 7420 4957 3682 9896 4668 2235 5809 6276 8453 9334 6130 7141 8605 3848 427 4555 3204 876 3311 2485 9264 110 5465 7962 1543 6049 9015 5352 9472 1339 1027 3761 2219 3239 5126 7562 1869 3211 1248 45 4732 9633 3502 199 782 3642 6174 2610 1209 8093 7843 492 4106 9656 3631 1835 8278 4027 5571 8687 5174 4267 1106 
65 3000 9552 8945 2268 9706 4922 4632 3346 7618 5924 4469 3950 735 6103 2319 2504 5593 6319 6233 3376 8493 2778 9135 3962 2743 8185 7625 4903 4035 6015 8921 3427 3936 7924 5909 9809 1512 4271 332 6967 3073 7771 4099 3171 45 273 8713 7887 4965 2662 2838 740 5602 7889 7974 3604 7205 7118 2271 5816 2871 9007 2462 2520 2045 2110 3920 6124 7136 404 8841 899 8268 1942 2557 686 6150 629 7964 9741 3069 1124 8083 6697 2014 6869 6747 1657 3922 1242 7401 6405 3048 1832 46 7747 462 7842 6289 3977 5670 
66 3000 617 2533 4468 6358 7296 1280 2383 6266 7591 568 517 1183 3685 1530 263 3069 3263 4076 3699 2298 5665 700 8808 8032 1161 8420 7810 6718 3353 8828 8633 8706 4704 6280 9502 2995 5190 4202 6651 109 4079 9524 5166 3088 4828 5238 2949 6609 3116 1084 7806 4236 7994 2355 7663 3790 6163 6832 3909 841 9374 9846 7854 335 4959 7456 325 6336 9482 7760 4379 9898 5513 330 1140 5062 1536 3769 8770 2976 4973 1395 4553 4142 8337 5049 111 8788 8509 7031 9746 5361 9139 154 1904 7150 6179 5933 3764 7034 
67 3000 6528 888 8955 348 9812 983 8390 5884 3291 4182 4240 5012 9879 1131 7016 8920 9301 3970 5788 3994 2367 3264 1522 5307 8380 3063 3547 8243 5658 4084 9146 8243 5186 5023 6268 8676 7398 1983 9367 6835 2076 6039 8373 8058 1379 8916 773 7974 5993 6803 6834 2874 4409 2280 7938 8208 5330 4383 8047 5204 3190 6783 8297 5617 6813 4099 4707 4599 1189 6327 9023 1693 2373 1399 2681 9957 5518 5873 3899 3208 6020 3732 7888 1395 3805 3326 195 4093 720 2424 3167 2126 1071 1403 5542 7312 5268 4553 5160 335 
68 3000 6606 9512 4807 6738 1165 4824 1179 1050 840 5624 6970 9027 9491 7445 6087 8024 2223 8151 1994 5492 7783 7998 9171 5601 4096 7817 7708 3981 6907 5320 1016 598 1568 9538 6672 749 7933 3375 380 4179 8391 4293 3062 2334 9013 3125 1072 3727 3834 1002 9538 7434 2252 4415 8823 4720 9559 8397 4121 8778 588 7836 8164 2608 6495 6902 7069 5005 4661 6610 9298 4686 1715 503 7752 2535 9692 8460 4980 1972 5308 8628 1526 7449 2359 7485 7386 1075 7255 8017 6607 7359 7668 6036 4992 6080 4308 4602 948 3286 
69 3000 5830 6592 9447 413 6858 5377 9116 1534 9137 3634 2451 8724 5814 277 9160 5565 8836 5518 2624 8758 9480 4050 9492 7876 2004 6355 2389 3230 426 8136 5762 1870 8423 7880 4841 1701 2364 2538 7729 3734 7455 1332 622 2452 7024 7696 6141 4313 4917 9326 4801 4362 1029 6369 9603 985 9955 7730 3744 8777 2769 5503 1461 9537 1923 7536 1992 1392 9278 8108 6669 6040 7253 6742 9133 4122 3106 5135 8670 8720 6332 2220 6680 6976 9195 7347 6266 9840 378 1595 4946 9936 1757 7200 496 7567 8312 5119 9915 4829 
70 3000 1146 712 1511 7856 3639 7547 122 7200 730 9340 5449 6317 1315 8 3525 8195 3775 1857 1306 94 4629 1886 4382 6425 311 6225 7819 9739 2073 2691 123 9852 4011 1471 332 1088 4220 3934 8228 7654 9067 9560 7678 7133 598 1003 3100 2108 7063 7272 9051 9903 6566 5040 2942 460 3849 8077 880 2332 187 4811 6630 6803 6420 4010 3707 138 9103 8587 589 3950 9787 7543 9059 3698 7414 6014 5668 5308 3854 3465 6326 9921 2548 9990 4015 6758 292 753 9632 4125 2137 8541 5950 8525 9416 4450 4713 1911 
71 3000 897 6694 6845 7054 7058 7537 5794 1039 7495 8353 3994 6887 1442 2809 2457 3301 1430 8174 3488 2536 60 4752 6524 6398 9907 3441 7097 359 6546 1416 8926 5813 4708 5939 9134 435 7552 6290 6582 6688 9073 3829 3339 8437 9624 177 9271 5699 4571 3526 9752 7511 6073 3071 6509 2929 7977 1571 1583 148 3853 6030 4422 3745 8144 6507 2094 58 439 3050 2626 672 2881 753 1470 4049 693 2943 1093 5268 5829 2482 3694 3899 3750 1209 7037 9999 3331 7493 3423 8232 9883 1915 1778 115 1312 1085 2864 4390 
72 3000 7387 9565 7626 5522 2151 9937 8648 316 9445 979 4751 2663 1559 3978 8702 6418 1011 7164 8059 6386 5450 8265 9130 7453 5681 5195 4069 1824 6819 4857 1084 4399 2567 84 7784 6267 2616 4689 7638 6328 3175 6658 9569 1038 621 9449 667 2283 8278 1433 2027 3371 6318 3450 7719 3154 4791 4492 6871 8279 9774 5510 8891 3551 2649 1353 1800 435 2508 822 3703 3678 1677 4853 7375 6048 4371 2830 7976 1213 8468 7015 3893 4731 417 5108 702 3176 3259 929 8262 1382 7783 3229 924 7812 6803 2622 877 8057 
73 3000 2559 6645 4608 6458 7247 2938 2494 5846 6666 558 1518 5422 7003 9408 1106 6747 4729 7799 2094 7861 9629 8130 8816 5539 954 699 4322 5650 6699 5638 8715 1662 6003 2969 615 1259 4679 785 1753 1088 3865 1567 4682 9630 1802 6610 3619 8197 8737 8583 8408 51 4947 2217 1611 7653 1895 3107 8724 8031 6506 4650 1515 6278 8570 3104 4489 7173 1268 768 4478 4926 4824 7294 3356 1052 3286 9118 3882 361 4423 7022 8657 5088 2757 1814 2222 7129 5712 8137 6268 8422 2895 6405 7979 9435 8495 2861 1492 5792 
74 3000 6809 7759 2494 3016 901 1673 5930 9404 4373 9932 6846 7019 6269 5176 4356 812 9103 8043 8725 5872 14 5975 1593 2790 5036 152 9307 1163 6508 552 9390 1208 3598 9132 129 3512 5954 1141 3291 6905 484 4548 9964 4449 1258 7605 9518 7567 2533 4528 1698 8285 4907 9306 1838 9602 4598 7638 9201 3990 5843 6985 8445 12 6429 4760 4208 7069 6339 4633 8829 8270 9539 966 3185 1431 8872 1370 656 8194 4089 7391 4215 1273 2999 3317 6641 9825 5751 3111 3863 2947 2233 5472 1420 1297 2596 7015 4057 6839 
75 3000 915 3584 8432 716 1959 9683 8962 9245 1094 6032 6785 8035 7317 5257 1853 4240 9398 5693 8141 6925 5166 3320 1992 5562 3908 1823 3581 6654 1896 771 1503 8479 1039 1931 488 3961 661 3696 2245 1668 2407 3650 9419 4931 8261 9247 2688 9091 1710 6619 976 6869 2012 7513 4791 1864 1603 4349 2690 175 6622 3401 872 142 567 6108 5888 221 1068 8505 485 4982 9791 8787 2570 9225 5468 2985 7297 229 44 8780 2286 8124 7959 7438 5960 4384 8549 3861 9011 8452 1570 4778 8989 2481 5858 5051 8018 4213 
76 3000 1098 2107 3634 7965 2731 8501 2752 3757 9981 2593 8755 4559 7007 7364 1709 1656 7177 7342 1702 8150 478 3668 5308 576 4035 7274 5182 8653 5769 195 2768 3153 1172 5001 4142 1896 3209 2354 8979 3871 5346 6696 2639 1486 7705 54 1384 933 6337 3974 716 691 5624 9582 6845 8139 3812 5764 1276 4311 1657 5477 8527 6759 4209 184 6962 554 5706 2406 2766 7407 7608 6416 7025 2913 9748 7036 5948 1922 4607 6582 4204 2037 4718 9913 1384 5234 3194 7619 1598 7609 7381 7332 6182 7247 5629 3154 9544 220 
77 3000 7205 3218 8124 4708 5311 5375 2489 3245 3241 997 2542 3088 3657 6914 5867 4717 993 5471 9191 8452 6979 2714 2973 9201 9296 4695 9124 9333 3353 1909 1839 9672 7189 1851 1569 8616 9500 9698 2107 9386 793 7121 804 5400 7659 9218 1907 3760 182 9568 3028 6884 2460 3420 4729 2242 6261 9002 3240 236 7800 6948 6299 189 7640 7864 2114 4471 3721 8007 1456 741 7510 3095 2872 2323 3281 241 1024 6697 516 8013 8159 2123 9432 4612 8690 2387 9633 4188 6919 9671 1890 1269 7874 5552 3041 3318 1272 116 
78 3000 4018 1424 8611 9214 1001 9103 3385 9825 9694 9233 4420 3555 2729 9117 2347 8260 190 3662 9183 7789 3269 6689 1050 9856 1043 369 4016 2038 374 2775 3057 5893 8936 3574 4149 9209 1373 7831 9481 6371 8568 7941 5797 6864 52 3691 5858 1887 9529 443 3035 9102 3528 5441 9022 5507 3179 2246 4677 8428 9121 3294 3984 4644 9521 580 1146 7630 1232 4465 800 2931 4072 613 1354 1655 8218 5045 1453 2096 4744 7328 9571 9482 9265 1879 6723 3841 8719 7399 2306 6001 1265 4436 3064 1710 9316 1063 5178 3882 
79 3000 5687 6690 9480 2968 2876 3997 9793 5455 5460 8990 4397 479 5631 9191 618 4582 1840 9938 2542 4575 580 8826 1856 8535 1288 8262 1813 4933 4367 6148 4321 9869 2346 4692 160 2452 4150 7341 2316 8294 2510 3837 2454 1128 4483 3404 502 2557 5108 6055 7367 9925 4185 2025 777 2312 6172 9332 4244 4654 3219 9457 9152 9995 1314 1157 9978 9848 9565 2394 2623 2702 2600 395 5887 633 6096 9840 6048 4061 5429 9164 4587 4608 7452 4993 9021 6108 5401 4706 6870 3717 6917 7114 2747 1164 5200 1270 8573 6124 
80 3000 3290 3402 6917 3707 1463 1976 7459 8088 7765 873 6584 2247 1658 701 92 5842 802 8230 9039 1205 956 3946 8705 7462 9005 7741 681 2782 9112 2716 8083 4745 1995 7116 3897 8840 7331 4390 2436 5084 9284 1375 3936 2772 5153 4602 2269 3343 7155 4732 5782 1381 7321 9112 1263 3731 5529 2462 1031 6752 656 5681 3149 1679 4850 2781 4765 8129 937 5948 8579 5713 2949 8720 2429 3788 9773 7303 2007 9328 1929 9998 6701 2915 1476 4764 8558 2867 5034 4899 4373 7478 9940 2851 907 5393 3524 2147 3223 4103 
81 3000 5513 7459 6153 6565 3555 2780 8889 5950 1874 7738 2695 8513 3047 2026 1747 4587 2905 7963 7102 7710 8564 1176 3784 1865 9572 9410 997 6854 2189 9462 5471 1793 6791 2235 7922 6735 8396 5929 2644 2413 313 7344 221 8115 926 1314 3372 7677 3591 8269 5911 3603 9664 9915 4839 9317 4658 3046 5557 9527 7513 1473 211 8727 3004 6087 9149 7812 7267 3040 5518 8831 6449 56 2975 7852 8488 860 6527 5962 8015 7743 6497 8388 4380 2241 5614 1739 2807 3943 9227 9381 8667 7429 8643 4934 4885 7324 7598 3889 
82 3000 2463 1485 1839 3357 4138 2309 1845 9940 1151 6162 8663 5724 3160 946 2875 2406 1256 1775 6687 3534 4126 4786 9144 4882 7321 9077 4470 2945 5665 6757 3532 1558 8780 1139 8432 6647 9738 3039 219 9095 6837 5219 9731 5740 8508 4938 1557 8499 1337 4640 1132 1607 1221 762 4948 6996 7644 666 3892 7787 1077 7698 9716 9910 3512 4373 4624 1855 2106 3682 3987 2535 5965 8527 2182 7291 6042 9279 1558 2008 8169 9461 4527 5362 9202 9556 8776 9191 6306 8944 5610 6991 9354 5955 1413 538 6454 6061 2241 4634 
83 3000 2600 8173 1536 9976 1455 9086 967 4156 245 6031 4391 777 7795 7359 4947 6704 5674 1353 5269 7433 2478 3158 825 586 1228 9841 6386 7533 9901 3575 5608 3139 5078 2948 3756 3636 8726 2393 3538 2613 8098 9753 4070 5146 8761 1959 2968 37 746 8839 1564 189 7829 5057 3240 1100 9932 165 4899 7486 8647 6790 1553 8025 5896 6942 4036 8230 5699 6447 9846 1442 9085 7507 7108 7957 2112 9382 1668 2265 7025 7200 7300 8426 6529 8890 9054 3565 1197 238 9716 9491 9989 8078 9401 2446 3912 1591 8263 976 
84 3000 2794 1745 2342 1923 5187 8852 2520 4552 1393 8252 6621 2792 9618 4121 4616 5610 5249 1403 6969 5507 3256 5871 6101 5137 3720 2312 978 2056 484 830 4827 1591 2930 1285 5976 7835 887 5850 1819 2773 2648 9693 5904 3523 6132 9787 8150 7709 3157 1845 8186 6958 6842 5374 1817 8518 2136 6865 611 5010 9468 1095 4616 2291 1528 566 8201 5457 3167 3061 9018 2962 4423 7326 93 8862 6676 6885 5041 3190 1925 1964 6407 446 5187 9558 7128 6225 31 1610 5125 1961 7223 1321 1020 7793 6508 7585 8968 3568 
85 3000 1510 7545 632 7960 7762 7276 2265 5714 3856 599 4928 3018 5721 6008 7832 1000 4024 1732 4797 7350 4701 8920 3848 6064 2606 2945 9925 5314 8288 2841 727 3448 7899 8863 5673 3110 6211 8165 7995 3482 2781 8616 9950 661 1216 725 1163 6151 1585 7709 89 3485 5940 3668 8605 2973 6973 9901 9723 4571 9790 9332 8430 8876 6815 9075 5656 6252 5815 1116 5360 4071 1056 1120 4745 2086 7580 5364 7601 5926 8602 5798 767 8721 6044 3228 3722 843 4184 8625 1300 7780 6433 2555 9528 6132 5241 2743 4595 7730 
86 3000 5117 9753 4935 1885 8791 797 6451 5759 6482 1671 847 2856 8308 6809 7094 9650 9807 7472 6025 328 594 8052 8045 9658 6138 509 3972 3993 2659 6926 9002 384 5164 198 9798 3829 8592 2834 4708 2647 2093 3896 7102 1969 6435 4055 1835 5364 4524 8774 4842 4581 5062 9619 5849 7423 9323 3692 4214 3741 1053 1186 7892 9556 9500 1074 5524 9307 5566 4915 1655 6217 1083 8786 5067 796 1215 3344 252 7456 9990 2006 1997 9259 8945 7261 3098 791 8909 5101 5203 9154 4904 7582 2778 3089 4170 3505 190 223 
87 3000 7321 7226 1929 2436 2620 5590 5944 9365 3382 2987 110 15 8500 4541 1817 2514 6100 7412 681 1978 316 235 4393 6511 1194 676 7674 1324 7719 1113 4371 981 3965 2453 2669 9771 8377 6054 3434 205 6167 3796 1673 9635 4849 6253 1128 5001 2885 9010 1988 5702 1464 7093 1733 4592 9407 7527 9094 7102 1192 22 1144 8486 8105 5780 3515 9188 2521 4429 3738 8347 5303 9080 7703 5408 6332 9514 9256 9875 8156 3489 2907 9179 2772 6171 9676 4676 1525 7697 6051 5767 8134 8855 6084 2141 4848 4894 6605 4155 
88 3000 1724 7460 5556 1319 9023 4650 3465 8924 2744 9199 8028 2789 3273 4785 1827 2126 7162 468 3171 543 2029 3245 59 5158 4589 8734 7269 3853 1802 9981 6577 637 5154 4398 92 9150 8058 8817 6723 4277 6379 2678 1770 1898 2091 9333 9636 6761 51 5483 9671 8471 7903 8733 5131 5619 9103 3282 5274 8023 9074 3725 570 7102 4483 6989 1044 4370 5641 2392 7739 8056 2033 9827 7307 7857 969 6069 9723 7798 9362 9212 9126 7240 8629 1221 7782 9991 2721 8624 3176 1558 9272 1312 8223 4517 3880 9481 4615 2008 
89 3000 7505 8684 9278 9356 7001 3017 3967 3819 8763 6429 7977 2457 5512 2155 3988 8129 6189 270 7025 3616 8987 3381 6550 3861 7503 428 1675 6348 14 8623 9506 9593 1882 3504 6603 9766 1077 7122 3574 5439 6832 4348 2786 452 1423 7308 9208 4918 5066 7940 4374 4335 3947 8677 3472 6836 1374 1259 5564 8562 2057 3663 6918 7155 9504 5163 7479 3380 6556 9515 456 871 9033 6262 5040 4002 2514 171 2237 3886 2242 8791 3842 2491 6145 8135 4520 4888 993 6489 7029 9627 1677 6349 552 7223 3604 4472 2168 6788 
90 3000 8234 69 1439 769 1722 1106 8126 7823 6706 8741 3026 3812 7199 9885 1943 924 6626 7878 2769 4922 8968 1305 5708 508 3044 928 6609 4827 9915 4741 3434 9083 3405 1156 5848 8288 3758 315 7933 9131 4417 3517 4027 5975 1921 781 7690 4978 8935 6529 3795 6340 405 3392 3740 4673 2830 4149 3790 7495 6668 1780 6541 1856 1864 7651 5510 9082 6498 7826 2850 7644 8569 7496 190 4155 889 3541 2598 2494 9118 5211 5675 1049 2912 2936 5765 8088 202 5260 3298 5257 4596 3900 9253 9200 5906 6926 4752 1306 
91 3000 3800 73 3766 5578 4580 6176 8967 4631 1085 2724 680 3813 5718 7546 8984 3451 6597 2621 8920 9220 6832 6009 8832 642 6932 1912 1834 7705 326 8854 398 5613 2020 5993 4070 7650 371 7556 308 6183 1993 5392 8450 1778 9782 9659 6799 452 4067 7635 2844 9036 6890 645 6594 8679 9408 9126 7046 6465 2419 5808 1776 5158 16 7021 9650 1077 6362 2134 6666 89 5595 1105 4921 1730 4853 173 4696 1455 429 5661 9676 1003 7044 5914 5285 6898 256 1352 154 7070 1980 2661 711 5595 9146 7093 8894 5575 
92 3000 5473 2907 2991 128 6373 1923 1607 1511 6978 209 752 8365 3291 6886 4055 1087 6466 1065 6106 5329 209 6902 8922 3612 1304 6786 1530 5079 3267 2643 2692 3363 3123 5373 6734 2582 1309 2407 2522 1463 4699 3392 5541 5586 2760 3996 3119 7756 6825 7846 2759 6500 2499 6586 3612 2683 5185 8057 1059 4264 8736 2608 4431 9155 7233 7531 7847 6227 9886 9618 4179 4427 9064 5843 2141 22 1444 2175 6507 1976 2291 506 1445 5440 2859 3714 6989 3376 919 8846 8624 6303 4412 8423 2 169 8223 9879 8781 2345 
93 3000 4087 3116 5592 5745 3616 6188 6128 1079 4450 9110 6357 7214 9534 5792 865 9679 9521 4097 4317 7281 8301 4026 6052 6852 1650 4024 7792 6123 9011 5415 4487 4713 8393 4962 8275 3260 4401 5547 5577 659 9386 4985 7309 9437 7723 2952 2219 9247 3217 6045 3359 8491 9625 971 7668 4065 4310 5846 8690 9231 5019 9636 2415 9612 9788 9715 6241 7313 9963 7545 1066 3168 6358 2487 6500 7111 8530 3734 9210 6672 7181 370 4378 3597 9686 9553 298 8596 8747 2824 6085 4213 4167 542 2518 5821 7753 4438 6005 746 
94 3000 1347 8305 5670 5510 7975 6801 3571 1204 6123 2387 8038 6984 7143 381 139 1691 5780 2145 3269 3599 3820 6395 5865 8283 6873 8629 7247 4618 4271 8690 6579 8900 2099 6449 4965 7088 9343 5613 658 5182 7173 5658 7404 7712 1338 1889 5905 4366 7701 3622 8407 4729 886 494 6420 1160 6058 6896 1552 9784 3825 4532 9477 9617 8263 3101 7027 9808 8071 9108 2402 5011 849 2796 8511 8886 496 3204 9439 5712 7744 1355 38 140 3803 1556 8637 5059 7143 841 2884 7598 3397 6524 8714 3240 8384 1883 2434 8073 
95 3000 4266 9971 5940 9160 8821 5548 5058 3034 7852 5138 1006 2321 704 5217 4989 485 8927 8517 5906 4698 8046 8462 1196 6838 2468 1727 802 2609 3507 8919 4260 8788 534 3389 911 8594 5261 8162 3247 5186 9136 1001 3370 3286 3876 7582 2585 8921 5116 2813 4114 7294 9189 257 8938 8785 3023 9701 4756 3068 7177 2832 8082 1357 1984 7046 9455 6780 6836 7388 1779 2872 2581 6602 1792 199 7055 3323 4652 1100 3728 8378 1652 2563 3490 9225 1061 7217 9543 2508 2089 2457 5438 4744 1976 7684 6223 1129 6209 9685 
96 3000 2718 2472 1856 6120 8921 254 4039 7150 2536 9813 5518 5177 8621 1649 9407 2721 6369 862 5017 8414 9010 4707 6815 1118 6837 8279 6519 2175 3358 8322 8312 5777 4575 5162 7178 7461 1387 2766 372 732 5113 6924 2007 1806 6151 1562 768 2487 5747 3168 756 1155 908 3360 5447 1893 2417 9560 4787 1732 5997 3812 5403 6021 6579 9708 3947 1922 5711 7449 3556 36 2082 7031 3446 4143 5175 9551 1624 9076 2044 6640 730 6719 7217 8026 6999 124 5724 7210 2355 5761 9247 5284 9621 3884 5399 2856 864 7034 
97 3000 127 113 8855 6655 3238 5005 1662 7840 7052 9552 364 2206 8180 4276 9890 8886 2422 766 2985 3653 2803 2352 7300 6165 715 2923 5604 5334 205 3855 9130 2826 5366 9069 4032 4679 876 8220 980 1052 5639 8001 7876 4093 9573 1575 5687 3935 3504 6141 7419 2822 2197 8609 198 7349 510 9416 492 8837 2666 4453 2446 1827 4661 5128 9350 702 9789 6550 8227 4434 7293 3833 7548 9453 4145 6534 8073 645 9946 1211 6813 472 4954 2104 4125 6218 1238 9947 3922 5360 6953 8898 7014 9066 3745 1600 7574 3815 
98 3000 7274 2366 2729 1140 872 8484 5270 5505 2315 9652 9498 296 3729 5537 183 1945 4616 1460 4658 2174 8007 2202 8033 8369 9736 3937 1534 2073 849 4296 3968 5609 3126 543 6312 6824 7733 5889 9431 1964 7003 3926 4913 6667 9338 1180 9040 5083 7230 7801 9872 7124 8424 6367 7464 3832 185 8820 7208 877 6707 1526 6293 176 9638 8452 3302 9641 1733 2485 918 1048 3630 4854 1771 6037 3753 2700 7400 228 1340 4748 344 5471 2597 5127 9354 216 9969 5294 7737 8008 4550 4100 4816 4109 1607 5968 525 244 
99 3000 9230 7206 3120 7473 114 436 21 7185 6457 7157 1776 221 7991 8426 9150 4119 3132 3667 3342 8486 3258 7607 9322 8494 112 5330 2299 6498 6327 5463 7308 1788 9082 1488 1927 8456 6876 1168 2116 1391 9434 4112 1182 404 729 7457 1866 2473 5139 9674 1565 2111 6723 2507 664 9864 1624 1025 4005 8936 3593 1811 5476 9928 2645 9266 5727 3713 6836 48 3006 2434 7164 5625 7130 8620 5597 2964 6569 2437 6223 3333 8663 7056 9533 9243 2965 2149 9819 9497 7699 5515 5699 2384 9357 2817 3777 6977 5408 5462 
100 3000 5414 2575 143 6593 6631 6258 3635 5210 1141 8570 3834 8415 6493 7330 1775 1788 3359 9561 9925 7878 7929 1556 3644 2826 7442 7055 5775 1110 8836 3555 4359 8420 529 6747 3477 2648 7318 3071 7211 3015 8405 399 6737 7312 8555 6849 538 7275 2369 7711 7746 2079 1687 513 4604 9961 6115 8198 4057 7962 6679 437 8470 9803 2603 3062 5460 1878 1206 5624 6871 7378 936 7074 855 8532 7518 9577 7093 6983 3235 441 5129 2283 9325 2177 5842 8512 1514 685 6030 9026 8664 1557 6127 9327 4553 4518 1043 8062 
