FILE: 1423UnifS.txt
100 100 0 
1 3000 3527 5855 5582 2803 202 2987 1939 9764 2857 8690 1399 8003 3020 3279 5569 513 4857 4314 8415 453 7888 4471 3038 577 2830 7537 1571 796 558 2531 8215 3863 4194 5951 5385 9177 4328 2146 2988 4721 7351 1809 828 7117 6923 8601 4134 9814 8564 3894 2206 9390 7366 9648 201 9993 8835 9400 4027 5895 2853 7390 8377 2177 773 5803 7878 3536 5630 145 1370 1221 5478 2737 9305 8091 9865 4332 4278 1796 9409 3869 4680 6091 8526 6336 1469 263 1261 8774 8082 6695 256 4392 3453 6547 8841 4813 8170 3563 
2 3000 6245 452 3755 6011 5942 9002 5059 6733 7108 2065 5797 1334 9218 9891 7193 4492 9757 4252 9764 4385 5061 9439 8219 5257 4280 1379 9487 8096 6472 4887 3869 9446 814 9032 9314 8339 9941 635 8825 1354 6417 5892 984 5801 2317 117 3603 1028 1948 5613 505 7857 7685 7673 1422 6141 8940 8693 5026 448 4245 428 5081 3870 6474 4352 9716 9954 1178 164 3835 2766 8055 2404 4635 5069 5532 5199 268 4635 8487 5135 1611 8677 9086 2255 7171 6408 748 9177 1114 9726 5234 8340 4413 2019 2864 7380 9132 5103 
3 3000 5855 2620 5820 4278 4786 694 4045 1512 8189 8293 6045 6748 5263 36 3503 7342 1713 4466 7450 5618 8718 8170 1295 4552 5016 8029 6974 1580 2123 1582 4230 535 2671 5530 3013 1701 1874 2352 9009 2 2115 5052 2292 1303 665 31 9101 6852 519 8084 6741 5832 4364 3517 1615 6049 1667 1398 371 2738 8889 2926 4182 5497 2829 8926 6148 3347 7082 1472 1822 7913 1635 3632 2866 4736 5581 7339 3824 2704 2954 9388 2027 1611 1700 5557 619 7842 5763 2851 4711 8179 302 9877 657 1738 29 5335 8455 24 
4 3000 674 4644 7278 5117 3576 4685 4124 5981 3400 6675 5593 2896 8969 7159 2789 15 7239 7133 9352 6052 381 9294 2602 3088 6000 3402 7824 3505 472 9787 5668 5044 5413 960 2673 3989 7265 1367 4924 6476 10 5257 4827 7925 1016 2675 1011 604 9995 3588 1357 9303 1096 129 9150 5151 8121 6969 2355 7547 2861 9811 6019 4217 6564 2013 7801 9400 4526 9333 6623 154 3802 2801 4446 792 4046 9715 1174 5439 1482 2762 2682 8717 5986 7262 1965 4553 1304 6544 3418 3112 8395 5437 240 5855 1890 1893 4958 8724 
5 3000 9687 6735 3079 3452 5662 1524 9871 6992 5510 4559 262 9081 5713 4997 1870 7919 5625 5097 1152 3981 2688 594 2684 1947 776 9194 1565 766 1655 7194 8938 1834 9573 4228 649 5305 8980 6143 9021 4525 5359 5986 7756 8590 9202 3135 9966 3031 3090 538 9319 8618 1912 86 4323 8302 6206 6111 5724 2263 8622 7006 7036 1103 3512 4968 8190 7148 9644 3874 2316 3888 6045 5276 5639 3527 963 2519 515 2675 3957 2989 1574 6152 1114 8487 5004 8923 3385 3718 952 6155 8055 2921 9047 1404 3327 4607 7061 2918 
6 3000 6043 4435 2676 8079 2518 6208 8394 5952 2509 989 9562 7976 6303 4355 5524 6767 4933 1763 3898 3059 3515 2044 7979 753 7718 9032 7267 109 3347 1301 1117 9050 9066 43 5520 2597 2230 5060 3002 426 7854 8888 5652 2555 704 9040 1277 3150 507 8381 2674 2458 297 3618 39 6868 7874 1929 6489 7093 398 5703 6718 4480 2102 5413 8770 5439 5132 613 8947 4009 3512 9057 9831 2537 235 3949 1439 485 7476 9308 5502 1368 9931 3470 2864 7810 1287 706 4010 4729 3804 968 2720 642 1038 7763 2845 7104 
7 3000 3674 4145 8210 6263 8496 6839 5642 6544 474 8485 1119 6458 7977 8011 9053 6537 1120 9128 4686 9390 3221 6953 9623 7888 5393 2751 480 1472 4264 6810 664 589 2809 9437 5274 9246 4321 74 9131 5699 9495 4552 7924 1255 6651 456 2496 7213 5064 622 6238 9918 1439 4762 5624 3944 9491 9205 3856 3407 2669 4771 7648 1393 9988 2766 7122 7521 4999 9106 8842 3625 7876 6556 1961 7561 634 5111 7501 5144 5465 482 753 205 6205 726 6808 2771 2924 985 9206 5381 9641 6362 1716 7514 5161 2914 3236 8148 
8 3000 7044 6774 5822 6445 8692 1401 5838 562 9566 2941 8237 4579 8523 3736 3962 3561 283 3935 469 6741 5018 1245 5387 8830 1068 8799 3289 9449 780 1157 5598 686 9470 8423 3614 2783 7520 8490 4662 7944 5586 7415 1376 2265 2940 7915 4098 5797 8936 5983 6403 728 7599 5639 3756 7690 5340 1801 5286 197 1795 1277 8691 7197 3791 1892 8263 3762 2436 9728 6040 9891 3332 4499 6087 7449 9917 3046 1893 5223 9929 959 6904 2104 4994 2322 8170 8397 3345 7583 3128 5256 5659 9553 9498 2241 4021 7524 8315 3003 
9 3000 4016 9519 81 9090 9943 2659 4039 1882 3155 1660 581 2651 3524 5458 6767 742 4028 1948 4988 9884 8472 863 4733 2624 2322 4763 7499 2880 6673 8162 4814 6631 5336 4768 9390 726 5058 2862 9403 9809 8856 8786 5892 1389 2485 8569 3288 9016 4028 7671 3066 3590 6609 8857 523 2798 4235 8187 4679 8672 760 9145 1305 3269 1973 4880 9077 2484 815 8576 8849 7980 5720 1953 6061 7250 2077 1886 6261 1798 6820 5146 3763 3448 6146 1282 3417 8778 6350 3605 5519 1679 7797 8317 3834 4040 2001 1757 6747 4551 
10 3000 1853 5766 1546 5643 4949 1191 1819 8544 62 9499 7982 6462 6730 2527 935 5894 7970 354 8835 6060 6118 7295 7003 6462 1796 6020 945 2565 5999 9805 2510 9611 5310 2901 9165 4545 243 9028 6398 6081 6705 8000 3244 2881 584 468 939 9864 5470 792 4697 2644 3490 8036 8611 81 9273 5094 3682 4970 7042 5928 8971 2850 826 945 5875 8935 7805 495 5531 3171 4768 6483 9343 3427 7709 2124 2634 6794 4536 9811 1423 9026 917 7110 2327 2096 9240 882 5592 9876 705 9529 1239 1954 539 3368 8346 5560 
11 3000 6335 3119 7451 5626 9517 6537 6075 2974 9930 3148 7377 619 3556 7128 1932 8206 3350 8293 2634 4568 3211 1225 2718 8407 5066 2515 6921 7109 9088 6134 5749 3669 7034 6932 2890 1756 8714 2255 5733 8895 1574 1695 9024 7775 3418 4960 1646 5681 8241 7866 6513 2057 5200 6466 3607 4186 700 9288 6124 999 3610 7711 9753 5009 3604 4461 5080 2371 2623 229 3112 1063 9468 8420 3935 7196 7511 8024 8482 9449 5540 4609 3447 1625 1720 9446 9302 3336 684 6753 1455 8811 3746 9066 4528 3829 2246 736 9753 782 
12 3000 4008 9550 5509 1850 2936 6477 965 319 1724 3536 2863 9 7699 9800 5418 2832 1785 5507 3348 4480 593 4314 8023 8229 1633 3665 6743 6878 1660 3287 5143 2799 8132 1811 2717 6131 3805 1519 1472 1080 4445 1214 7706 357 9669 7218 6910 7738 6910 2490 1792 8740 8504 3876 3435 9441 1911 7476 5570 3401 3049 2143 1981 6733 2760 1103 7031 1277 6402 1702 9314 5913 6564 3274 8433 5994 8902 3143 4903 903 1106 739 3176 9741 4994 9843 7797 5130 1718 8965 2678 5149 112 9833 3501 3395 8154 4018 3247 7163 
13 3000 7553 7679 849 3754 1469 4434 2964 4915 5347 6355 8881 9389 889 3093 8547 3605 3137 9119 3718 482 692 9098 2236 6369 9053 1386 5433 6095 7079 9647 8660 6160 6584 2605 4933 6040 5047 1908 1718 7620 1457 8132 827 2756 5272 4896 1450 8954 8511 1109 6305 3184 973 1344 915 3809 8570 4332 6012 644 4798 9584 3063 3143 5320 2134 2924 6705 5690 5416 7614 7107 2183 2254 5222 3064 5768 3988 7928 6913 9192 7716 3165 3421 7199 1668 7884 6716 9867 8700 5969 5352 9074 7918 8753 5484 8089 4421 8680 2184 
14 3000 4284 7173 6074 8873 4976 5001 9048 4874 6391 713 6528 1104 5755 3346 4405 3878 6508 8537 4814 6840 6643 7019 8536 1029 172 1243 524 3056 1716 119 8557 1415 4218 1896 5017 916 9786 5150 1790 5247 3655 7910 8294 7651 1278 4902 2634 9740 8540 2918 5875 8428 5101 4319 9447 987 856 8649 5671 8232 5528 2384 1414 5831 1382 6802 4863 3735 9066 3983 5427 3742 6573 923 6771 5175 1335 1788 2958 8694 5433 8278 7736 8228 3941 8129 6933 1036 6388 1729 3989 5886 1350 6869 8608 9369 4164 1608 8531 328 
15 3000 7766 5277 4445 2421 6660 7594 8004 4801 4004 5910 2985 925 1826 584 9567 5489 4364 8478 1727 9486 4532 4575 7773 3390 3509 1728 3995 8464 3452 8531 1442 6193 3338 5313 5824 5845 7928 8263 537 151 9860 1671 2823 9118 4856 8303 3038 1957 72 7896 7061 7148 5553 3778 1818 617 8831 7616 3935 2051 2635 2287 1516 9327 5732 2870 9046 1073 6892 5773 5417 7349 1980 5975 5078 8459 4164 2400 2320 1882 7265 1411 8668 7332 2214 8430 3418 9941 6643 7688 7283 1567 7602 93 9173 230 7400 9226 6096 7666 
16 3000 2566 5465 6187 5017 5939 8228 4859 6633 1888 6344 4081 2011 4646 6553 4780 5849 9778 123 2369 6234 8769 7597 5398 947 6742 1666 7332 1898 3294 8162 1454 7685 6462 5182 8893 4279 9815 332 9772 3827 2666 6101 7493 1593 3415 3352 6130 1010 6009 2949 966 6870 9538 5498 2136 6626 943 9223 1413 9830 863 5956 2104 5691 2594 5264 2079 8757 4182 6693 9926 2725 3637 137 4224 2375 7273 4336 5950 3625 1171 3499 4003 1721 5774 2045 3856 7540 3594 7480 9337 2024 60 1388 7527 8743 7477 8555 6791 4575 
17 3000 2118 4215 7926 8514 4440 9420 8445 8605 2421 4536 9973 7005 8028 866 8776 3161 6804 393 9415 5124 584 3655 1523 8978 3335 5737 9707 6403 123 395 6573 355 9199 2302 8882 8878 7213 7416 6826 7033 7562 1479 6430 6960 1843 6640 5078 6063 4454 6195 170 3314 300 7464 891 3690 5641 2782 3125 731 2048 8627 7470 7222 3500 2858 400 4003 6596 92 8537 6904 3894 5197 6055 1801 380 4915 5207 7800 3050 7606 9978 8546 3633 1124 2862 1659 4427 8804 4764 6287 7263 3592 8028 8797 5598 288 2588 6575 
18 3000 9726 5915 5247 9969 5121 8217 2079 2338 3902 2281 3955 8244 9418 5281 5197 9755 3970 9351 5354 881 9645 2580 4107 132 2283 8132 9291 1203 8568 1496 8053 1780 6242 5851 1127 474 7444 5569 235 1882 5173 7830 8618 9769 2886 2373 4684 8376 7201 9363 8789 1856 3746 5391 3135 1827 6122 7589 4803 3065 7989 5886 1902 7302 8284 3368 2846 5167 9562 4783 8756 6243 9458 3155 8992 7248 5278 4537 9798 8346 1713 877 6085 7580 1682 1015 6332 3433 293 9805 611 5504 1934 5363 1744 3328 489 4432 9574 3298 
19 3000 2678 5887 8374 3732 4519 2347 7370 8053 920 9928 4394 6099 8396 6109 2663 3554 903 5732 679 9508 8810 5121 5259 2145 981 4330 7685 2542 9997 7511 2982 6613 493 1412 2322 5160 620 1998 8549 2059 6640 9199 4832 572 638 9775 6443 7773 1362 8321 5660 7116 8186 6380 9792 9109 8205 9693 2333 132 6446 3570 7239 9361 9207 6386 6331 3836 525 1200 9822 1638 1764 5504 9967 3199 4329 9094 7844 737 5508 62 3256 5814 7436 8922 7754 5021 9184 855 795 3781 1975 6077 9015 8290 7523 8338 8635 5573 
20 3000 9498 1544 985 1663 8116 4499 1158 7916 7855 3781 9787 5443 8293 4733 7950 7666 8072 591 5191 1002 1992 9721 678 3676 1222 998 7480 2649 6640 7298 9965 8679 5302 7122 4332 9507 25 4337 2261 1160 2107 6053 7692 7390 7168 8615 6724 7230 4109 1727 648 677 7207 695 2091 2502 1326 6800 4304 4184 261 5796 3554 3966 8200 4526 4659 5043 4315 5673 9635 1865 474 627 9478 4576 2085 486 9062 1567 2061 5172 5169 167 7904 681 7641 5445 1926 4451 3657 7144 4587 8860 5135 4744 958 2848 9261 644 
21 3000 313 1661 2137 1467 8842 4721 5565 7497 5495 1626 6944 239 940 6269 2299 8097 9660 9084 2434 190 5161 7416 2209 8277 8318 4020 2940 6824 8838 3680 7931 1184 9845 7955 1124 3901 5602 8050 8874 9154 2348 5814 4854 5305 2261 2859 8084 5590 550 7808 4079 6922 5669 1663 9129 6831 2657 1306 7701 8517 9603 1113 2967 4034 7237 2709 454 5604 1642 2831 4824 5043 97 9329 9775 1326 37 5283 1069 6267 1151 1257 2683 8329 588 5659 6088 4555 1303 3245 2651 632 3518 1740 9161 9069 9316 6579 6483 5510 
22 3000 351 3782 1334 3163 8691 950 1187 5363 782 6385 2297 6253 4539 6335 853 9594 9558 369 7256 5696 458 4869 3522 6481 3347 4651 3810 8662 5408 2717 8070 5055 7617 8119 8826 4012 583 1958 1075 6976 3510 1505 5315 4171 6291 2448 3696 8403 4717 9262 9302 7002 8824 3705 8547 1873 4352 1440 6708 7685 7338 6780 6572 8176 1829 5559 219 588 723 6130 3920 8226 9734 8485 6166 1142 4481 1498 8821 4943 704 8303 1396 7721 7602 9784 8458 5120 4298 6197 149 3511 9433 6920 5846 1306 3876 8318 933 8388 
23 3000 6563 9747 6705 3673 3468 7667 3397 792 9688 7891 6334 1898 4658 5960 5209 9602 492 5634 6487 7032 3449 5514 8930 6014 8520 3792 2250 3382 7146 1115 8887 5411 8054 1588 8912 378 1226 1892 8051 9241 4986 8531 8843 4454 6216 3200 4910 6893 3696 6285 8367 920 4567 8484 345 7567 3924 550 4641 5839 7527 1164 4502 2155 7646 2932 2523 7901 2021 6504 3675 5115 5952 2821 1455 297 7519 3488 7170 6340 5915 9266 2331 2594 2917 6698 4188 3042 7471 2849 4377 2614 3410 8184 698 1619 292 7558 2022 8303 
24 3000 7367 9343 6312 9535 662 2667 1778 9611 3204 2793 1157 7194 8350 4607 9110 365 6262 4247 2755 9813 3488 8843 5314 141 5682 4390 2895 9299 3443 1746 4390 6145 1277 751 4507 6125 9693 2473 9919 5084 410 9580 8542 1200 4703 4837 1938 5042 4866 7724 841 7752 8801 9186 3811 7355 7732 4500 9012 3195 7048 4275 9110 8486 266 3570 9307 1007 6119 9142 8486 1900 8776 4817 3496 2609 1175 4985 6546 9938 1493 6221 5740 9233 2736 7033 8725 5694 5449 5731 9469 3803 3561 6424 8164 4889 3347 3142 4255 2805 
25 3000 5519 2080 2586 7745 440 1971 2687 8167 6466 2580 1167 862 1407 1329 7247 9129 7119 8037 1413 9091 7221 7799 7186 4123 7931 1973 6035 7412 2033 7308 5396 2642 5967 3190 9827 2804 42 7007 5286 7123 1778 7652 6533 6125 2370 7140 7659 4813 6276 354 5732 3983 3937 2921 7584 9652 7610 7200 9705 617 339 6411 1275 4141 8040 6877 315 9763 4720 8394 2962 1225 812 2730 5878 6537 4647 245 1768 6158 7034 4637 8041 9306 8986 5813 8582 8388 2550 886 8657 1564 4778 3293 2938 3425 4815 45 6658 3807 
26 3000 4112 7097 9887 4720 9770 2843 4932 5409 1001 9737 6870 5537 8719 4041 7196 6494 8256 3694 600 830 5201 4309 4873 9814 4364 3294 3929 9117 1866 2098 3965 2623 357 6584 2729 4357 7352 5521 1930 8551 6696 7208 2761 7822 3157 4220 4555 9483 136 6279 6558 9975 514 1249 2835 7427 609 4257 294 2340 7271 4941 9841 6395 8095 2821 658 9384 4760 792 7602 4275 9496 6749 1735 388 4673 3328 3976 4709 5515 5785 1876 1321 5941 7984 9526 8964 7529 6523 576 6717 1606 2979 4395 7809 4463 4276 5345 1550 
27 3000 5694 1187 5182 3391 9664 4952 8587 3107 95 2020 1815 1108 7782 6930 4474 2867 1433 3296 4428 1485 1637 2935 5821 8371 7946 3114 234 2051 9100 1914 959 5101 6357 1735 402 9208 9964 908 612 8352 8748 3450 6930 114 2824 6929 4772 5110 9442 8461 9524 4551 1946 8834 9574 5925 1869 4752 2465 6805 4145 9204 4170 6786 5448 9964 1494 7538 5660 6210 7604 996 2459 3272 680 5664 9031 5500 5689 1049 4917 7261 9296 223 9970 2063 7880 503 1449 9797 8696 2259 4236 2110 4148 5853 4170 5904 9191 6692 
28 3000 4516 4950 1860 8413 5553 9641 6920 4193 7292 4859 2646 6182 5311 5974 726 3061 9722 2962 9283 5726 7264 2652 9035 1097 6513 9101 2564 4051 6223 2084 6726 7479 6794 3719 8173 474 4858 3210 2008 4636 995 9724 3563 8506 574 3379 3297 125 7717 4373 4830 7719 2390 224 6088 8505 614 1144 3586 5626 7809 3534 9830 3211 5259 1608 3838 9554 9698 7135 4803 8430 6028 7310 8859 8520 3158 756 8992 977 2969 1639 8064 5104 2402 1915 4963 2168 8677 1704 3886 7328 7629 7783 6736 9697 5175 211 8652 525 
29 3000 1901 7069 6660 9509 781 7336 1454 9222 8014 1885 2293 7676 6989 2601 5030 9005 5377 9630 3268 2272 5342 6749 2632 8404 6884 4861 8176 5249 4304 3618 4907 761 5792 1166 1439 4309 6142 2017 6769 6109 2593 3044 181 4783 3794 7601 4274 3044 1891 7774 1109 1503 7746 4745 1495 602 9275 7296 7384 677 2912 8421 7400 134 8198 82 5495 1766 5500 6071 2723 7180 6846 3012 2141 9359 9895 9481 6840 3345 5020 3250 1095 5045 5529 6660 4645 8171 1004 118 90 9291 3760 3713 3425 1018 8444 6970 7688 3316 
30 3000 4743 6713 9736 2934 3225 3069 153 965 4307 3582 6273 8530 340 5463 8333 585 830 5960 8751 7858 771 855 4529 6903 2114 1085 2778 8285 8358 7484 9373 2893 2260 3662 728 6367 6681 6995 8701 1660 8543 7747 8618 9722 5928 6318 430 8309 8286 8612 2984 8912 9777 9539 1432 1822 5737 4628 7753 9309 2264 9779 4408 6934 8941 9134 1119 2978 4664 1068 4766 6006 6618 2317 2421 546 2360 217 7493 901 5037 3083 9013 3080 1725 8697 4031 4859 4892 935 3144 3963 6990 4510 9152 4373 8172 7845 8829 765 
31 3000 7126 4069 7833 1062 5044 134 8725 7123 2712 4067 2131 3547 722 339 1009 4611 2814 3359 8059 9325 2343 9097 6248 4619 1862 4830 2460 6647 5844 7013 4278 226 6518 7275 9881 6390 2836 6539 1077 8076 2559 7271 9450 3933 7478 3848 5641 252 1747 1054 1749 1030 3353 706 6859 6151 8705 6394 5692 7691 344 6354 386 4360 7792 4467 5395 4050 1507 9375 5520 4530 9979 1733 7058 2244 9945 9575 2079 9252 9724 1813 5833 8286 5688 9855 7271 5932 1845 7356 2703 3941 2562 8085 2572 8663 8398 1923 1357 8603 
32 3000 5070 8984 601 106 5547 1859 5062 1166 5261 5989 1994 3359 447 8163 3543 1901 9609 3134 2280 3834 8110 8370 9852 4332 5886 6923 8757 1135 8287 8424 7248 7109 40 8207 7363 928 2340 4551 6070 5884 3065 4055 9554 6820 116 5134 612 5187 7881 9635 9181 2232 6825 2591 5996 299 6205 84 9360 2273 9912 5248 5052 9128 5430 2385 9351 5619 5934 9214 5189 4085 5496 7241 1431 6384 7433 256 5271 3955 5768 951 7769 5997 9816 5673 2492 5779 1908 7286 7302 5075 8222 6175 9251 6722 2754 9361 2611 5302 
33 3000 4404 7753 27 5953 7192 1513 6793 1299 3600 3557 8255 6515 1032 1174 338 2503 1410 5770 3198 7206 3882 745 8002 5040 670 7484 6827 4451 6025 9477 5688 3600 8327 4572 691 4173 5292 5338 7311 3313 2316 7568 2794 3677 3939 6894 1683 1624 8432 3537 4471 3517 5518 5178 9381 165 7206 7954 7263 9375 1758 5574 9626 6636 780 6575 9788 3933 9435 9684 7155 6674 9784 7317 4622 8753 7251 7203 9100 5731 209 2128 5169 6147 2703 7802 1858 949 281 8864 2541 1054 8965 2995 7970 3033 7338 3167 2426 2917 
34 3000 1760 8015 2995 8130 4705 334 1970 7552 6232 3695 2383 9699 8567 7196 6649 9031 3826 8334 8353 389 4847 3995 7143 1550 9161 9580 6765 3914 6078 6251 6212 1310 6904 6301 4000 6929 8279 6648 5572 8385 8645 459 3827 899 7833 6898 2769 8605 9776 8990 4286 3983 8355 9624 8052 5423 6359 5672 4557 2903 7575 233 1254 1798 2007 3006 1841 4819 4209 8788 8660 2063 4756 4089 8227 9206 4831 1886 9885 3804 3941 4487 7577 9731 756 4532 4751 9734 7072 4112 2390 6122 4907 2016 159 9568 6707 9099 687 6048 
35 3000 8694 1783 6965 1897 7326 3676 2879 6992 8889 5315 6856 6065 2211 2042 8645 8129 4501 9998 9222 4043 316 243 3809 2193 3648 1004 8035 2303 3143 8046 7208 7364 437 3164 8721 3696 1621 811 7576 9131 1833 2839 5038 9322 2974 1372 412 2175 4541 9801 5946 410 7602 1906 4858 2242 1876 9103 2488 191 5954 5813 575 8015 638 2959 4660 5771 5402 9587 4614 2995 7989 2613 8289 11 7118 4693 8296 7368 8328 220 1908 3396 2945 9443 4084 9889 166 716 3627 5915 2279 868 2457 9750 2998 3697 8015 8934 
36 3000 8935 6595 8788 8457 4183 5291 2967 7068 8032 6723 218 1706 5813 35 6588 62 2859 5695 2530 1259 1595 2748 4059 4663 1755 4177 7024 6816 3720 408 4517 6494 4983 927 7393 7891 9741 4027 7930 1928 1605 4678 6598 5687 9447 524 1970 9969 6357 6005 3742 4975 1739 4602 8891 4120 6522 9207 946 5961 1503 621 2399 4261 8810 4176 224 6169 6489 4476 4533 8527 6226 8275 355 2309 4180 5468 2536 5176 4952 8215 3765 2159 8673 8184 5730 4470 1219 1925 3393 6434 7550 4366 2394 548 8178 431 9575 664 
37 3000 8754 4791 6635 3300 2783 9731 6910 7070 7465 1146 5268 244 2660 2665 1143 6435 2975 7897 4685 8400 2983 798 6035 9982 5561 4171 7734 6163 3352 6287 241 1251 3361 5628 594 5183 4665 3762 4182 7968 9252 6336 9649 2235 5992 2198 6922 3925 7720 646 8362 1095 1455 6792 3042 854 1737 5066 4151 4419 7096 834 9518 301 9638 140 5266 5612 7760 7586 2591 5500 1993 2318 7661 707 3963 2156 4646 3253 8484 5835 1869 241 8771 3374 1084 5797 4780 4581 9879 1124 4673 5663 7200 2687 9410 3982 2010 8521 
38 3000 458 919 5058 2666 639 2872 3787 7723 8087 381 360 5541 3345 5368 2813 6023 9572 6512 9330 4060 5891 2744 5648 4590 3847 4868 5583 5783 7002 5308 4682 347 3647 5977 7001 4963 2640 4277 5008 7842 2377 7214 2609 4414 2877 3650 1302 1127 996 4671 9451 7390 8771 2085 4693 5628 4882 5039 9461 9462 9243 4772 9640 25 715 7479 6342 389 7949 5311 808 8126 3347 5497 2439 5993 157 7585 9943 738 2681 8819 5616 36 9621 7633 2744 7547 541 5269 6129 6097 5456 5529 5741 8991 7551 2640 3499 9442 
39 3000 9015 7255 3169 8134 11 571 3394 8902 761 6577 3844 2542 6766 2422 4496 8746 7142 6917 8035 6159 6087 7149 5381 561 7470 3232 4343 1180 2545 1178 1394 5121 791 3888 6574 9927 3881 280 1519 4263 2765 2531 612 6724 7890 1448 5260 2768 2536 9967 1298 9774 9285 4771 9514 227 9609 6037 9304 3027 6584 5308 5445 2922 728 1488 8004 8066 8973 4964 5358 5701 6746 9850 354 5971 3191 4363 9578 3849 9503 9313 5766 9202 399 4727 3322 4967 8701 4598 6980 3469 3057 9749 3573 845 8777 8836 6942 9611 
40 3000 1799 7465 5958 9338 5780 5440 5678 5467 2308 2133 1621 6239 4246 9982 7170 7754 2191 6109 4099 7156 4071 2068 6229 3941 7853 1716 6197 9388 7388 7210 5370 4123 1373 3125 6862 3797 5442 8704 1691 2898 7380 8227 8058 6684 5464 9506 3743 1241 9926 508 1642 1666 7545 4102 8408 8377 9361 927 6239 1548 1514 390 7772 3662 9210 9786 4116 201 3810 1547 6001 8449 3046 8609 8058 4433 4359 7912 6219 7972 1367 2017 8244 5870 3450 8855 7376 3215 8469 9598 9116 2823 8604 4655 1129 2789 9321 7790 6264 2173 
41 3000 1459 8373 8716 4807 6444 1748 3293 1234 4633 7730 7828 8760 6778 7226 8700 9640 8611 6980 9488 7389 8566 2446 2750 1212 8612 8784 4924 8565 8223 9978 4353 5836 1465 6086 2441 7157 7212 8610 7932 1336 2487 3990 4304 6914 8923 5228 306 5352 2356 1632 3604 2336 5541 6689 7561 7213 3987 4057 1139 549 4927 1692 1925 9813 9404 4091 2286 3184 7490 2662 8644 1485 6621 4221 3879 8244 3064 7615 2856 7876 6510 8466 1080 1989 7782 2042 6468 3823 9680 4253 4256 803 947 775 5027 5228 3354 4292 5857 3073 
42 3000 1916 9870 4600 930 8237 8452 7285 1062 6967 8479 8646 4587 5399 5635 5773 2786 6178 722 4891 6541 3144 5651 1259 3888 298 7567 2203 5703 3889 1093 3262 9511 7629 8702 7470 1420 1036 9213 7755 6178 895 4411 2470 5357 5849 3794 4041 3662 4117 7447 749 3365 4329 7031 1629 6862 9493 4911 4498 7361 4086 1399 7108 7683 4268 124 1423 7202 1219 1532 1021 6902 7610 4502 1623 2559 7187 6098 4742 6051 7489 9433 4465 4792 5686 9672 7350 9288 7545 8149 5458 8826 9522 4613 2503 5274 3970 7603 3130 5024 
43 3000 7488 2939 5316 9045 2378 346 5900 1067 1239 8199 9233 3890 4682 6397 8955 3821 2167 7353 2902 3226 5969 5121 1126 1220 8272 2641 7054 2470 1376 7106 1760 4135 1043 3463 1372 918 2961 6033 7596 8253 2331 8254 1371 3615 6585 555 9642 5950 1222 6353 5269 3236 8778 6171 49 8166 912 9886 868 1957 3623 7099 8983 6282 5586 5635 2421 3330 9624 8156 1506 3991 7289 6915 7513 4160 6585 6625 4445 9177 2803 5452 3934 6379 2485 4139 3270 5789 519 3252 6553 8920 350 8550 8970 5713 7318 4482 4196 9593 
44 3000 5129 5805 4925 653 5440 7338 6518 6962 573 1824 3783 4000 9361 5929 878 2215 6105 4369 4335 2709 2670 2145 9217 1044 3696 4925 8390 9177 4940 7534 4930 5518 4742 574 7648 3113 8609 5177 9742 5956 6937 5867 577 3417 5847 1564 584 2805 1150 4700 9289 52 5439 8468 6466 8516 8299 2191 6413 5922 9654 4820 5354 9414 6224 6554 1969 8744 1122 8585 1044 7577 6565 972 247 2926 9713 8635 35 2710 1636 5476 6677 1439 9403 6626 8409 4020 1299 8815 4709 7695 5159 8871 8702 2092 9840 336 2684 7418 
45 3000 9807 8218 6779 761 2846 1856 712 525 909 5922 8712 8990 4074 9538 7543 2994 7639 3522 7652 2743 2333 5764 7448 8744 7658 4715 705 6863 8355 1013 7088 1509 3988 7229 5807 6943 1669 5736 2392 6712 1887 4705 8599 1205 7480 2227 5433 3339 5723 8562 9303 2369 3541 6503 1300 5818 5853 9881 9596 9537 7030 176 4975 5890 5493 1273 9483 60 1422 2328 8208 4485 7597 8762 4178 1416 3366 1387 6391 3599 1730 3649 970 3085 9561 7001 5434 8165 943 4398 6107 8426 3630 1917 8640 7934 8647 8505 1667 6546 
46 3000 2994 3849 3579 9343 5492 4372 2430 4184 5747 7357 8963 7395 6237 3188 2759 7576 7533 5724 1522 7533 6630 797 3472 4338 8419 2828 2879 7514 276 9578 8714 5338 9774 5015 6425 9283 5522 316 2839 6569 1135 2981 4192 851 2321 4083 7279 1027 7093 3639 3732 8170 9115 4106 7421 586 4161 2000 4986 7002 9708 7646 9483 7870 7650 3045 7166 4803 138 7873 7387 8132 8545 3600 5625 2591 5556 5739 9637 1124 382 4213 8734 6823 7100 1854 6189 2979 6118 1026 4756 1273 8767 8364 5331 8079 5011 7654 8723 8901 
47 3000 4292 821 557 933 9491 7056 9306 3736 4020 59 7439 8053 2038 3411 5699 2741 1785 4072 506 9828 2055 3997 4485 7698 1780 9887 115 2399 2746 1059 6514 7077 5434 5440 9330 9533 7985 3690 3781 7910 8289 1448 795 4499 9199 9702 6297 7673 6873 3288 3606 1944 2236 7505 8966 6152 5573 2869 193 9767 4243 7977 8460 7326 3517 509 3190 992 543 6344 93 1236 1439 6810 2310 5647 1505 4052 4696 5865 8563 4531 1221 2637 9423 642 5495 9007 9473 463 4423 1617 5392 5625 4981 148 990 7308 4118 4871 
48 3000 6176 361 1788 2338 9045 5550 7092 9184 1093 9928 7568 4066 5557 5330 1583 7718 8882 4999 3867 1136 5306 8325 4160 1887 4580 3720 8996 8541 2806 9616 6598 3231 6400 3582 4910 2338 9185 9572 2750 5295 2603 3296 4082 1524 9057 5716 5425 5497 8374 4669 6377 9912 7397 4608 3264 7010 2696 4479 5926 8002 6415 3713 7611 632 5227 6349 8006 4859 2434 3280 9389 6664 3173 2623 5908 9988 2763 8218 5980 6785 8165 6243 7819 5209 2573 9967 8092 5922 3130 2617 3691 6530 1768 8376 6640 4134 9172 1503 2119 6024 
49 3000 1869 3578 9619 8479 2443 8877 7217 3705 2877 7864 8979 4892 1017 8813 5489 9398 160 7556 7500 60 1769 5353 2710 4622 1318 4887 5667 3299 7248 4386 795 4457 3065 9872 8545 8424 2549 5524 4677 9422 8100 2184 2655 5629 2195 3970 9182 7355 1984 3029 2846 3359 7003 2402 5903 5277 14 7023 9175 186 968 2841 78 1280 4099 4064 3776 6685 8133 8530 7459 6390 9633 1207 7740 7306 9462 5808 1192 6450 2372 4541 7989 2253 9720 5982 8691 3993 5309 1065 4146 9356 4347 7209 8513 116 5547 559 5419 5947 
50 3000 6331 6363 7232 6354 1176 7462 7468 734 3081 916 6314 6558 8149 2747 9284 5680 3309 810 8993 8768 7152 5792 63 7870 3898 331 7146 7089 485 6263 6081 1396 6782 9989 8168 3564 8933 5980 7570 9224 5817 8388 1844 52 8642 799 5590 5073 3658 4101 7229 100 7996 2483 8908 5289 8635 7550 9522 821 4490 578 870 718 1626 2876 6935 4767 1602 4289 6278 8586 2933 9815 7576 1804 5677 4353 8264 4370 9156 5574 6320 987 2792 4917 5163 3672 71 6708 1684 2436 5637 5409 7393 4098 5501 989 2703 9212 
51 3000 387 2418 4326 7131 2193 9288 5805 9188 3580 1563 1163 5 692 7445 1684 6927 8991 9373 5812 7580 2220 8145 2178 5557 4502 5161 5758 4222 5545 2796 7143 8646 8987 2897 4945 5669 3860 3400 1326 2076 9178 3083 645 913 1655 4430 1242 5917 6543 4632 335 4075 1596 4705 2050 6306 4163 6738 8572 6275 1398 9264 4424 7318 3605 755 3869 7510 698 1243 1434 2842 1796 2068 5568 8532 7933 3747 5414 8457 7901 1972 716 2716 7213 1728 4843 3308 195 9544 942 7942 5198 3859 1217 1976 2940 3521 9329 8466 
52 3000 7971 4407 5924 6359 3260 4171 7288 6795 7914 5112 7120 7544 8014 5172 1438 5564 583 7057 6604 7683 674 5483 477 9410 1583 2548 6691 1867 8195 1225 2057 6847 3442 6986 7091 9999 7898 7548 9663 2139 2488 742 1779 8677 4336 512 9482 7180 5722 1033 5876 3057 6176 8961 7282 3364 7693 3798 2516 8739 3071 6396 5287 3463 7376 5570 9729 3637 2534 2851 9051 3499 5043 5354 7313 9852 6816 6771 4331 4624 9141 6499 3704 5551 9778 6880 3966 4989 3166 8576 2862 6842 3768 4063 4751 1624 2535 9252 1135 9644 
53 3000 6495 3237 4308 2311 1468 6164 4139 1569 7905 5228 7967 7456 9856 8795 3635 3790 7055 8645 5637 1971 140 348 4399 2922 8988 1755 8681 7143 4184 9623 1101 2894 1608 4358 6793 2510 151 2890 5179 6825 2556 9663 4874 7738 9380 5764 1712 8895 6085 6161 9901 4496 3255 5082 6297 6228 9932 9503 7809 8328 86 775 1925 761 2198 4370 363 531 1982 7748 5853 1118 8219 6355 2032 30 1726 7747 6480 4490 7442 3832 6866 5248 9648 1243 226 8508 302 9834 5369 5991 504 9301 8400 3116 5092 3926 1375 5311 
54 3000 348 5455 4079 2447 4845 4083 8925 1391 3408 7587 8985 6699 4204 8562 9139 9415 8959 9800 356 4010 6297 7779 7091 3442 8204 4290 7821 2333 9616 6182 8687 8285 1139 3228 279 1309 4886 4127 7536 1384 3440 625 2771 4143 1946 9756 1828 4680 3327 4218 3356 9482 6621 867 1210 6491 8447 7337 9983 3286 7596 6790 3656 3388 2743 783 7372 702 3292 266 2346 2068 3335 4703 3884 7947 8745 9318 2541 1230 7390 465 8397 4172 2473 9126 8457 3450 8998 2532 7182 3346 3357 3906 139 7057 6049 338 778 6126 
55 3000 7516 8779 338 8004 7108 163 867 1733 5177 1651 1384 1750 8286 7007 7148 9828 7555 5087 2064 5129 120 6467 4212 2388 3728 8183 4494 8225 4446 6609 8417 5577 7507 8445 994 6253 1271 9846 4767 1624 4317 3661 965 1426 5655 4811 3780 698 8068 3779 7765 4837 4578 8233 8367 2784 8032 2777 5578 8330 3821 6813 709 9553 5717 544 6297 6374 4839 9094 9128 6243 1743 4752 6392 7944 1635 7344 4962 3531 2714 2730 3791 8387 7635 9424 9444 9407 8098 3341 4749 1306 2565 667 574 1053 7098 8855 729 430 
56 3000 9325 5750 9994 6714 5529 6828 5272 1488 864 573 9864 7573 2693 1971 875 4088 7054 4130 9737 9631 8250 8029 5865 3590 1565 387 3432 5575 9101 9658 1273 2979 8743 154 5912 6659 6254 4293 7712 4744 482 2964 157 4574 1706 4030 2249 2751 3099 8943 4040 3328 5315 7497 5281 4116 4210 691 7202 1117 1676 1731 7411 1083 9607 5150 7925 2201 6992 4051 6320 2899 127 5485 10 8781 5956 3937 3646 7686 8534 2956 9649 2871 8620 4898 1857 4320 6389 8795 2305 8176 7274 6354 1125 4302 929 6077 9579 1964 
57 3000 3319 5508 6203 3637 1937 1601 6093 6943 4142 9221 3299 4705 8622 7759 6359 3135 9990 5886 6950 8138 6491 4415 1660 9752 848 7306 6899 4698 4225 779 6918 7070 3313 567 4969 7144 552 7281 7575 8306 7466 9911 1939 2117 1128 7445 6465 1490 3751 8616 4416 2006 5404 9770 688 1341 9849 867 1713 6829 3507 9597 8488 1143 7549 3632 2725 6106 3110 990 6128 4621 9630 8537 2799 733 6315 8606 4761 7811 6731 3742 613 4858 6517 9575 7308 942 4226 5815 5052 7757 5289 5373 5334 306 9103 1608 2078 5708 
58 3000 9250 3695 5920 133 6834 128 1611 3863 6946 333 8542 4471 8254 4419 4399 8131 5718 1048 1940 9054 6432 3431 8896 7043 8585 3449 1000 3181 3552 3899 8136 3635 1110 8864 3623 1593 7780 2213 6608 7319 8285 4218 7604 6342 147 6300 7131 5760 1397 3905 7505 8673 1418 7493 7730 6747 4908 1666 1531 892 8971 2409 8507 74 3330 2463 8405 8247 3669 4822 8523 9411 8096 4353 4241 799 6736 7541 2667 4180 4441 363 9422 5298 6635 4281 8534 1429 8273 367 5472 7062 5937 1543 3297 7710 3047 2959 1936 1843 
59 3000 8201 484 587 949 6643 7329 3248 7712 4848 8794 7364 2327 8241 5138 5610 6928 2034 2574 791 8150 5192 2392 3869 7813 7526 8205 5115 1727 9900 1318 8387 6631 7579 4227 8534 5244 6689 2239 1920 9457 3808 3216 79 1637 8683 5448 6491 4060 66 3651 6485 6471 4681 3084 266 1769 9314 1799 9067 9813 6029 1008 4427 9356 503 3583 595 8106 3498 674 52 906 5443 6459 2170 6045 4157 1009 4984 9692 5682 1292 97 8452 8251 286 707 54 9378 4230 2761 2152 6071 7995 9227 9269 8175 8579 7503 7846 
60 3000 4833 6727 9939 9431 4079 6678 7494 1987 5552 4039 6508 9322 6334 1776 8609 8654 9917 4337 3739 6289 8293 9901 6304 1431 7166 746 4456 8117 4295 1745 2491 5275 959 6988 6377 4907 6543 4528 2409 8398 6256 9253 8984 949 1973 3881 1505 4137 6193 8081 405 6598 9135 5718 2305 2833 8951 228 4284 147 5065 8110 1290 3703 4638 550 6658 9705 2159 3163 5772 6714 2159 3870 2832 5070 5050 8889 766 4462 6092 6859 4251 9604 7482 1084 5869 4046 3567 9908 5382 2109 9186 5205 2133 8940 1135 9004 580 8700 
61 3000 2755 8237 8940 870 1647 7604 971 4684 516 577 875 1689 1128 8513 1322 6430 1409 7904 4606 5254 5651 5752 6918 3249 7860 3057 5754 9297 8214 6443 436 9264 2656 7904 5771 7302 5611 2675 8822 5288 5822 5225 8814 380 5315 3384 163 700 1491 582 8621 9144 2342 6227 563 5316 4786 4196 5383 5585 6137 9457 1022 1269 8690 2819 2623 4945 7439 3797 4304 4880 919 1613 4067 7593 5166 4315 1818 8535 807 6023 523 900 3279 2301 488 2559 6168 3652 6754 1114 7669 7140 9632 7090 181 6136 8352 5236 
62 3000 3020 8188 7838 3960 8260 1019 8614 2891 9694 6647 9832 8560 4930 3630 5419 8209 601 7439 3361 1724 705 8953 8099 1695 8073 1082 6062 1600 8956 3509 4316 2109 742 5565 2343 5523 2794 7223 6940 8333 415 8222 251 1897 1939 5308 916 1255 8945 7609 8352 2061 9599 130 150 5639 5113 5376 2606 2170 9342 3093 4373 2000 1494 8144 3239 5070 1973 6505 6025 8480 1340 9382 1619 2169 2408 5461 7123 2725 5452 1277 7133 5316 6551 9711 6140 3755 9052 6612 4059 8675 8164 5541 4881 3844 8664 643 8446 597 
63 3000 5748 7643 5353 393 8985 2969 4981 5500 9415 994 6645 7803 9759 9410 3871 5740 7762 2726 1801 9355 2655 3884 7717 3487 4748 4009 4695 9078 8142 278 8384 2603 6570 1917 6905 3632 2362 4324 3882 512 8534 1310 4591 4176 4005 5476 5239 78 1933 6704 5366 8248 1185 8783 3373 1480 922 4150 5174 1637 8316 6766 5973 4086 9391 3106 5165 258 2985 1289 4368 8328 7843 8315 8568 2029 2829 5440 405 7580 266 1675 7567 8746 2406 5400 3324 26 1010 4119 176 7955 75 2323 6633 543 1662 7490 7115 4831 
64 3000 4869 4206 4982 2572 7918 6412 8684 4048 3369 7770 1039 9993 6462 166 1636 1659 6580 328 2363 8999 1840 4570 6058 6970 6807 1667 8284 9974 3333 3848 2237 4411 4526 5918 6770 9367 1834 2505 7545 5417 5265 3432 1311 1565 6722 7209 3307 298 6473 2658 7787 771 2737 8658 1676 116 4401 2014 1345 2875 6857 3458 2514 8561 970 1765 3278 7335 5168 6000 260 3823 654 5894 7892 9045 9747 332 810 473 7347 3982 9389 216 5528 2036 8389 1329 1245 3082 8737 2246 7183 101 2428 9339 5716 9589 548 7600 
65 3000 5997 8800 4436 9452 4176 1121 9950 1681 6738 9565 4880 494 6967 8392 9465 4706 4538 2859 54 7044 8229 7086 5880 3584 1764 55 8961 1306 2775 9732 7128 3784 4895 5310 180 4988 2969 7581 9157 1220 1396 7436 8747 1173 5596 2480 2809 4115 6594 1781 3029 6197 8741 8744 693 4886 550 2101 1596 1524 8664 5037 4061 2012 4940 2433 99 5617 6672 6241 9682 1910 9923 8975 8145 5820 5997 5337 6717 816 1022 1957 6170 224 8670 5272 3597 6652 5994 7517 2315 9552 2394 844 4893 905 1708 9575 9302 9026 
66 3000 7423 568 8194 501 1020 1712 1306 244 3435 8555 984 9682 9648 9041 835 3060 6404 6388 7511 1879 3045 82 5601 7451 5480 4996 5668 1586 3274 8639 5394 5398 9862 6527 3864 6239 5888 5676 8963 2758 5672 6226 7903 8086 6799 1187 883 1141 2832 4308 7855 6065 9155 6076 8436 9782 1935 7834 4931 7680 216 4030 8485 7421 1127 2586 8362 873 8228 3395 4347 4171 2974 4942 2272 5900 9300 9049 2669 3401 1342 3749 2549 7209 4275 4278 303 3605 8273 2201 3728 5309 5608 2652 1181 279 856 9713 5858 8650 
67 3000 4241 9900 3192 7794 8102 3794 1383 5499 6478 5782 5052 1278 7825 1927 2013 5807 856 5968 3183 8481 3508 3437 5603 3095 5028 3910 8590 1657 1188 1372 3021 6320 2629 2719 3729 9438 6322 4375 5033 1754 158 7040 9388 8706 667 8560 9168 4860 3850 4924 1561 6470 9154 9386 6601 2163 6551 9707 8319 1743 6762 3533 9022 3129 4592 1883 6692 7413 5396 776 5515 2040 4668 977 9536 2120 758 5864 9432 9863 708 7427 2417 2133 9223 388 5267 6134 754 4448 475 3221 4717 4660 5530 827 3832 9919 5312 2529 
68 3000 5589 9590 7626 6228 6833 8248 1853 457 1486 8556 726 8816 1381 2254 5234 2530 230 9285 2646 1133 712 5038 7667 1276 4691 5721 6715 3660 6551 1858 5321 8098 9663 9907 8659 6693 5979 2007 5196 5152 8740 3853 3470 2217 8320 687 1995 7223 1188 1419 2282 5782 2003 880 5001 3594 8823 183 9248 8377 1448 5229 4954 9929 2884 3319 8411 8307 3933 7908 923 140 909 1472 584 3063 6476 6503 7181 8270 3612 4633 222 1204 2702 3879 84 361 1751 4013 2297 4227 9725 60 4941 6333 3014 3919 9175 8443 
69 3000 5021 4106 2890 1858 8882 3629 7487 6853 3300 5982 7777 234 1514 9267 5009 1023 3385 8439 3025 4263 615 5677 7534 2957 5084 8882 8515 8121 316 8298 5747 6974 6069 1255 7456 9240 6047 5042 2100 1584 8744 7904 3263 174 1408 8164 7689 1360 7129 1464 6431 484 5053 6142 9128 8814 3726 6724 1409 8604 7556 5548 5421 6274 6402 2508 3478 3722 8292 2926 4842 7756 5259 3548 5623 7652 2309 6665 1807 840 9509 2359 5409 6711 7203 8875 3749 8548 4352 1115 1855 3591 9996 7261 7993 1215 7848 3521 2314 9239 
70 3000 4007 7000 8634 8364 7795 6693 9339 4727 5729 2613 3407 586 8602 3029 7566 3128 1705 9843 566 1407 8162 2084 586 1394 5400 7528 5758 9170 4733 2448 7820 2228 4080 9479 8895 8909 3805 3619 1392 5960 5683 6348 1035 4219 4984 7876 3010 2422 5696 7512 1251 9137 8859 2160 834 2823 4032 2942 3509 13 3881 9943 6354 1624 1899 5080 3545 7388 3239 3104 1267 8412 8683 713 5734 7865 1731 3807 4349 9778 8816 2850 9972 5988 2643 6374 8330 1189 8655 2594 8543 6117 4621 9160 6773 8862 3354 1021 3004 4298 
71 3000 8549 6428 944 1644 3745 1050 1051 144 4420 224 6689 2882 3203 9323 3399 8708 8216 2253 1309 2301 4533 8076 655 2354 8778 5753 436 7878 6834 7017 193 2638 4685 7370 4907 7715 2380 5200 3031 2182 1126 9032 7638 1919 3497 2898 703 6543 6778 9828 502 4471 9430 3480 2138 6097 677 7878 1199 5107 3226 5287 530 7907 9099 2210 138 1187 8604 3505 217 7600 2426 4636 7304 9574 6835 2041 3554 1244 2031 1628 9141 8509 3609 5397 7789 7221 7147 6187 5420 9485 5919 546 1937 8101 1741 9727 6119 9119 
72 3000 8930 8807 3655 2522 1396 3940 8295 1034 2856 7720 6121 7057 176 2682 2960 7726 9835 2920 4901 8096 7511 3837 1956 2447 803 12 4832 3720 5064 1200 4833 1073 2371 6448 6891 5570 3611 6348 5716 3983 3699 3402 5074 730 9915 519 189 7933 3370 7639 3271 3598 3597 6479 2165 7930 6265 3401 2136 7760 4018 408 762 9109 441 4270 5968 7868 7149 3765 7177 8608 4003 5052 9584 1512 2447 5168 1563 7439 1978 3648 5192 1099 9731 2270 9904 2368 3195 2930 9268 5721 6055 3631 888 7788 7154 2614 9432 3039 
73 3000 2586 594 2783 7593 906 1139 1320 1151 1476 9160 313 7055 5924 7538 5460 471 2739 1864 1531 4697 4981 3315 4149 5600 1125 9649 4695 4170 9024 4322 8328 7206 2997 3740 5144 6125 4047 2628 4451 3895 3201 7523 2172 93 7971 8400 1369 4088 1947 8414 5902 6353 7512 1775 7199 7895 1680 9739 4164 7815 5063 4736 6200 8992 3958 2608 9366 1889 5565 2986 5649 6491 6324 7786 5372 2361 3382 7826 2716 6823 9181 7575 4376 1271 9176 8024 1337 5605 2672 7683 3778 785 6787 1697 9094 9519 3547 9101 3056 5070 
74 3000 98 8181 4083 8189 2046 9979 645 2172 9921 9908 1793 6049 8768 7501 809 5887 863 4281 1984 4227 1550 9758 519 7640 8207 5549 5554 2412 2338 7624 6322 8355 4785 6679 1422 735 4068 6632 1224 335 7851 1239 3398 1639 7533 8847 1560 9136 5960 5262 7059 1759 8266 4745 3869 5439 5839 9131 6626 3793 3409 5081 1772 6928 9265 9447 1837 8378 8592 2772 2842 162 9938 909 4823 5966 4804 4767 5486 2455 357 8184 6982 8700 5272 3922 5812 3745 8696 7787 5854 2285 2336 877 4512 8475 5676 9952 1998 7866 
75 3000 4318 5931 3731 7462 1443 510 5865 3904 2405 915 3943 9777 2442 2763 4673 8047 7519 1069 830 4617 8291 9357 9283 9011 7193 6915 2151 3182 8657 4160 1075 8447 2448 6136 4623 546 132 4135 8818 2824 4664 5445 790 7539 3104 1217 5552 5299 2458 2465 5904 2616 8638 4185 5459 7594 8559 7601 4796 3733 5347 539 737 1869 6683 5918 8750 225 6266 8376 8477 2601 8405 9012 2384 4677 5731 8262 7539 8454 39 6889 518 4803 6251 5110 5425 4157 9509 9838 5053 5316 5384 54 5154 2380 3224 305 1846 9810 
76 3000 2611 2323 2137 5607 2957 4770 7582 2626 6213 1115 1055 8009 2715 5622 6653 737 144 7477 2728 7324 5618 3031 8031 5615 907 6174 997 6729 772 6827 2142 5110 4430 7568 9593 6715 144 8374 7742 5322 2938 9493 9018 6962 5436 2441 8793 2481 1830 9125 3411 8217 4964 9084 1337 4816 6555 4864 7435 4162 529 5514 371 4436 9486 8204 3141 3298 4293 7977 6721 9200 6794 5612 6848 813 5654 3627 3920 4593 5322 397 6021 459 8123 2401 5079 5605 9467 4592 6138 6429 6195 8894 9765 8600 8044 823 7573 5230 
77 3000 2230 4234 877 3195 1170 4190 2467 7558 3319 7958 1515 4135 7136 4135 1601 174 8170 9886 1863 3166 9280 6323 1277 7778 3972 1996 6057 910 2866 4516 187 4884 3281 299 9066 8744 1955 2442 6293 7696 883 6715 3562 667 6283 5680 3697 5984 681 945 6797 5186 8134 3526 9520 4955 2562 2351 7480 7179 9217 874 776 7132 9272 1827 2647 9781 7538 87 1246 4225 3298 3675 4543 6250 4278 2875 8353 9013 3734 7481 7489 1850 667 2167 39 7210 3164 9987 4765 5717 4859 3990 1636 9347 4530 6972 5477 2743 
78 3000 8806 9341 2747 2643 8013 5119 1440 5445 5135 6061 4115 2883 7904 3898 4046 5843 4019 713 4502 6291 9480 7434 1145 7333 58 456 7561 1403 5881 6387 3913 6564 9150 4920 8715 948 4981 9826 3736 5311 5366 8079 2027 3718 6267 7101 9076 2352 7827 130 7080 6444 7712 9721 2352 5339 7577 9363 5847 5673 2651 3229 6813 2681 4458 4042 9571 9638 6652 9075 3413 5410 3987 4273 5635 141 4400 6494 7685 9061 4231 3885 4443 4420 6561 4377 6620 5546 2678 2303 6288 7029 6665 3150 5534 5029 3117 6422 8233 1711 
79 3000 7979 6645 4954 7802 2510 2482 983 3274 378 3981 7482 6156 7868 7945 5760 9465 7227 1431 4679 6263 3126 3368 1179 2845 2251 4305 3934 44 6018 4279 123 2665 6411 8817 5340 7047 4950 3051 6617 6741 4778 3967 8574 6324 5879 778 2702 3328 3413 3414 9764 8302 9185 9150 5316 2994 6235 7348 8369 6660 6548 2328 3160 498 1900 4368 4056 206 7819 8819 3580 6665 676 3356 3568 4748 7901 3349 9439 256 1319 5354 7605 4972 3618 8740 5993 9848 7942 5434 7698 6314 596 7787 7764 5709 6897 4578 3082 6840 
80 3000 132 5129 5419 1669 3649 1552 7571 9116 6073 9125 2640 6998 9646 4780 6436 2085 1689 3731 3004 8282 9198 4216 3278 2942 6551 373 6855 1295 6354 3227 6901 9009 3402 9823 8177 2875 1771 460 8191 9612 5034 4073 1476 2802 9595 1722 6989 7950 1162 8213 8646 5667 4331 1850 8966 2978 5302 2301 5852 2754 7721 6594 2496 1274 1643 3242 401 3908 5621 4484 5536 8922 1922 6661 7615 9415 4868 8708 2497 3379 2300 8780 7712 1878 166 8990 1119 5358 237 8289 2676 8084 951 3458 9349 695 1369 8228 3134 889 
81 3000 8272 528 2213 2231 6376 7854 5229 1087 1666 770 8691 1682 7867 4522 7499 9286 6029 8789 8596 1518 7246 5555 7747 7784 8493 5099 9443 6833 1592 124 9922 2443 5303 7996 3329 7226 535 1120 987 4564 8690 5435 3805 8670 3126 7031 7800 2765 3746 6903 2753 5393 4715 3813 3985 4851 5299 5296 7259 1748 3828 6770 6810 9691 4789 8793 6491 4091 9038 2426 4059 9096 7141 2733 8570 2653 5841 400 910 9689 7644 1484 7448 3419 3535 5282 6809 4784 8820 327 9781 1 2089 8509 2342 6258 7306 7323 1808 5512 
82 3000 9022 238 6115 6429 721 5193 6219 4442 6277 1220 1626 9930 4549 3189 9038 4532 7094 4678 4139 5580 9008 8973 6491 8653 2890 8183 7564 8266 5930 491 1886 6675 128 5522 1325 813 5630 7844 2485 7346 7196 8582 7240 5860 3787 5170 6381 167 1281 9219 6396 7738 8314 2513 9371 7264 5243 1133 6020 4338 6238 7700 1833 5265 4493 1747 6358 8994 570 8217 5600 7178 3862 4080 7549 2354 7183 3083 834 4259 4484 8619 6499 4255 1688 4725 2904 7894 663 5201 3756 5597 6305 855 9257 1468 6756 4878 386 222 
83 3000 6742 6339 6296 2247 4039 1804 4848 6785 9066 5081 6255 3244 7592 5098 9868 630 6583 1890 4072 5104 3164 728 9316 5667 6709 4360 4264 7970 4056 3383 5077 6244 7846 4741 7806 3363 7991 8346 3930 9025 6259 1819 9001 6058 3993 3370 4423 4861 2948 2787 2357 5955 9258 558 3745 670 524 5120 9463 9955 6031 8228 4601 1308 85 8452 5863 3838 8481 2798 2092 1447 8091 6452 7929 4136 9577 654 585 7445 3236 8694 9742 7 7960 30 588 9229 3328 2538 9960 5110 4820 2880 5629 2163 2160 5001 8697 9482 
84 3000 773 6752 9128 8924 6386 4632 4398 1414 2732 6666 1272 1382 2397 3392 710 9320 783 6988 5890 2468 3196 8520 3364 3619 5063 3305 7331 8056 5271 4417 7043 8606 2631 4299 7333 8830 5471 4516 2263 4327 4346 3622 1905 2168 7883 3159 2242 8456 1741 1773 8197 4010 705 7469 9781 8170 3897 7972 1376 735 3119 9230 4133 2020 4318 2032 1502 1038 2172 6757 7883 1811 7809 6240 404 7802 9645 6774 3822 4475 7348 7227 8552 9977 8930 6290 1819 3946 961 7845 1934 4448 1907 4468 5698 3034 8598 9042 8930 7920 
85 3000 5816 4509 116 5301 9009 1736 7189 8782 133 5518 7431 6937 6617 8692 501 8992 3448 4386 4585 8634 8393 6393 5675 5944 334 7662 9972 7459 734 6921 9411 4349 8228 3426 317 8733 6334 9828 5179 8106 4300 3169 7552 7903 1062 4009 89 2179 2336 3663 5687 2419 834 9582 1769 4471 9603 8840 7686 3606 8491 9762 5242 7700 3735 1664 2346 8543 674 2731 9795 1273 9597 6007 1168 1934 4697 3520 5860 3161 6168 8525 5232 7987 5420 5879 1886 1776 3415 532 2074 2285 2132 4154 1215 7844 9162 9876 2559 3665 
86 3000 5417 5163 8956 6279 5973 2811 7760 6090 4034 67 8860 8061 8022 5876 5827 523 1792 6250 197 2108 7970 7768 8867 6807 4421 9191 4628 7155 3837 1216 9814 5536 6452 4340 3083 3623 5882 4860 9312 9931 8089 8992 2634 5501 3474 5120 2581 7713 2087 4163 3370 2215 1969 8075 6298 2983 621 6465 5274 505 9585 1339 5469 8091 2167 9980 5095 6304 4273 5933 306 5518 8375 8137 3225 6605 600 8161 3100 9742 944 5584 576 1344 6615 1485 5099 9122 8495 66 5448 5269 732 8400 3380 7766 3451 4299 412 9819 
87 3000 8598 2311 7723 7412 8905 7843 9181 4996 9975 9404 7492 9296 5502 8980 3484 1244 5608 525 8504 6036 8309 6587 9945 1318 4104 3052 9905 3496 3692 2013 6954 2166 8809 2771 1048 2673 6193 952 1544 6797 4677 5753 8365 1561 5399 5317 6266 6163 5149 225 2243 7034 2825 5120 6061 1027 9029 8449 3901 6717 8781 340 5142 3843 7356 8594 2261 862 9253 2806 3861 631 280 6613 825 4222 2775 8063 5589 2848 3939 8116 4551 7928 7307 7256 3590 9267 7331 247 6727 1364 7104 8997 7894 7849 9190 3559 5845 4039 
88 3000 9598 1247 2176 7621 4863 3887 2480 7464 2268 3185 626 549 3181 4225 6158 7028 9518 7087 4827 3412 3338 6599 2238 3873 9551 200 632 9681 1763 3945 8784 6765 1242 6617 5034 1390 9000 1980 3438 3973 1016 9149 3044 1012 6574 1082 298 5145 9723 1206 4567 3336 3874 8159 6794 3179 9510 8666 1274 7338 5026 8531 559 6100 698 1757 3480 8061 5767 7797 6305 8935 8659 6921 7015 8487 319 3716 2703 5589 685 8703 105 1410 8267 8083 9251 718 2870 1612 241 1317 1431 8596 3152 1605 6981 2009 1058 6257 
89 3000 742 741 6190 35 7334 9970 9208 9720 3120 9658 1606 4171 7667 1170 1236 2509 8343 2024 966 426 8020 8755 453 4617 5927 7921 1046 5341 1604 5215 3815 7102 2000 2717 700 7459 1681 4261 8794 3961 6175 8935 7738 9201 8434 2700 254 4005 8427 8136 5798 8737 5849 2311 7330 2735 5967 2784 1224 1868 8581 1717 294 4218 117 8129 9943 3892 8838 8261 7441 2956 3187 4078 4332 1489 3249 9885 1956 5771 5346 7074 102 4588 9744 6998 8790 3670 1501 1964 3168 8246 4425 4356 1541 3728 8170 3881 6525 4520 
90 3000 8444 2938 9321 955 356 116 7121 4348 4876 1815 3634 181 8426 1992 2738 9415 5596 31 5256 7920 4981 6741 8860 4036 8151 8475 1101 4255 1734 9378 5553 7029 2638 1757 1102 4705 6385 4577 4337 3585 8578 83 5086 2107 9494 8544 5062 7152 1791 1128 9646 8483 1358 894 2784 1299 1271 1915 5018 6923 8886 6525 4637 1603 6058 687 1955 3455 2473 7492 6713 7514 2120 8781 8605 8922 2875 4886 932 4235 9220 2506 7380 856 8083 703 1920 4596 7799 5018 1837 5354 202 9725 3882 929 5843 8192 3550 8952 
91 3000 2323 1389 7480 6943 5763 4500 8986 500 5395 1670 6705 9600 1271 8882 6378 3038 5107 4946 5752 986 4249 626 2604 5672 8759 5882 5897 192 1631 5242 57 5444 2135 1299 2372 5184 2274 6332 3524 9213 6381 2051 1238 4682 3832 7471 7061 5527 4882 4904 6262 30 9635 4081 863 6499 132 4401 5789 7077 5562 5301 8145 9679 610 4749 9621 8047 6914 5869 2015 9935 7660 1685 5890 3417 5292 7992 2347 1321 2359 4354 7932 3789 5471 3223 2659 8958 2397 7187 1164 1771 2274 4337 6985 906 8950 1770 9959 3843 
92 3000 7448 7203 6753 38 3556 8724 4517 2240 6540 2660 7658 5918 4988 9577 7745 6824 5770 8396 6537 6674 6131 8643 2132 6958 8905 817 8246 873 856 4890 6618 3381 4140 6925 2533 9396 896 3823 3476 87 965 6194 912 7316 2721 9352 5184 6195 7045 2441 3542 5768 4410 5674 1298 7824 5095 5708 6099 3827 2529 9140 5331 9974 9752 4128 6650 382 9008 137 1626 8394 4454 5808 2531 6013 8009 4959 2230 1462 8311 700 7220 4864 2809 7684 3771 2055 2982 2475 7213 6516 2670 2048 4331 9431 9550 403 8898 7869 
93 3000 9715 3319 324 1096 5398 1221 5433 5007 5804 176 3367 4686 1081 1014 3614 5084 9406 6577 7158 9837 7204 7087 758 8190 2481 3643 4350 62 1296 9842 1574 9229 7346 1525 3427 4628 4683 4649 5038 9797 3556 1282 5576 427 9368 3726 1270 53 4777 6759 1566 3854 4900 8010 8404 595 5662 6455 8620 2679 5254 9036 9471 4336 8725 5408 7292 7927 5700 808 9268 8379 1216 7058 8340 5747 9687 1676 1232 5892 1997 5132 9603 9292 5710 6211 4322 7979 8415 5514 2874 592 4187 7078 9885 5563 3180 8122 777 2427 
94 3000 4337 6917 8541 1253 1237 8782 3641 206 1052 208 7046 1225 6643 1101 6376 3838 1771 5156 5180 7092 9441 8348 5344 9611 3360 5560 2611 7783 2536 5323 5240 2064 8983 2690 5777 1417 8568 233 5963 5863 4975 7162 4757 7175 6790 6571 9492 7676 7723 812 149 7180 9941 4987 6762 8048 537 8573 9943 8369 1119 5164 4537 3275 525 346 6397 4367 662 7692 2286 7281 5470 2881 2909 7365 3016 5947 9060 3492 703 1647 899 9992 3616 7960 361 6711 5980 2708 6677 7194 5756 8299 5027 4993 2353 4601 8320 8103 
95 3000 7469 9937 2095 1519 9052 206 2548 7918 8396 6131 7686 6472 352 8626 1600 9777 6667 2297 1874 8913 2453 7058 107 6631 5773 7883 5566 8655 356 2672 1966 3122 1440 8247 7370 8137 4733 4480 7218 7457 8506 6529 477 4301 8806 5217 8922 3281 7796 5526 9533 464 5221 3215 28 1553 2996 9571 7512 8197 2922 4275 255 2423 7527 6403 2595 9197 4028 3543 2964 7106 1423 9044 5042 7164 706 7387 2034 9753 8204 7677 4070 9674 2046 5270 8735 9333 1751 1516 4723 54 940 1627 8607 1504 3181 682 4752 9259 
96 3000 950 7738 8332 486 7723 8082 1488 7748 3189 3602 2607 941 1592 1280 8717 7353 3193 9816 1024 9845 8864 4372 3555 3161 7798 9446 4943 8362 8353 9865 3323 5384 2013 9906 4365 3722 482 546 2422 1237 5895 4829 4810 1094 4161 1363 9208 6813 1426 5943 4188 5461 3662 1295 2867 8954 9386 4948 9681 3496 5494 5231 291 7132 6230 5390 4609 5436 5275 5841 2951 5318 961 4535 5313 6958 4612 5456 3774 3863 2006 5244 8024 1054 7971 7938 4016 1369 4091 7850 5742 9903 9555 558 138 6563 5116 2031 5110 6751 
97 3000 180 5871 684 176 3028 8686 3287 7783 4146 3588 3148 6815 2700 1810 4825 3997 6116 2456 859 6841 2803 368 8546 3082 7988 2127 9847 8238 2683 171 4411 1291 5773 5040 5726 8496 9232 5750 401 5316 6466 8289 562 6479 3770 2234 9388 4164 4925 5502 9753 4305 8911 7220 6013 1031 744 8717 8900 9218 5446 2651 3558 5178 5129 253 687 5464 9214 6694 825 3805 7771 4587 1750 6166 7979 5607 9006 3927 3722 232 9556 5198 8302 5621 8562 4248 274 1607 9280 9064 2418 4814 6096 7036 3825 913 672 8766 
98 3000 5112 4983 1229 9999 6763 13 4942 1685 592 3520 3474 8160 4336 2299 1626 3455 9365 5290 9113 5730 1528 4575 5468 9835 5113 4502 8069 7987 9937 8926 3291 8586 1564 6585 783 3145 4643 4595 872 1348 9372 67 5089 4235 1090 9859 9820 5511 2990 8443 3087 977 1959 3903 4448 6092 7544 2055 8023 1655 4040 8695 8649 7611 5709 9967 1157 4992 5112 862 2772 5965 4583 1838 8643 2026 813 3564 495 302 2565 9796 8404 7985 1517 8368 5701 4896 6225 317 7002 4162 9213 7125 9355 1027 7185 6096 6521 9787 
99 3000 4372 3845 6374 8847 8989 7925 1433 3906 2829 6570 2509 9263 3978 6566 5482 7254 2654 9250 1211 5808 171 4628 8552 4132 1029 3620 516 6518 8132 8437 3544 4278 1123 1072 9912 5804 7852 9920 3254 4747 8965 4530 7218 6330 5619 8471 7243 1781 321 329 5459 888 894 2830 8717 2687 7567 85 9739 4270 3189 2959 1397 7714 6568 2572 4117 5146 8938 1915 6400 1923 3548 5600 8482 7939 8375 7726 9106 7063 1968 7883 5428 4696 2408 5266 6042 3452 9401 923 7132 6969 9492 8128 1750 1843 4406 876 2221 7685 
100 3000 2509 502 5666 5306 3403 433 2656 3025 5636 9050 8991 1100 7547 693 601 4293 1227 4777 1572 2548 9608 3039 5302 9800 6683 4910 8772 913 839 1011 9957 6731 1329 4773 8347 7271 7856 2183 8598 3023 3290 9658 7318 4389 9510 37 2960 9240 6365 6705 8853 8599 3765 5837 9356 450 6898 6773 9134 1671 4569 508 5559 8094 662 6318 4238 2689 8734 6505 7667 1869 9727 9267 7007 9929 2807 9694 6986 1597 9334 8891 3928 2728 9946 1222 6903 9102 4777 9683 2005 3366 6796 9396 9757 85 8272 9231 5634 8934 
