FILE: 1523UnifS.txt
100 100 0 
1 3000 9502 2605 5957 3231 4196 355 95 1861 5984 7731 4274 9419 508 4820 6296 550 5123 5763 6482 4215 6299 3807 4141 5309 146 4496 7162 4410 6068 6972 4724 5649 3542 3415 3137 2706 2019 6598 4810 2929 3948 5571 338 9585 935 9470 3716 2227 3015 9452 683 5191 1056 8751 182 4217 2287 863 8952 1198 8950 5854 9244 7045 77 4796 9660 2689 6393 2321 9116 8201 8340 7309 3935 33 7237 1694 8058 6396 9548 7399 6390 752 4293 1393 1256 3438 3567 8877 2000 1406 6199 4591 7693 6104 4527 2245 2976 9461 
2 3000 4300 2085 7025 8018 7705 6568 5641 5166 9521 4177 6461 1524 6394 1351 7303 3429 9241 2544 7629 9562 8778 8412 3133 5691 4171 2117 3458 7543 4811 3762 3037 1801 5224 2951 5052 5223 3088 9472 8532 1891 395 2105 8562 8579 7722 5556 9624 8251 1635 5515 2063 1683 5218 1840 1677 7206 1723 9868 2430 8580 1350 9842 2293 987 1145 4478 2210 5157 8033 4643 8186 9610 4966 3163 6501 1026 201 6762 2054 2747 9706 6115 9823 1391 2680 4035 9458 1605 214 1779 2996 8930 7063 3486 5696 800 6548 8729 13 5663 
3 3000 8586 3204 2677 228 841 7537 4916 4833 3003 4217 5793 6946 4186 2656 8672 2780 3460 2369 803 7043 3501 4287 6045 811 7370 190 698 7517 8414 262 2474 7081 3291 8779 2582 8149 8129 7913 946 8467 7796 9670 4544 3377 8308 5947 8873 2439 2352 6715 2537 4174 7941 6327 4965 8939 192 7953 7249 9920 6225 6140 6107 2255 3194 7490 977 278 9436 9475 4230 2894 8751 7368 4508 7071 7804 9300 3191 9461 6651 9447 3988 6152 2392 9334 5647 531 5948 7274 7800 9286 1964 5921 9925 6524 1838 7961 3438 6019 
4 3000 9869 9911 6906 1581 2538 4060 4384 5555 907 8526 6889 5439 6152 5437 6980 8632 8210 7244 6477 5305 7557 1149 7302 9396 114 1668 5443 7733 5270 1314 8043 7276 7037 9404 3612 495 8326 8993 5376 8860 8349 1934 7731 4463 3151 2059 5840 9768 9254 6492 8345 5476 441 5077 3208 6529 7657 7940 6675 6221 2034 1173 5365 8454 1046 641 1489 8103 7785 3915 1183 9515 3363 335 5980 3126 2442 9186 7394 214 1881 6014 4640 5763 2519 7056 5467 9463 4075 1798 133 4831 3175 3661 8483 6457 4505 8807 174 5372 
5 3000 5086 3076 8008 2548 1681 7040 4400 519 1319 9190 969 3124 4948 7246 1249 3380 4211 7584 6532 9478 1351 2802 4831 8905 2238 7400 2972 688 2520 1588 1805 5767 6898 3221 4550 5490 1536 7859 8255 8235 9579 6945 8391 4153 9812 4122 6563 8046 8436 9659 1353 354 3967 3013 2284 6285 5268 3514 6908 3054 2698 9169 1023 5257 2392 3601 2012 8370 3659 1102 5309 364 9515 9824 3985 1456 332 3079 1469 1976 615 8780 7381 8370 8906 6992 6504 7312 810 5626 867 7956 5148 4236 4965 2308 3236 5962 4095 3717 
6 3000 1283 7582 5824 3499 5923 7700 4578 5685 2864 3053 9356 9889 8667 2943 4568 2305 5649 1800 4006 4828 9908 9859 7926 2301 2477 1975 3269 7887 3602 4552 6999 6560 142 607 2566 6732 6098 2945 9497 9996 6266 5478 6113 9000 3014 2648 5365 3438 6180 6995 3803 4175 6108 4835 3660 5493 9792 70 8076 5460 158 6121 9426 4428 8466 5988 796 1654 9834 434 567 44 1896 4290 128 9027 6573 892 4723 5549 4981 4640 7408 3195 5454 1679 6147 9435 4701 8708 4022 994 2076 9915 2577 7351 6989 2037 8280 2357 
7 3000 9427 7538 2114 3981 3610 5925 2291 2185 4766 3174 93 4917 9034 9295 8836 2229 6492 4012 5961 8531 7310 574 8248 2956 1024 7684 154 7858 8943 9563 5281 5433 9672 4132 965 2463 7767 9318 5989 3193 5512 7491 1426 321 7822 8020 4600 4120 267 7959 6180 9687 228 853 391 2314 1173 3674 8357 979 60 1877 4562 9973 7862 2588 6446 8644 3223 5905 7112 9267 9232 4342 1174 3040 3327 376 3714 4208 323 2142 2380 2307 8562 7232 2591 2533 9193 4634 5887 4242 8573 4790 1387 7571 3794 7778 382 8178 
8 3000 1336 9622 4048 123 8844 6723 4287 6855 31 8424 7692 337 2704 7684 2635 8294 9919 9895 9486 9580 4253 9812 3946 7678 5214 6612 3520 2316 9762 7077 7101 9220 5964 6903 7686 7979 9770 135 8218 8043 4918 6723 547 2848 5958 8208 7524 2053 4407 1529 8214 1923 8024 957 6235 3814 3216 8154 1225 802 562 357 3429 2423 3463 6685 1415 7550 9929 2574 2916 5385 7468 2335 8792 4581 1127 9837 121 489 4632 7318 8415 528 4676 2315 8956 7682 8312 2726 7265 2120 3487 9991 8690 943 2692 403 1122 6055 
9 3000 9740 4539 833 160 9666 4820 1442 881 1757 1195 6004 3006 5704 4949 2227 8862 877 636 808 6809 8732 6139 6903 7861 8333 853 4713 432 5008 1993 5198 3210 2124 9027 6921 6147 5993 6238 10 9587 3893 3404 3248 1507 5228 4606 4288 2891 5799 5167 2994 1225 5211 6703 7904 2118 7395 315 5822 9047 4268 7890 4530 1231 2501 1538 8630 9625 3431 1151 8510 1042 6080 87 2429 398 3313 8976 1738 1083 1111 7656 9215 3460 980 5230 532 1482 5468 8250 8844 7440 6829 7029 2507 4835 8791 67 5913 9374 
10 3000 1464 6618 3455 8088 9363 7368 6624 6582 2565 3244 4215 4405 984 2351 5671 8543 1771 5028 7549 5045 9847 7032 3106 8767 1550 847 5019 1240 1414 5115 1218 6673 2073 2201 3860 6067 7286 3869 1409 9465 8093 5095 3857 6322 2086 6001 1064 4003 5818 1910 4219 4399 326 1533 433 8681 9786 3278 452 162 3288 9679 9499 5301 9740 9959 1237 2820 5895 713 4860 949 7503 4715 5305 2802 3588 7853 6596 9869 3853 4185 8307 3636 9201 9127 5151 5336 5397 759 9697 3817 9836 9257 8207 1538 1450 4454 9601 8688 
11 3000 3735 1525 7552 5440 904 4790 5695 2312 7161 9655 5967 8670 9107 2664 76 9347 1267 9687 4088 9388 4739 2224 6142 6923 8975 1846 7291 4162 6683 2746 5466 6515 1850 2426 2564 9842 901 506 4666 5819 6973 5656 5378 5437 7314 658 2289 625 3818 5585 6568 3991 6670 9110 5676 6697 1127 7946 9204 4453 7422 4395 7844 1642 3785 2039 5469 3558 2604 9546 4359 6788 9694 2604 3531 7698 6706 3978 210 9061 6649 1694 4418 4798 2546 5352 6686 2854 9211 553 8897 6191 8149 1462 8249 1910 5586 1488 4345 8495 
12 3000 3619 2098 9410 1188 4496 9746 1626 5483 8015 933 1603 8746 2055 5389 1964 9964 6227 7386 63 7613 8648 5167 3821 5655 5848 8507 696 7661 5797 4396 9769 9054 4054 847 6959 7484 3047 8831 3366 1320 4474 2334 6732 6274 4832 6541 6033 144 4068 4147 9194 5689 7356 9785 3927 1624 0 2592 1698 1737 5463 6886 4815 2142 6516 979 6644 6645 9517 4107 4951 240 1815 1492 8360 734 2274 7524 5951 8491 4928 7070 9968 4300 5756 4905 1666 5376 2588 3276 268 9480 8129 7581 5060 7162 6113 178 605 2135 
13 3000 577 2321 5082 9771 8271 4217 1751 3720 4176 3211 3543 660 163 91 775 3162 6768 3526 1989 693 8095 2620 7920 8732 9841 7603 8580 6019 451 8630 3479 9923 5397 2722 4961 9943 4573 8821 4668 9324 2832 975 3136 4805 3632 9646 2502 4492 5812 1144 2349 3852 3502 5186 8668 9834 9142 576 5953 3116 9639 9022 2406 8475 5645 7058 8288 3285 3955 6113 7376 4136 3039 689 1556 1581 1691 4670 8538 3008 808 5759 2694 3634 8292 8032 9026 5629 7078 2624 252 5359 6284 6537 7024 8758 5493 9576 1265 4826 
14 3000 2149 9404 2637 7248 2091 4725 8129 4141 3198 6599 4772 5925 2175 7869 5478 1317 4447 720 8007 1458 7193 2368 7056 2151 5493 8864 9472 4238 1610 7026 2593 2096 7387 4504 5716 253 9782 7958 4682 8141 9511 9369 9593 2960 2834 470 5651 681 6451 5311 7125 5162 5534 933 4440 5396 4874 6185 4388 883 3166 8655 3474 5124 402 9725 4377 7243 8407 7760 5541 1734 4487 9414 3889 6331 8204 9063 664 8005 1285 6364 394 7084 643 1940 2979 9500 4534 1188 8911 7159 1830 6210 7607 6439 4426 5876 8882 4808 
15 3000 2763 4004 7531 5574 4483 5671 1049 754 6206 1644 469 2069 8432 941 4327 66 3568 1514 5752 1366 7081 9058 2680 4033 1774 3941 1196 1070 5191 6269 1996 2041 143 9064 9979 2817 8357 9575 6962 3446 7259 8711 7516 4151 9874 8602 7938 9449 7852 8277 8332 399 7621 7479 7833 4972 9667 8595 2940 6548 931 6713 8982 534 342 7811 4712 9116 7466 5061 16 4124 4283 3263 6757 8031 94 1407 2740 3075 9540 3352 8798 8503 3763 6639 9010 5943 4678 9420 4041 2900 2377 5520 7604 4379 5655 7620 6054 2626 
16 3000 5667 8565 1100 5004 2699 798 5643 9988 6074 3918 2748 1286 7178 363 7724 82 5614 9222 3348 5412 8478 8164 8200 2657 2761 3499 8126 166 878 8363 833 4000 9319 9023 3602 803 426 9313 4125 8802 7296 3194 4474 6923 1809 5432 8188 2040 5781 414 487 4346 5236 9075 1618 848 7817 3962 3311 6989 3305 2413 8375 6394 7278 7870 3412 8739 7883 9308 4655 5752 5743 8796 6933 5329 6980 7182 5764 3782 9371 7900 2565 6212 1623 8902 2996 5002 5776 2719 8423 6439 2731 4644 506 5461 902 9042 8918 8528 
17 3000 7992 3779 2183 4617 5898 2785 1639 4345 8735 6737 8530 7213 3993 1866 4221 6977 6808 6892 3536 5148 7372 8080 1225 2607 1451 2429 1551 9355 4048 8974 1009 2386 6172 8225 4160 1676 4742 9721 2604 4313 5619 7719 7062 6736 9753 4998 2594 5108 2462 4793 6939 3816 5835 857 1982 2085 4260 5640 8338 8732 3074 6602 3072 5031 342 643 539 5710 1759 6665 6343 8075 8677 6252 4435 9255 9259 2481 7321 1571 2754 6854 9406 6034 6900 4359 3457 3966 8453 6650 192 6746 6837 3361 998 3679 923 1533 3769 7996 
18 3000 8930 3178 1870 973 1454 959 6227 4176 7619 2000 543 9833 4354 9822 9638 9333 8798 4397 913 9841 3825 333 8939 9049 6695 3187 3175 8047 835 3892 8803 2315 738 1319 697 848 9994 2962 512 3402 2439 3742 6897 5862 6432 2946 8836 3741 2262 9281 2115 3802 2670 4062 8907 3798 6504 2516 491 352 5497 3218 3091 4945 4166 5650 6839 8042 2843 5884 7868 1337 3827 391 3522 8123 658 7973 702 1788 524 9823 7325 2440 9784 7710 6920 1646 2623 282 6335 5311 2829 7509 6584 4666 8695 3231 6809 5397 
19 3000 1046 5850 1370 4886 4391 7134 57 7583 1203 9152 1436 8504 9317 9333 9309 4848 2462 3649 2305 5748 3909 7923 6596 140 3253 7263 1734 2758 6309 3622 9622 8255 8147 1481 6594 3454 9238 1655 8640 7710 4735 3231 9740 1416 6873 3621 3328 2617 498 6753 6888 1757 1719 9372 9662 4556 9686 5478 3492 2999 1490 8885 6790 4458 192 3901 1618 8944 5975 4141 3911 4471 424 9457 6815 555 3924 998 7148 9838 6187 4395 4996 7829 9911 1066 6422 777 7550 7653 9309 1668 1219 3579 2327 4347 5724 6733 7016 5761 
20 3000 4711 7277 3008 6331 9942 9579 6362 8451 3702 2275 1031 3105 4325 6448 3454 4617 4842 1940 264 3519 4763 1784 9137 7546 4980 4765 2747 765 5791 6100 5865 809 8051 6248 5569 4258 7457 7845 4582 131 1942 761 7742 1509 2206 5284 1589 5276 5369 3429 7079 9998 1747 8371 5425 1912 4756 2004 7064 9052 3935 625 3742 3492 1105 8740 3733 1718 9640 1003 177 3126 6874 2268 2544 6640 9625 5778 1226 5460 2850 9470 5253 9931 1421 412 3126 8544 5027 7357 6791 7051 6203 1431 8723 5715 1478 4939 2139 4679 
21 3000 5660 8301 4347 7465 9231 5106 3200 2592 8877 5302 6693 3323 1143 6498 5676 5536 9205 3404 9691 3722 2778 5383 5943 5104 1138 2141 1382 1882 9279 7530 7926 1607 7187 1486 794 5678 2245 86 9975 5956 4757 3729 4815 9520 6604 3449 1736 1529 3019 5345 5071 6226 7489 3144 1032 6052 9787 8878 4798 8897 7115 1699 732 3469 8392 4808 5719 2792 1650 518 5631 5824 4560 3432 4919 7204 8091 1757 9322 5127 3282 6734 1717 7334 1145 199 1072 5237 5693 265 4546 6165 93 5130 2696 3732 5944 5014 7823 6339 
22 3000 5676 2212 5434 3787 8081 9284 8830 2031 6963 5358 6824 6047 2915 569 4580 826 8226 8610 7578 501 4902 7425 8702 5589 5822 8011 8457 8363 9014 1351 8308 6346 5058 3480 7146 3938 7615 8658 874 2155 7075 689 5128 6505 7338 2347 1111 2981 5716 2937 4562 2186 5959 3982 7842 1575 4407 3025 5152 5827 9270 5569 874 5344 3027 5131 1031 2868 7956 1428 7879 8229 4785 6684 7625 1218 4471 66 1262 2579 3097 241 8538 3134 9909 6058 5042 1026 8457 5360 2422 7093 883 1915 1723 8362 5316 477 9852 9669 
23 3000 6400 9966 9170 3408 8952 4779 202 7403 4732 4226 7484 899 2352 82 8521 8686 296 2276 5880 3347 3080 2700 2404 5627 523 7138 9555 2928 156 5328 8874 5932 2742 9145 6572 3347 932 8910 1249 4777 1044 7823 4728 1719 7962 4520 6023 6684 3165 3760 8430 443 5881 5231 9738 7396 7361 484 5573 9073 8281 7994 5860 5750 9276 6339 4414 6200 4582 5513 1654 5557 8824 6356 445 1320 6910 8117 5059 7470 7062 4132 3269 6716 6970 5638 1561 866 3064 3703 3477 9325 2923 9286 1074 5715 797 1420 9520 2620 
24 3000 6261 3521 4806 4459 5994 7823 4586 8481 8679 7932 2141 3886 3032 9516 3473 9072 8953 9107 7514 7005 1805 1042 9468 8714 9815 2515 7279 4918 4601 6762 1217 5763 4825 4373 6593 8701 2973 2721 9602 4481 5251 3527 6285 1274 4618 8534 4619 6915 6938 3324 9733 9278 252 9250 2248 4770 7188 3491 9739 4950 481 7237 1330 1282 1632 2002 5404 7998 2681 4050 445 3099 1108 6961 9003 7475 7867 2309 4782 2149 8532 8474 2858 3654 7576 7574 3017 7520 5775 524 6218 9905 734 219 4187 7333 540 2844 2128 4569 
25 3000 537 7307 4566 615 3233 2796 4309 2831 1323 4466 4539 9179 3842 7243 4028 8598 5446 7763 5477 9496 8809 4426 6979 6373 154 5580 6613 4568 7905 5835 154 3129 4463 489 1916 5807 1109 8092 8716 184 6031 1126 6966 4909 5477 4816 2881 5078 8033 4064 5829 5725 2022 8506 4787 3446 6036 5695 7934 6143 2586 2411 5369 895 4878 4096 4946 9956 6717 2409 1239 4875 5536 912 7638 8743 8543 8879 1557 6560 2005 3226 2775 3738 3646 8575 4904 2717 8175 5435 9978 7712 5940 6507 6164 7585 4701 1125 8607 6840 
26 3000 4541 7809 3392 4748 5882 4949 4633 2585 648 9617 4693 9011 6534 4496 7514 3564 4415 2945 5095 8276 8866 2173 7069 7428 1823 4558 3426 5414 9354 7074 351 2739 1562 8851 9187 142 5616 6858 8527 840 1900 9715 9428 899 3290 9624 3750 7731 7559 2424 5622 6717 2904 5784 6033 5948 6594 5501 544 9101 6754 9941 128 6433 7263 2596 5138 3901 5781 2763 2395 412 4905 4361 5401 3188 6441 2855 7682 1270 8812 325 9251 7129 7583 8639 6198 6423 9110 770 3407 5861 7324 225 390 9199 3627 8604 260 1366 
27 3000 9923 1287 1813 705 4771 1238 4751 9348 2658 940 8012 1709 6407 2457 1244 1106 2698 5613 9390 4510 728 4302 403 5411 3981 923 6088 4818 5135 8937 6065 378 4086 3553 4859 3624 9106 532 2116 5344 1111 3126 5941 9078 1075 7131 9365 2740 546 4077 9934 8362 5306 2531 2422 9969 2147 7533 4673 9569 8771 8155 6568 1280 6816 3184 2108 3573 8016 4930 4635 9643 3470 1160 5170 5906 6049 5158 3878 8621 5919 3905 4656 8634 9202 4393 2851 4251 9742 8054 6097 2232 4016 3318 8282 6914 9158 6303 6636 7456 
28 3000 4111 9616 1947 3211 3905 9291 1901 7222 7061 9848 7546 7842 6115 7471 2884 8480 1272 1325 7580 5473 7184 2983 2810 4085 2853 3987 220 2620 4655 1533 4019 4677 2496 2277 6190 9517 9085 4268 4834 556 2344 7011 5634 1994 926 9646 6442 3553 2874 7260 4997 3353 7395 5318 9764 8907 9765 2223 3898 6241 9354 9997 2334 7142 779 3097 2003 4526 8181 5337 5171 5938 2630 4958 5904 5170 2648 7805 9657 2009 7865 8636 5991 108 5794 558 4410 2979 1734 2585 3327 8119 1799 5319 2156 9253 9068 4762 6525 6705 
29 3000 2863 4248 6613 5895 1152 4501 8621 3961 6077 1820 9356 4502 2604 4387 3950 454 301 6701 6698 5080 8242 2135 5022 1096 3035 3621 6563 7916 9970 2458 9394 7021 7300 5247 5361 5458 3643 8948 6548 7459 8507 4064 4865 4186 5946 5950 4764 1607 1335 4245 9081 6488 1272 433 7997 513 6607 3526 1130 2535 8593 3870 2749 8942 8162 5084 117 2156 8333 4112 4949 7255 9733 9411 8009 6715 9251 7258 6821 3286 1818 6187 6509 983 5307 9539 3765 4212 8560 6157 3933 5013 2543 9184 1229 8433 4620 3006 2080 6018 
30 3000 5957 8301 1587 7442 2049 5232 3115 244 6374 4749 1009 7706 7168 8025 6434 4844 7328 4015 6339 2535 7439 5137 5548 9756 1929 1086 1973 3961 8343 761 4954 9574 9746 2328 6726 4611 252 1403 7008 5427 3674 7358 717 9584 5306 7759 8806 6852 6818 920 2234 8324 4289 6591 9052 3667 9358 4761 4618 6494 3501 2597 4938 7853 5432 9502 3131 7855 1635 294 9017 5418 9 6520 1834 6138 6651 5885 6077 8284 5759 9816 464 6920 2654 9139 21 6152 9937 7894 1304 9497 6764 5263 734 8383 1249 5634 6063 8764 
31 3000 5993 6781 965 5872 6734 6171 2749 7084 4124 5403 3199 2920 8635 2762 2541 6165 8580 3906 6531 9113 1273 671 6670 8939 7302 8007 3543 1195 7929 9035 3288 1431 5623 8234 7180 4942 7709 2746 4350 4638 3145 1809 7621 7040 2426 4320 2479 6402 612 4515 9158 6956 3475 5778 7853 3285 6784 2575 7067 8818 8703 515 5069 2448 5318 4529 4488 3284 9289 5181 25 3518 1633 3102 9296 9423 6617 1550 6793 471 9793 7088 978 6585 9149 8399 4493 3503 9382 3217 7506 6280 9305 3384 4169 906 2373 8036 2215 4051 
32 3000 334 4911 5665 940 8 9780 675 1347 3188 4012 4496 3715 9671 249 7568 7404 3403 6222 8729 3059 1765 6681 3562 1112 7967 3454 5853 8396 6583 3631 2186 2897 2199 5872 9656 6622 1190 4842 6708 6594 6624 3767 7101 3976 6288 5120 7003 1317 3845 9431 5199 7920 3102 2214 6435 3342 5421 9035 7883 9012 244 8685 8729 7978 8743 4500 2889 2779 599 3784 4847 1440 3905 5375 8623 1595 8191 5326 9860 2729 581 711 1041 6553 5063 1565 9828 5501 4900 936 524 9345 8150 3072 8670 9947 6323 9730 8751 4129 
33 3000 6156 4605 5043 4667 4515 5898 5574 9414 6424 6988 9215 8544 6219 5249 5895 9925 1819 8982 9940 2616 2136 2470 6540 8486 7597 9165 1334 1959 3797 2997 3131 7889 8279 7804 9748 7554 435 4895 6969 2775 4532 8730 645 8166 5867 730 1899 1502 40 1212 5474 2218 5362 9446 1193 8027 8378 1837 8548 9667 2521 8238 4419 3775 9889 6378 3911 3878 6149 4427 4321 9519 8560 1675 2224 3499 7132 7339 3692 7251 8895 7505 7631 4336 5310 175 2247 2060 2789 8461 4637 1227 6353 1887 3502 4004 6406 5825 4986 9921 
34 3000 8638 9055 1644 9989 7053 9445 4530 8949 121 7763 8412 5640 54 9606 111 1498 5212 5467 9967 7177 5625 8909 6429 7292 1651 2880 3769 3294 5750 4144 2922 4461 7386 5840 5452 7026 1056 8165 639 1418 7442 7185 5698 7634 7687 1766 9116 8735 800 8634 7116 2470 4181 5556 3249 1017 7272 2654 1109 8860 8341 1832 171 8778 4374 4341 4758 5973 4114 6457 6127 312 4203 3293 7690 6701 8465 732 3347 3576 309 5485 8957 9530 8251 3274 6923 8057 4574 5142 3911 419 7098 1888 1684 6650 4085 6619 1075 4670 
35 3000 2271 5444 9070 7535 8010 6271 9024 8807 1556 5752 4005 6050 4468 4331 3255 2450 131 9435 1778 6564 7414 6782 3063 189 7441 9809 4913 4357 3502 7236 8419 3460 4073 8749 44 7491 8971 8806 6841 2420 8632 8573 4792 8686 6512 5983 272 7821 4616 3914 4640 7194 2148 6508 1954 2886 7291 3593 9808 679 2106 3251 3301 5184 564 2495 2125 7084 9694 6082 778 8505 3861 3445 1908 6513 2173 3751 2773 4734 9000 9084 4835 3102 7636 5756 6472 5727 7067 3739 8820 6894 1881 4224 4737 5185 5290 5305 890 5719 
36 3000 5285 5786 2975 531 3914 7115 4055 7061 9682 3445 6021 4782 3079 9816 4189 9940 5234 8461 5007 8428 9690 3245 6902 6783 7308 2218 4239 1303 4295 8303 4414 5300 3354 8102 8070 4463 7961 8831 2434 360 9773 3378 7781 2057 9147 3485 7028 5864 8799 1060 8447 3207 579 7608 1503 6623 5371 1791 5821 3882 6125 5111 3275 231 4006 5717 3202 8768 7672 341 745 8937 5677 4357 8315 3150 1999 9963 179 1528 4690 2487 181 4781 7653 4827 2576 5196 5550 5 5997 5762 1823 1852 547 7416 9849 3815 8010 4414 
37 3000 7216 5894 5191 7824 3128 9696 387 7152 8931 1623 2967 86 1762 4178 6097 365 1334 5400 2571 3779 9830 6421 3781 2285 4936 7150 1808 6261 5991 83 4631 4866 3264 2237 4473 4548 358 5203 9261 5657 9736 3339 7219 7193 1375 69 4584 9678 4541 2325 6439 6152 2692 3098 686 1294 1508 2127 5133 8668 39 4706 7706 6093 4984 8618 9791 9140 8098 9190 2701 2755 6711 2483 7262 1002 7385 6596 6530 4935 2694 1099 1632 8595 1119 4597 727 3130 84 407 1099 9043 2100 370 4371 6560 4049 6785 4846 4129 
38 3000 9582 2467 970 5039 4649 8929 9920 2169 6150 2693 5325 854 3712 9722 8101 9886 4593 7979 415 635 1709 8112 2781 4289 4782 2259 4267 7234 4626 987 5841 4543 542 8344 6831 1600 846 5049 4520 3846 6527 9796 6857 4651 8016 8690 8296 1306 5097 2805 8766 9150 9927 3866 5757 3812 3193 8061 9532 1583 3387 7971 1476 7913 9210 2633 5550 4030 5097 5717 2890 1690 9873 1842 9514 6043 8526 1002 7170 6633 7113 1134 7293 6518 784 8791 8101 9515 4939 7959 4805 5573 9501 6986 2952 4267 6319 3643 4889 6421 
39 3000 9697 8306 9353 3853 46 5264 4186 7247 661 2157 2173 2146 7623 7528 10 3080 2825 6511 391 5802 129 4640 7223 7670 4638 9780 3970 6135 5101 2186 5112 5364 9440 2688 738 991 3404 9000 4261 2979 2342 151 3257 6626 6110 9047 3430 1678 7095 3149 5702 9579 1369 3290 6427 8842 2968 600 732 8546 1288 1571 8982 9952 1622 1237 6370 6257 8804 4485 5628 458 3988 5484 2873 1351 4556 5251 6567 7653 7138 7328 9611 248 3768 1593 4554 2556 1160 6195 1939 9029 3114 7610 1764 1776 6038 8826 8075 5306 
40 3000 7602 5653 6675 9398 8520 1153 5971 100 7444 8201 935 8849 8999 170 193 9715 4931 9735 6243 4777 8386 5812 8791 7614 1310 8612 1221 4929 4981 2828 179 6292 3658 8941 8291 2018 1357 2656 3 9153 1756 2459 547 5605 1224 5299 8025 2384 4968 403 8633 3974 6314 1200 4991 6830 9109 5389 7617 6000 3249 3116 9508 9870 3327 3284 3865 3033 419 7991 4921 7290 6975 5083 1917 765 4857 8839 6184 5159 6485 8781 1362 1112 9115 6607 6739 1707 2243 1251 3715 4084 8134 2062 5390 9193 5468 118 9285 9661 
41 3000 6126 7657 3175 5788 5083 5635 4058 9670 3443 9411 245 7444 4589 2555 6570 9659 3458 8781 2737 9773 8945 2008 4778 771 9432 4541 9649 9917 1438 3379 2940 1619 1398 4651 9716 8429 562 6175 8485 162 3028 8139 8284 1144 6889 1910 8895 5582 8514 6970 4185 1057 9947 5972 8572 153 9439 7924 6613 194 5095 9501 5719 1123 1655 4472 1997 1490 395 1265 9211 2583 2155 8646 878 663 3491 9533 5475 7346 5952 2922 4785 8090 8482 3952 5359 8822 2948 2086 3106 681 2795 7420 1010 2889 4817 5117 9967 3752 
42 3000 4064 7963 2750 9773 1871 7056 1103 2906 7004 608 5950 5920 9942 885 738 5901 281 9259 7903 5870 7256 9399 8456 4530 3396 8573 4702 4136 1303 7084 6078 6494 3552 5832 8115 7076 5719 1990 4535 7276 2533 2822 2457 4769 7155 7606 745 2018 3578 7704 1467 2888 2156 4736 4489 7396 8256 6894 5184 4580 4035 3372 5281 3494 3341 6931 6820 2333 9745 4573 9250 5677 7688 6359 9636 9861 6760 2335 6008 6471 9105 7597 3816 3969 9944 5470 5530 7434 1232 8818 3345 6437 8431 9479 5028 1032 414 5821 2879 5886 
43 3000 2494 8427 5824 2515 2574 3905 4625 9662 427 6819 226 1790 94 9749 5214 5704 5415 1475 8406 5298 8681 3283 2573 4424 2411 3402 5269 7889 4252 9562 2805 576 5010 9675 7333 4693 9801 646 7063 5139 2326 5306 9603 3003 2277 7471 8422 7185 5863 5123 2443 4142 9462 1722 8756 5758 6396 5640 8456 5341 6839 7716 5613 1746 839 6941 9355 1617 4474 4268 9089 9760 9127 4545 2838 7641 3888 6572 8706 4 1084 1287 9468 9620 4930 8073 284 156 3305 9191 9540 7170 2657 2342 2815 7237 6026 1347 9964 5189 
44 3000 4202 4956 5341 9490 0 3783 1134 5731 5658 5364 3830 8253 3373 7340 3806 9887 8945 8769 8045 9835 8559 9553 5972 9655 8687 8002 8425 7391 9115 6517 9737 9814 9092 5395 2958 2796 6614 4768 8190 9804 820 4656 4056 8522 7523 3156 2283 5597 7862 2747 5427 9511 77 4723 7704 1574 4414 1755 8957 5049 1151 8572 1751 2397 1752 771 1579 646 3140 1748 209 4889 5107 7760 2148 9905 831 1108 4227 9905 540 1442 8320 6401 8279 5201 7186 4207 1818 3163 3426 5555 5680 6138 1580 2342 7288 8770 3342 6506 
45 3000 6248 1472 5892 8515 6750 487 3370 3993 3092 6068 1462 8464 8336 8791 5113 223 6085 3983 9369 1333 5383 4286 3343 6748 8745 336 7303 1554 3308 9576 2885 6343 5107 3187 6439 712 6482 1145 5486 4878 6599 5410 8315 9429 5107 1227 6693 3192 8915 6568 1705 9232 2091 9683 2724 8972 8893 4790 9494 4436 9920 5877 7349 8624 1388 8642 5552 4008 7536 548 8760 9151 6148 9006 1613 3454 7212 7688 6449 26 4689 954 4145 6683 1424 6417 8081 5067 7168 5622 1230 7892 9731 2856 6370 4315 9260 2084 9432 3433 
46 3000 5644 2003 5955 5905 9035 9230 681 3693 3506 9608 271 7941 3827 7640 9141 4965 5365 4048 8429 377 7115 1456 8086 1328 7848 8201 2089 6884 5394 262 6780 6517 9038 1323 2334 6730 5053 955 7346 5801 5348 923 6546 6655 9248 9622 1642 7858 8396 4635 5281 2742 4778 3415 8140 6647 1879 2095 9143 2297 8959 2424 8798 3288 8452 6818 5662 5720 6498 1554 5933 7933 6596 8069 6164 8383 6374 2400 9101 1640 7500 2740 2651 2504 8704 5121 1968 8254 1932 7226 4672 9020 1624 317 9186 6277 7116 9298 6202 9465 
47 3000 8165 899 3270 741 3605 9981 2513 7844 3123 3971 1469 5092 2158 5423 7052 2506 9936 2699 2645 3053 613 8778 8314 8022 7561 8190 4146 511 764 2074 6718 7058 7349 1364 8681 7382 5235 8094 1482 2253 9915 4833 1196 9491 4354 2245 7498 8088 2019 4770 5748 449 3031 4437 2207 2767 3439 2791 2379 3521 7629 957 2473 91 3844 7823 3994 3508 2842 6345 1459 1327 9671 7984 3235 8619 8570 5266 5503 7093 1000 2459 9352 2345 6792 4388 991 9225 8428 3367 5086 5336 8442 4257 1231 2654 9946 7647 3535 7275 
48 3000 284 1168 3334 7284 7810 8923 5035 8753 1788 9047 5081 9863 5422 9387 4035 3146 2004 1317 1803 5860 4198 1668 5968 8485 6436 2784 3256 1340 449 710 4129 9336 3918 1500 494 4839 2253 5648 6549 8674 3491 648 2744 9239 6330 1678 2872 9756 1274 410 4283 3640 4918 1940 1226 7997 7343 9849 1312 5241 2648 9385 5103 2846 2602 8775 8829 1211 3418 8655 228 9660 5661 9630 7508 563 7269 7956 1439 1579 9711 9353 570 6032 7259 933 9563 1402 9396 1263 662 5949 6339 8546 8283 3459 7693 6930 6727 6115 
49 3000 4227 944 1022 5491 2780 8053 885 1677 4285 9342 7813 521 4920 8329 5302 9002 391 7893 2177 8729 3327 5336 9069 7555 3816 5564 7995 9330 3048 2400 5077 1768 99 8013 6383 2446 1832 478 6889 2923 5922 9461 2570 984 7010 26 5617 1018 5983 4570 2772 2507 2370 2879 6798 6651 9874 314 1065 1112 5025 4121 7267 2888 8954 7860 6262 9305 2298 3966 2034 7142 3225 4435 8786 9874 8589 9629 1155 3046 8206 5210 7548 7766 2255 7202 6612 2329 1808 5168 6820 1961 2481 3527 9187 6691 1212 982 3110 7347 
50 3000 6160 8077 5333 9677 9739 2888 2037 6595 4763 4823 4053 8553 3728 6563 5206 2035 1215 4115 3775 6181 9413 5000 7086 7530 6775 4555 9224 2893 9792 377 1878 350 7902 4871 8300 8368 1509 5941 399 3050 3140 5794 8952 3505 1722 7876 6948 5343 9984 1931 6051 2298 4984 7181 6188 5973 1762 3641 8268 3712 116 1545 18 4595 4506 8910 4950 3559 7079 7219 4448 3645 3827 5227 2988 6370 3855 898 6474 219 1793 1458 3702 7272 3316 1586 954 7945 3801 9719 9708 3864 102 2482 7481 8860 5453 7253 1795 8090 
51 3000 7496 2845 7261 5284 9432 8309 5802 8114 4299 9875 9986 1694 2375 6008 9494 196 1703 588 708 6601 1749 4225 9431 567 170 3687 6718 4426 2727 9462 7849 7304 6303 1441 4414 7370 5062 2724 9532 2204 9722 1557 6185 7295 9961 1390 8689 2660 9942 9059 7279 7594 6963 1095 5826 3537 3242 8158 2679 5070 810 7596 4625 9042 9546 4130 3983 1809 8325 8657 8816 4607 9296 5191 6272 7053 5286 5916 9051 8758 325 4372 4990 9079 3301 6764 9783 4990 4735 1393 2817 7073 6684 6217 6139 3646 5769 4536 6544 3004 
52 3000 9328 8796 793 3790 4690 2526 3949 3496 1581 397 844 5079 7650 6402 670 1710 7121 168 4690 9644 2571 1389 7082 9214 9832 2385 8902 3958 6018 8782 5173 7859 678 8325 5101 719 73 7810 5415 1654 4578 8142 6831 717 9209 7519 3643 8642 7279 2742 6435 4715 7169 8646 7926 2773 2236 5660 1930 5320 3837 5490 5447 5780 7483 4929 3881 8862 2116 7789 9374 9057 2509 4962 2277 7263 4799 2599 5736 5528 5133 8423 3408 9920 1450 6161 300 1527 8379 8103 6735 5574 5272 5784 5442 8670 7351 8794 1769 4184 
53 3000 9989 1714 7025 5733 6109 9168 4945 8809 6714 9013 1276 523 4541 3645 6496 7477 832 9432 1654 1757 5243 4274 7331 5060 8867 3286 5733 934 388 2607 5905 5154 5361 1331 2071 4212 8608 1570 5098 1947 9750 6635 7088 4282 1860 7344 9089 2101 3237 6457 1941 2242 2310 1235 232 6622 5667 4121 9397 9476 9203 1551 5927 2737 2403 889 711 9523 5739 5479 5500 5768 1201 7838 2498 9958 5947 956 7076 1010 9083 7734 3610 4262 1563 8545 4452 5600 9217 6910 2010 3700 8902 3314 3975 400 7784 7135 1648 9196 
54 3000 5734 6706 1416 1864 861 7494 9334 3206 8160 8415 8844 3920 1292 6262 1615 1595 7484 8265 1503 9838 5562 2777 1649 5511 7093 8080 4686 4111 674 9318 6082 3260 9327 3560 607 4328 1027 2978 1920 2181 2356 6159 5283 3048 5282 7538 3404 521 7057 4956 5401 9675 3246 5345 8889 9312 3884 8535 5200 2336 2744 9186 7715 4243 9749 6853 3339 9750 6492 4161 7083 7535 4893 3122 9781 3111 8974 9560 8931 9820 9762 5679 2658 7955 3316 738 6807 2009 1881 9864 5154 6041 8163 987 2748 7176 2733 9895 2375 7223 
55 3000 4552 3418 4150 2425 4628 739 8227 1326 2787 2827 645 769 7582 9993 2289 19 9316 7577 979 3005 6193 9754 6689 8695 3601 1469 9882 9587 6511 8496 2979 8339 5002 5620 4946 2504 2918 2947 9010 7409 9643 336 3499 7150 5001 9959 5806 3709 7290 6986 9481 4205 4426 8389 4442 6262 8229 9880 318 1507 1816 968 2914 7188 137 8142 3797 5926 3622 6181 3018 3578 4959 7586 4943 5240 9000 139 7224 9367 5783 2588 2889 13 6689 8455 5552 7211 3715 7968 7758 5464 1880 8120 2443 364 4751 856 7531 3346 
56 3000 3095 9376 3640 4549 6657 2574 4928 3820 9062 7592 3057 9834 5842 507 4279 7333 5588 5138 9658 2508 4230 9981 8401 6487 2435 3264 4332 6958 6140 6135 5472 7917 197 3968 6764 7539 5157 5798 5906 4169 7169 1878 2317 452 1009 9365 9228 5570 6231 6123 8898 5620 6444 2667 951 2106 1715 2209 3842 8561 4098 8852 9448 5295 6283 3893 780 2264 3377 258 2828 66 7804 5060 6519 9063 7331 285 5812 6628 6225 1597 7912 2513 9526 5274 6608 2350 450 3267 8739 9266 920 6381 3784 3634 5212 5586 6576 942 
57 3000 6739 1450 3144 7790 7949 1696 9676 6009 3353 6890 4606 4911 5679 4243 3837 1655 5147 9550 9072 9749 1875 7247 9285 5664 1401 8593 5306 3587 3341 7982 7541 8289 3162 7372 6807 6120 7086 8848 8302 4132 118 5304 8688 7323 7198 9248 6313 4012 7477 9744 4546 9331 1721 7461 8244 6847 2837 7864 3341 8310 9528 2518 9562 1523 3066 8524 6267 6337 7199 6077 1410 8773 1173 4149 3633 3270 5891 4298 7478 3051 3185 2603 1730 8626 8220 9719 880 4407 5022 9064 9714 3456 5129 3128 1030 359 9371 7902 6476 2218 
58 3000 2768 5442 515 7775 2562 4548 7517 4654 9365 9578 1971 4739 1442 7375 1826 7664 2106 2331 4957 2435 251 9568 8753 7180 4003 6248 2833 7015 7497 1005 4884 44 778 1504 9630 1478 2830 125 917 5881 7728 7773 6930 7543 3917 5808 8535 8973 6610 6108 738 7524 3319 9249 7283 136 2507 815 8359 6208 5363 5831 1443 8594 709 1324 5269 2726 3021 7003 6908 3855 3587 4069 1995 2429 4780 2151 8057 7583 7464 4361 988 8765 1520 479 4630 5478 9497 8263 3496 5154 3391 2878 8604 9147 4545 4462 6444 6858 
59 3000 6682 3804 1068 7979 2049 6152 9303 2864 701 3152 9095 1024 2903 2900 968 7751 4651 8132 2621 8861 6332 2527 6635 3570 4499 5144 1319 5482 6769 2980 4671 1719 9856 1652 1471 159 721 4207 3494 4815 851 8058 2848 9324 3657 36 8445 8572 5005 9581 5581 8439 6870 44 8663 3673 4107 8127 7037 3879 4361 1437 3962 7648 1089 4169 8695 4799 9712 920 1706 6749 6898 8618 3020 5012 2959 6579 3680 7820 7378 4698 338 4867 7466 9749 2969 179 136 9825 5711 3117 6806 6893 832 7489 1425 7479 5815 8802 
60 3000 1629 1476 3578 9632 3014 9079 5810 3119 6541 5840 9437 4588 9064 5857 6216 1297 6979 3078 5441 307 3006 737 9792 4475 6085 8911 4294 6583 4410 205 8408 1574 1578 3561 1248 6932 5867 6190 9919 1173 2637 3629 981 468 9859 7931 5042 3386 6767 3966 4469 3771 5635 3859 4231 1733 6680 9549 5861 2771 6088 3470 4550 5018 7168 7361 9356 4615 4628 9198 6550 9204 1978 8257 6076 9550 2057 8292 1143 9287 686 8848 941 2789 3445 4691 6479 1169 5575 3369 9548 6395 5005 897 4816 3539 8506 5560 5039 1148 
61 3000 967 9853 9402 9741 7797 535 4983 8427 454 6815 1344 9654 5095 6660 8246 2079 4355 1230 6486 1564 2251 7432 1868 298 2205 8608 2284 4041 8199 3345 7937 7498 9053 2401 4678 7813 5826 3772 468 6191 2343 5871 4972 7642 8849 8839 2272 8856 8785 3974 6706 4196 8691 1297 1834 9820 1233 5228 2529 5928 1355 8400 189 7132 5557 3591 1079 950 4298 3780 7794 4433 7521 335 3853 8905 3308 9318 1408 2837 9656 5922 2088 2845 9378 7025 961 2805 8134 1879 3627 1105 5581 913 6432 6015 9649 2671 9805 9181 
62 3000 3945 8869 4725 7245 8282 7578 2313 1597 2328 4535 6543 6240 2386 2571 83 3789 1294 9177 3261 9593 1454 2183 6155 3976 985 3567 3806 2616 2998 1389 4557 5034 8000 9849 1524 1219 9421 7475 7178 6373 2267 3423 1065 3781 4896 1920 643 5810 3920 4814 5250 3026 2236 2265 3189 1446 173 1549 1949 7901 9774 3992 1538 3541 2194 32 955 5447 8233 2398 7775 6387 1982 7420 864 2677 7606 4466 6220 184 9241 3496 5940 8447 4026 747 305 2918 8254 2544 2999 5337 6647 7230 9448 2229 4761 5227 8282 1521 
63 3000 4513 7219 5929 7293 2831 460 4327 2644 3435 3207 1764 693 1737 7282 6844 3697 2869 8752 5579 296 2835 6738 1597 890 2788 350 9488 1128 6433 3746 1268 3532 555 9313 5967 7245 8670 8979 2343 5900 7804 3643 4726 3615 8392 735 1978 9117 7310 9903 9587 7986 4023 6816 4880 3028 9865 5100 5360 2767 442 6399 178 8072 1155 8553 4715 6899 5859 1913 8302 7161 8633 3770 5057 7729 8688 915 7854 7550 8393 324 5406 2892 4426 7964 2486 2717 2050 5729 3265 2176 2520 6495 7774 4233 3608 7311 1499 9407 
64 3000 3253 697 8091 3644 6341 4086 5210 4315 4608 7382 3486 4337 9664 8637 8611 4417 9150 7868 6555 3423 6011 8983 1903 6884 901 9847 9320 3607 7708 460 8145 425 2210 9266 100 5066 3848 7591 134 7153 633 2196 388 7321 7168 5965 7280 4466 5805 6712 1726 1115 920 4112 2476 6921 6316 4764 2580 286 5751 5373 8979 8106 6588 4057 5217 3644 6575 9781 7282 2520 3746 9919 2573 6842 9448 5932 1987 7444 4496 7183 5136 4258 8445 2863 8685 4815 1998 2057 7819 861 2531 1924 828 3106 2744 4004 6830 4094 
65 3000 2441 8655 6603 9198 3430 7610 6555 5744 7552 4661 5809 254 7831 4466 6425 3819 2757 9485 6732 5595 3680 5037 7798 4424 5344 2485 3018 8578 9536 544 829 3633 1866 4711 550 8464 1667 4831 1348 9367 5022 773 4323 2301 919 6246 7731 3266 525 725 5317 6792 9593 9514 7783 2567 3983 1930 7375 176 8321 7611 5602 1978 7770 947 4074 4099 2939 3641 8465 5553 7905 5394 5605 5489 1365 2709 3694 8564 920 5831 5642 8435 470 3798 5536 9382 745 7632 8225 6056 2956 1642 2038 1347 5574 2861 4626 2381 
66 3000 4230 8602 1920 4644 4744 2145 230 4223 9278 6542 1451 8181 5612 6552 1408 3052 9544 8701 1322 1460 424 9463 2394 6870 9799 1572 3526 6454 3196 8451 2156 2090 5020 6774 8227 9482 6586 7150 1275 5407 7266 2928 641 3084 8769 7135 8816 5673 2547 7532 7904 7894 315 9797 9209 5774 7707 8836 5953 4519 1057 8215 9117 4506 7294 7717 6400 5410 6975 9031 4316 8445 434 9554 3403 6739 7064 4329 6567 3827 7711 6103 545 275 212 3507 495 8422 8038 7370 7710 5256 2077 5151 459 3407 5532 3493 7952 267 
67 3000 1955 8912 7429 5241 6392 6605 4376 5113 9664 7382 5863 7544 5770 2723 7011 2695 2412 7965 579 2968 4649 3610 9684 884 1675 4757 3633 5072 6718 8660 6896 4397 72 416 1190 200 5246 6768 698 6673 8240 8041 404 9353 9954 8204 7563 1745 1708 3046 6287 66 3898 6491 5264 6118 7772 5031 8591 8282 335 282 9747 641 2371 9666 8676 226 9603 5226 2008 2386 6963 555 6392 4284 5998 5855 4966 6518 5396 1121 6945 2871 4641 7449 338 8176 788 6472 7784 4315 8363 7916 5518 4341 2397 5285 5463 4724 
68 3000 4572 9667 445 5718 2502 1672 2527 9864 2132 1488 4483 8606 3271 7064 4380 7037 8237 419 3297 6774 3642 2077 6163 6951 5286 3625 5723 3339 6194 8395 9627 5597 7759 275 647 2637 4026 640 12 6125 9090 3413 3879 2099 7627 8248 2917 718 8543 1837 5027 4130 1754 7345 1178 2468 8087 1969 4375 7976 2308 2621 1744 7250 9273 9736 9753 1609 3206 9207 2547 5595 104 2441 3416 3591 3259 4546 9383 4569 1916 638 8918 4959 3045 273 2783 9647 6248 8 7988 1095 1783 4085 4890 6587 1719 3236 7401 3600 
69 3000 4212 1620 6333 3303 906 1882 5859 2172 7463 8331 3103 1744 7213 8257 859 6480 7933 1359 3427 9767 1750 7303 5576 8037 8164 1410 4641 3012 207 8460 5731 2078 3714 4629 72 6778 9729 7546 6471 9435 33 4476 5905 7897 5793 8632 9238 8408 9340 3602 8061 6606 9077 5914 8653 6644 7497 5719 9074 8431 2343 5593 9381 3010 881 7480 4965 6051 7306 7744 3015 9471 3265 355 2113 1182 1512 8196 4944 2960 2686 2499 4137 6445 5211 403 1232 7257 8326 635 8765 7246 8234 7322 5490 4862 7384 1923 4712 3650 
70 3000 6868 3288 5756 8872 1952 5840 8555 2254 728 5886 1365 4854 5889 6049 1606 8062 9634 7829 9826 2719 1696 2281 6790 6363 489 8832 3696 8602 7392 2205 5516 4605 4148 7486 7458 6730 3390 3303 4557 4267 2298 3136 4391 1305 9370 4750 2920 2737 4329 7752 3450 8371 1152 9281 8725 5186 4214 7807 6139 7695 7576 5074 6077 6445 7379 6151 3383 4637 7375 7620 1944 2875 7580 3884 2409 2032 6048 1599 3029 4248 3779 2235 3617 2056 2738 2757 2646 5619 7017 4435 7455 8109 7105 9778 7597 9198 7292 7591 1296 6685 
71 3000 6200 6161 5043 6233 431 4563 6309 9250 1345 2095 9384 8876 4965 5837 4341 4114 5001 6332 9130 2066 9006 1400 4786 8310 7649 8065 3776 5396 7121 2619 1460 9464 4662 8801 680 4995 7209 4110 9480 7676 3179 4236 1937 5400 7370 5618 2136 7388 8984 6130 1252 1431 2787 3888 7768 9265 3378 4184 816 66 2598 4544 6638 2068 53 7913 8182 2315 6770 3961 7809 4527 1971 8519 3139 5099 2976 1139 6015 7219 8234 773 4589 3120 3468 9585 8541 4442 962 4882 7417 738 1955 9177 2095 6088 2171 8368 9373 3848 
72 3000 473 8050 9685 9521 640 7944 7941 1752 6267 4462 7491 1450 8793 1385 7217 9035 8658 8675 1743 9806 9572 9408 4782 7441 5924 4829 5595 5615 3309 7542 8582 7747 2175 2813 5998 4873 4607 8007 3794 1638 4223 146 579 422 9209 1588 9712 3582 8462 3846 4514 3826 876 9509 6612 2706 7739 2310 7400 7242 8263 5306 2632 4668 8234 7186 136 5301 1791 6708 650 3538 6329 5251 1793 6977 524 7506 5150 3665 5488 281 6491 7466 9045 9433 9106 1560 3131 4930 275 60 4327 4033 852 7764 7506 2605 7987 8021 
73 3000 2612 4543 959 8729 4566 9339 145 6456 6285 7762 9108 8688 4845 5667 9813 4195 749 5929 968 1533 333 8501 9483 5661 1296 8598 5067 2690 1349 3005 7941 2750 9991 4512 9673 992 3416 4470 7149 6702 2537 3478 9661 555 4139 189 9120 9979 5157 8244 3397 2655 77 1332 2787 8138 1466 6372 9603 7600 3620 4821 885 1706 9346 2111 4243 6605 9862 5205 6820 8057 7823 8278 7387 3671 3478 6533 1550 3285 3940 8128 95 7455 5596 4235 453 4080 9631 7229 1287 3148 678 6989 209 9604 8599 5340 4619 4349 
74 3000 3387 8603 5671 3361 3190 8285 5360 4940 5468 9885 6740 5079 1267 9826 7263 962 2622 520 5242 2582 3086 3541 9444 2489 1379 945 1801 3661 8169 4696 3255 5502 5972 4226 2715 7957 2182 2122 9158 3766 5219 7929 6831 8829 3809 89 3603 706 9388 5997 2420 5233 1626 183 5901 1276 7080 624 4051 3595 975 3177 5099 3843 2101 4135 9467 9687 844 911 6855 2054 336 852 6461 502 735 8163 315 6715 6626 8976 9749 6127 7546 4526 4984 7665 1640 2462 7845 1622 2439 6282 7604 5653 8756 2889 9939 8892 
75 3000 7721 8277 9030 4208 928 1338 2768 8563 3716 5798 1101 1519 7568 270 7493 1854 5640 6445 3519 2310 1416 5394 6575 2459 479 2008 721 9709 5419 7549 646 8415 3857 341 8757 7131 9602 4575 5391 3980 6920 7240 2162 148 7947 3187 8416 1508 3205 8311 832 8364 5265 856 6127 3323 5515 853 6901 7292 4072 7676 602 3597 2799 5728 1613 229 1465 8246 6469 220 7019 9238 2198 130 5995 3539 7782 6678 34 4998 8749 1482 4544 2783 4890 3930 469 5816 1095 2181 9198 5331 1319 2279 590 5559 5674 5406 
76 3000 4124 2538 641 3249 3182 1040 2412 1495 2445 9636 3354 1458 8423 3880 1598 9819 3111 7611 3754 6498 759 2394 754 655 7780 5073 6811 4805 5775 3459 1516 7066 7688 136 5044 1534 7079 4393 6504 6773 529 2289 5396 2439 3167 4828 6203 4028 7323 4275 6107 5743 4305 8585 5830 1493 9299 3964 3593 4014 9400 5550 2215 2114 4764 6225 9319 6042 2879 3547 676 992 5979 4808 6671 8713 1560 217 1891 7264 6038 4212 7838 8882 1527 4889 8773 5975 5739 1564 678 5250 5010 455 3348 9952 458 8492 5603 241 
77 3000 7254 5250 3629 1682 7029 3004 2444 1871 3397 4919 488 5182 614 1356 7335 5631 5346 4302 4535 7880 1581 9933 9580 6354 8649 9298 2991 2487 2379 7122 8535 96 9372 8748 6563 8872 4409 5187 478 6006 974 6308 6320 5935 4907 2143 5486 8208 1181 2322 567 3488 3808 3633 4312 7668 8862 5700 1719 4122 633 4800 5254 4074 904 5790 3181 5091 1354 2168 1036 7710 9085 4256 6214 178 5274 5509 5682 1329 6952 6949 6820 1576 1903 9723 1387 2033 6695 5786 2610 1762 7829 6712 5398 3142 6019 625 9682 5369 
78 3000 3595 7257 6883 6073 5025 1136 9495 1065 575 2888 3810 2212 3079 8679 5745 3426 7848 7764 9821 4792 5691 8179 1239 4810 9073 544 1106 768 1388 0 4769 7235 9364 6266 3281 2688 8589 1821 7991 4251 2165 8218 8258 572 2482 511 2294 2816 6125 9817 1125 3786 1897 4001 5682 5172 1974 6480 7018 2917 6180 3163 9643 719 9395 7503 7995 1646 2073 3685 6026 7889 3903 7933 9917 8627 581 7942 3918 6025 3717 442 9315 9358 3857 6875 6516 7251 6638 7207 270 8057 2066 1863 8004 8349 6919 1781 1289 9541 
79 3000 270 6601 428 2635 2145 968 2174 1094 5296 8972 567 1833 106 6700 903 4348 2615 2925 6817 7952 5672 7910 503 7154 3215 347 6055 5155 7668 2410 5925 5462 476 2941 521 1642 5749 8760 917 5188 7047 4098 4694 1520 7275 8152 4903 4098 1717 773 2160 6678 4186 6275 9855 3676 6297 5364 2495 8666 9877 5199 7168 1002 2486 7579 8134 564 6073 5244 4537 628 8753 6317 1248 8863 9706 6857 2830 6451 7208 1544 623 5335 9785 2487 2964 3588 482 6161 8527 8912 4276 8460 2781 253 8594 7887 7591 7557 
80 3000 6974 6855 3921 9630 5834 1129 7682 143 4381 7377 8696 1749 7633 8858 2781 8327 2577 9232 6970 5359 7440 4487 7851 8421 4098 3004 3029 9807 3596 3739 5718 3274 4809 2530 2457 6911 6211 6531 3947 4139 783 6772 9015 2832 4037 8841 1710 2557 5170 1694 1510 9954 1341 4589 6668 2224 5075 2140 674 8755 4787 7508 1843 869 8436 3702 6036 9687 304 3021 2493 2131 894 4602 2802 5043 9963 114 2987 7431 2670 7561 8724 840 8855 3216 3681 7849 5441 1680 980 8690 1961 4066 7791 5997 9213 4309 3045 7675 
81 3000 1032 3597 8272 7897 9197 2928 1569 6224 1459 3801 4688 4852 2687 7017 3250 3985 9152 9616 89 5325 5927 9933 1711 3702 7414 788 7889 6812 996 786 4373 3092 3815 3757 8735 7717 2675 6312 9330 6716 7067 3526 7388 9225 5326 2748 2227 7854 3901 5536 9594 7183 9766 7711 3131 385 5940 7545 8961 3969 143 2068 3409 656 6573 1500 3833 369 808 1812 2600 9361 7834 5409 4165 7454 3195 9940 5294 3415 7273 5225 8398 8451 2690 8324 8003 7829 4834 6712 336 621 5511 9590 6041 7582 9726 7322 6018 7135 
82 3000 5581 8990 391 9501 7304 8076 594 8944 1402 6277 4588 4135 5938 5431 5201 6659 2932 7582 1592 7626 3891 3160 3839 2424 8459 7289 658 3587 6195 4224 240 1792 1475 9906 4217 4979 1522 2649 4751 5598 7554 1946 4750 5980 9065 5402 1205 1835 1224 3797 1660 3868 5406 4263 3795 7531 2843 1600 8148 889 1398 7702 3951 620 5473 9121 8093 6134 9034 2751 7214 1821 1759 9632 2917 7418 8324 6886 111 6510 799 7778 8471 3148 4175 9895 7032 6596 5020 1458 1902 4204 3256 5754 7102 2398 7058 3696 8531 5810 
83 3000 883 4506 1056 4517 6624 4521 8729 9414 7886 4131 8120 5712 7388 2836 4789 4556 7491 2427 2875 2775 3849 8298 7806 748 2189 8878 2143 8406 8211 3191 4545 9349 615 6535 1856 3091 7256 4298 4323 5436 4420 3885 3932 6971 9225 4782 5878 9685 5150 6734 3151 1720 687 6058 4250 240 1117 74 4027 2423 3415 9665 7650 4591 4275 9962 7689 9447 1263 9148 4339 1451 7096 5397 8750 315 7042 1926 9502 2626 9447 188 2185 1587 9390 1171 2122 4894 5459 4838 205 729 9652 7681 1858 1879 407 8411 9132 7989 
84 3000 8753 1758 5915 5925 7585 413 6275 8276 4071 5079 5923 9971 5177 2662 6804 3030 6317 2574 4812 9429 3136 1168 627 2101 6406 4299 3684 4055 58 8004 9260 5621 2332 7313 8690 9825 55 3182 2707 5881 6045 7552 7906 813 9634 6530 6335 9203 325 1702 8207 1061 4567 9564 7745 7821 5658 9079 2140 6460 6770 7364 3649 1748 7108 3498 4803 6618 1177 453 6748 660 1195 5154 715 6742 2613 6664 2603 5761 2771 2491 697 9507 2673 3022 6509 1666 1890 4081 8742 6936 6591 7615 377 8275 688 499 8892 2271 
85 3000 121 1473 9599 2642 255 6196 2113 1851 6411 437 9934 857 7513 1375 3170 6984 2872 7040 4372 9917 2086 3867 7501 5825 8063 2379 18 9604 3181 1002 8095 5251 8557 7990 4962 4356 6458 1490 2363 2731 5820 7723 5154 5146 908 7292 9014 8208 3087 9618 1284 1353 5727 5496 4933 5969 2233 7780 5650 2641 7192 191 2053 6523 654 4253 9036 833 5534 4345 4230 8474 8137 894 7591 1782 1813 1676 4119 396 3735 1253 9696 7253 4797 8530 51 2710 2646 2440 2847 6791 7831 5754 2903 9556 3084 7009 524 9601 
86 3000 5717 572 2977 672 3156 4824 9069 6420 1587 8463 6873 3265 7737 4942 4561 1396 3777 5028 4368 3889 5345 7483 9688 3956 2704 7874 5283 316 5014 5506 627 689 7740 8482 6367 3417 3172 6885 3916 7214 4086 4088 8165 9032 514 6185 3327 61 9650 9552 1898 9848 8877 6531 6747 8542 1918 9238 6334 7270 8116 1493 3046 6627 4833 8885 4665 3301 2980 6952 8957 4818 5668 7487 1384 2414 9984 2978 5948 2029 1898 9162 9155 3429 4285 5708 7101 7453 8082 5031 5692 1384 6560 9218 3982 2444 2731 5092 634 9415 
87 3000 9876 7395 3518 2387 5190 95 2417 627 6568 5821 4874 8577 2504 3418 5152 9973 5116 3637 6326 93 6302 2939 5498 6125 7015 5428 2135 5669 9666 2913 9538 3351 3653 3090 9426 5574 4009 5849 9655 3389 3186 7710 5056 3487 5950 4381 1403 7324 7413 1441 2498 8366 4186 3147 389 7461 8651 9372 8709 6332 6369 659 9140 9201 6607 1408 1006 2535 5984 1183 3984 2915 5258 4145 3946 3036 9219 6612 1922 5821 9722 2742 6194 6677 1841 8341 7505 3857 3138 2797 7403 6961 6074 9140 9705 3557 3532 2223 5086 3923 
88 3000 7471 5033 8795 3924 703 3123 1494 6004 1792 7171 3223 8308 3088 3664 489 1930 1875 3706 6483 6282 4646 9952 4418 2587 4512 1667 3995 5510 1725 7908 991 2892 7329 8835 9976 3630 9941 5143 152 3670 5653 5619 4319 126 1056 2830 960 3530 9395 6929 9463 8200 9845 7585 8457 739 9917 4051 7274 6652 979 3336 547 5098 6913 6525 5915 1753 5894 3201 4872 9814 5284 4016 6723 9116 9670 1363 5683 3380 2008 8193 1084 5580 7905 4944 719 1445 3020 4601 7307 1076 3589 5880 8081 8693 83 4536 7502 507 
89 3000 3979 2798 3103 715 7667 6923 4450 5621 7476 2887 5234 5885 9823 186 8483 6888 496 3777 4907 7236 7054 4129 4357 5373 4351 5413 418 4334 3194 1807 8124 4611 2118 1929 4797 5152 2285 1400 4013 2483 5518 3523 2689 7949 5446 8093 1301 3091 1788 8332 7221 3140 7751 5945 1187 8634 559 4308 6885 5173 5106 9771 3671 1280 730 1094 2407 4405 1120 7008 4426 5042 7341 1895 3624 8977 3985 9598 1674 7656 8450 5356 6363 6686 3344 5860 3061 2452 2009 7438 9308 6865 7174 2364 2531 232 2735 3290 881 2253 
90 3000 8655 5807 7202 1142 8990 9126 6117 872 3047 4889 4243 6549 9653 4099 3534 7905 4565 2184 7743 919 994 2177 2013 7565 3257 6023 5593 3683 3553 4016 7673 4975 1871 2359 6356 1123 9011 8840 742 8040 2739 6649 6145 8238 7066 6308 2434 9325 4648 5728 5496 625 2311 8396 1827 7926 9711 9682 6245 6351 1104 1270 2733 1350 252 3722 8400 7827 8448 7158 575 7384 5670 65 7019 3689 4860 6231 9266 5975 9323 9802 9085 663 3254 8470 8075 1104 5395 4776 376 5451 5809 5549 8511 2658 5780 9459 2349 6597 
91 3000 846 2705 1194 8309 6947 2823 9005 6368 9705 616 2729 5386 6823 217 3772 2625 3618 7271 2584 2752 1666 5243 6376 701 585 9852 9960 2678 2936 1630 9716 5274 2249 6604 674 2718 4176 5107 6740 2243 769 8711 4027 7585 7882 5283 7322 603 5698 2172 9679 1024 2381 7517 5132 4318 855 9677 4531 7689 8705 4794 4514 4200 1204 2477 9592 5017 7466 9604 7364 9781 9724 2264 6859 5103 5731 5811 9998 1188 4288 3047 6188 6576 3897 533 33 1018 4537 3021 2175 6471 2568 6014 3259 6217 8754 6447 1023 2110 
92 3000 9423 1499 515 9948 739 5524 7426 2969 6103 5112 4564 3472 6685 2269 1436 2561 5073 5728 6968 8019 2052 383 5342 303 6507 4848 4962 6666 8445 7137 544 3400 5156 8477 8331 6211 484 5239 4431 8712 7230 8996 6283 9047 2682 4709 7249 4633 7265 7036 4325 5036 6320 4761 8984 2965 5004 3358 1138 3390 6322 5671 6231 793 2272 725 5452 4537 8129 655 9074 2361 9844 5773 2920 2004 4574 7743 7954 947 4331 894 2994 4287 2760 1654 553 734 5044 6105 5801 6729 929 5672 8661 8692 877 926 9016 3393 
93 3000 5343 3522 5056 6446 7179 6254 4737 8936 7157 1241 377 2157 2628 6236 6363 489 9292 9058 9999 2392 6107 149 5464 9527 3312 3262 908 4002 3580 4269 8662 3745 6298 8088 8578 5996 4966 3750 4499 8934 7726 7579 3843 1418 1013 4499 320 858 6336 7472 9773 9217 176 5050 9141 7124 7015 7065 8550 6127 5488 8436 6528 9060 7662 1100 8342 8541 1438 4071 7469 3591 6074 1628 179 4383 845 9618 3255 5111 6813 9894 4827 4988 1734 2869 8345 7363 8083 8204 9663 6971 4208 3615 7253 5305 8606 1806 5549 4108 
94 3000 7327 5528 1411 6997 4499 762 3712 9208 5980 8029 6055 5466 6142 1822 2612 5985 7763 8166 7091 584 5061 301 4822 939 9848 2491 7976 948 800 1956 3900 5229 5866 8931 6589 5745 7793 4854 1267 6545 2777 8666 2110 6638 2243 1254 3079 986 7745 8003 1891 9631 8995 9481 7104 4935 5015 249 8335 6954 8413 5796 9597 6932 2787 7591 5766 8927 3252 6276 2171 9550 91 2966 7308 5844 5535 8689 8680 1273 3663 1939 1760 9845 3429 4365 2086 8363 4817 4575 469 6790 8116 74 1339 6746 6323 7319 4205 8133 
95 3000 672 9902 8250 3878 9282 4865 38 2802 8940 7124 4365 622 9999 2035 8212 9068 4408 6077 7843 3128 6860 5655 9017 6424 9077 4040 329 4701 7206 6424 9672 7457 2346 3106 3829 7681 4206 797 1189 9728 7877 2057 7585 5315 3736 2852 5259 7641 476 8240 4951 3634 1253 6173 1118 4321 2969 9440 268 3326 8668 5718 2428 3490 3070 5759 5735 1615 1220 9698 4149 1339 265 1486 8292 4130 4357 1451 9416 8406 2680 6976 6487 6785 603 1316 6410 1450 3959 523 7356 7651 6442 8511 5238 5323 139 235 3295 8834 
96 3000 9183 3004 4807 4852 6525 5910 8937 8346 3842 7391 9695 6706 4563 910 8027 1985 18 8769 7031 1276 8718 4037 296 5204 8760 613 3366 4549 3348 1407 8334 4992 9450 4650 1552 9983 9576 8326 4472 1743 6676 2733 7612 381 2171 1164 7647 1139 7104 8718 7621 9766 6417 9230 287 6015 6355 336 4576 5259 4991 6649 5179 8243 5881 1073 5272 8950 4839 4233 2346 601 9840 2039 7180 9774 4048 1361 5924 8651 1969 3847 5318 5388 8724 7850 1033 2613 2459 8489 9130 4045 9864 5832 656 9242 4832 1206 9356 6468 
97 3000 234 1629 2512 3697 2817 2367 4911 7726 1240 7625 5932 1425 7220 9344 9761 9108 9810 4146 8732 28 2804 8384 9792 9999 5261 1331 4090 1142 5161 6487 9692 9756 6179 1010 7421 2313 7589 3280 9821 9580 7292 8577 3249 8866 7966 2893 3088 4393 6346 4864 2088 5789 5624 5830 1827 4713 978 8018 7309 9600 8225 850 4670 8529 5596 5377 2023 226 8639 6838 3422 3176 8248 5342 5951 2878 1813 4679 9939 7209 7499 9253 2300 9924 1649 9139 2998 2278 9309 3266 4638 2767 7882 731 5178 5005 3904 226 3771 3716 
98 3000 2949 7600 9729 8858 2653 1542 4614 7865 8869 7389 7451 6024 4942 9062 3070 4965 4114 9120 3569 9286 5050 6949 2903 1300 489 5066 4604 3900 9024 3556 2614 1564 1 2628 5254 9466 1552 3300 2313 732 1741 6208 5264 1804 2843 8537 600 5939 8750 9085 6302 4830 5494 1439 1431 8352 4903 5290 8838 2432 1374 5865 1005 5047 1779 1482 9012 343 8491 9240 4626 882 5536 8821 5516 8015 7872 4429 3589 376 3789 4844 6463 500 438 1609 2048 9577 2482 5339 6268 316 3875 150 3894 7945 2763 6223 2516 9329 
99 3000 9513 484 9629 221 7863 5414 2845 626 9200 5983 3241 8305 9965 4707 1814 389 2176 4833 9080 3130 7083 1648 7782 9770 1947 1911 8733 6537 9938 1411 9781 6768 3165 656 7897 3152 8828 8673 4392 8103 8496 4949 3255 2256 509 9485 2620 1088 5502 984 9353 9665 5064 3153 6770 5510 3510 9144 5473 9604 2785 4108 7319 5501 490 5878 2506 6580 1039 3783 9793 1411 9931 5574 9833 7257 1154 2489 1644 1690 7713 2433 2194 2336 5282 1289 9120 4754 8984 2348 6565 8423 3286 3872 4144 869 5034 4774 9034 9908 
100 3000 9604 8429 1188 4019 174 4607 1676 839 132 9529 4149 3785 8602 4056 9428 6799 9095 9992 3220 7218 1288 4521 6959 6775 5924 2765 1770 715 2842 8467 5556 5042 2129 2798 3216 1893 8394 1295 9986 3031 8176 8916 7899 1467 465 3224 5381 1206 360 5698 9960 5119 5843 1162 4109 939 7682 5348 4211 5380 2459 579 2648 6386 8722 9574 3015 3500 6263 7387 8463 6361 8518 1460 3159 1326 8096 9811 6880 6212 5434 7341 2728 3173 568 267 7964 9693 8041 8681 7980 7706 4929 7234 3386 843 1992 3944 224 9806 
