FILE: 1623UnifS.txt
100 100 0 
1 3000 5477 9355 6331 3659 8190 7724 8250 3959 9110 6772 7150 836 7996 6362 7023 588 5390 7211 4548 7977 4710 3143 5245 41 7461 1454 2753 8024 1578 1413 1232 7435 2891 879 890 6234 9710 1050 6633 1137 545 9333 9848 2053 4947 340 3299 4640 7465 5010 9160 991 4746 7854 162 8441 5740 2326 3877 6500 5048 4319 111 1913 9382 3789 1441 1843 7156 4497 6862 5180 1202 1881 8565 1975 4609 9056 1839 995 9688 929 8100 5414 59 6450 1043 6612 5872 8980 5918 6118 2142 4790 1933 5661 214 9677 7781 5359 
2 3000 2355 3719 296 25 9469 4134 6222 3600 1935 6289 7125 1714 3570 2810 7413 2367 8726 836 5494 4739 2496 7386 8046 6125 4061 2854 7429 6990 3150 2636 2205 4155 9634 6870 790 2107 6235 8309 8239 2427 4374 8318 6140 1356 3127 995 5645 5474 1322 5416 3622 5509 2751 6008 1932 8271 4507 1042 9833 6711 8455 9257 9506 8105 5817 4605 4704 361 4888 9121 2537 6453 1877 3922 8366 6983 4871 8325 3839 859 924 7095 8035 4106 6274 5815 1745 6802 9681 4382 4878 8134 8892 8632 6980 9580 232 77 894 6222 
3 3000 1317 3788 9533 6177 6897 4381 5787 8155 7817 142 5542 7143 3109 5275 3840 8217 5206 272 4156 8468 8285 404 794 7070 9725 2352 4421 3455 4704 8942 717 3628 3911 2027 2150 4597 4384 3473 2883 6932 3477 4288 6797 5451 5951 1863 8646 8026 4184 5346 8334 2516 1518 9137 8315 1828 8717 4509 4126 7102 3561 9354 8031 9012 3559 6054 5806 7210 1790 7479 6637 7875 5867 1105 6149 9405 28 1262 2558 6219 348 9506 5948 694 3083 3111 674 3221 6132 1696 888 394 3627 1966 9194 1311 3648 587 8422 2014 
4 3000 9065 5177 6533 8045 1499 3434 4645 5129 8415 376 8186 7982 3335 3716 1170 7250 9181 7354 3602 4558 4734 3004 2003 5704 4229 9934 3063 1960 68 2841 417 9509 8660 7848 4552 7002 9386 6618 5828 1245 6689 8611 635 1001 5286 1444 669 8932 8513 9396 5332 1650 9786 24 7265 7906 7193 8911 995 4895 1208 2535 4712 2691 5528 9269 5177 6807 1044 8498 5743 8876 2925 7869 7514 5461 837 8657 3614 4988 2279 9266 6597 2808 9052 6849 8970 4372 6846 7051 6847 6551 7956 1884 6726 7059 7119 5721 5389 2020 
5 3000 485 9416 2936 1645 7701 2555 8930 4047 7128 3821 1676 7167 4182 9494 629 8841 2796 71 1913 4976 14 5010 6978 5863 3700 5606 4379 611 3384 5982 4673 9701 4223 2214 8452 5676 4092 9574 7490 1945 3798 7904 9025 9717 422 5109 3160 3061 3782 8780 3387 2090 6022 5941 244 4268 4330 916 8091 3844 6775 1332 5010 9412 1272 2233 5834 9592 7674 8331 8302 6840 2985 4372 2331 9384 9701 3640 2423 1278 7272 4570 3189 588 6697 5498 8004 5701 8234 7533 782 9758 2242 5551 882 3213 3145 7316 1129 4515 
6 3000 6524 728 8973 8919 9328 9192 763 5418 3219 5116 9150 1802 1032 1531 3613 7842 6366 1836 4114 6597 6301 7673 7873 3850 7236 4917 9272 5664 3856 7804 2881 4069 1217 1171 9611 867 9966 831 5992 9567 4678 2067 6573 5445 5323 6256 9454 3726 1853 5610 4931 5892 1919 6052 7282 4117 1710 8210 9662 3826 9919 6539 2134 4376 4830 6564 2823 7868 4537 255 2187 6078 280 9522 426 5517 2911 7836 8007 613 2486 9973 9314 5021 978 9888 9430 1059 8114 6710 4035 7259 347 8862 2435 4060 2940 6311 3716 7610 
7 3000 5180 931 6018 1700 8724 5011 8940 7827 9058 7863 9066 3375 91 580 8620 7921 1865 8897 7237 7673 1400 4195 6873 8025 6655 2616 9828 4244 3621 2316 9898 276 6534 8827 6655 5680 1213 8562 2848 688 1529 430 4928 9386 8993 5585 6705 1026 5469 5296 6122 9457 9017 6944 5159 683 2855 8143 2857 8551 7451 8984 1476 8554 5737 2409 5769 9767 1447 2705 5382 4909 587 2127 386 8519 6020 5642 9928 3272 5180 3802 4007 4409 919 3738 8374 2295 5462 8284 2568 3104 7506 3219 1059 7628 2427 2643 7528 8209 
8 3000 5628 2469 2275 3801 8996 2046 2736 3147 496 3906 7146 6095 6886 1631 1309 3027 9555 5855 8503 2420 3489 8380 2506 6525 9361 4425 3752 5183 8745 2997 8604 7754 2457 5384 1759 3174 2019 1780 1773 8143 4249 6031 9717 3431 8975 8501 950 8310 9877 7075 26 3119 8449 6274 8715 9938 1093 4507 7164 1407 9328 9437 8166 7649 3135 1478 4566 1339 7421 5420 9791 880 1604 171 1497 1713 2336 6628 8350 5755 9336 3676 9926 8953 4357 2308 9741 6967 3278 7869 1402 8983 1315 430 7883 9644 1364 3282 3930 9107 
9 3000 5464 9558 1586 1231 9388 6981 8845 9880 359 729 1428 3361 7884 4439 7686 6982 7727 9323 6628 3733 8992 1415 9073 3098 4344 6943 1926 7985 3343 5824 5582 9788 8913 3286 4452 1569 6927 9614 617 9365 8930 8021 604 1625 7971 643 5288 6767 7571 2662 2922 8861 3812 4550 5285 1437 555 2443 6965 9421 7776 6634 7755 9193 3030 8195 8184 6767 6047 3726 8171 4104 6440 8220 8798 3546 4549 6066 7214 369 5403 165 4667 3473 5814 9177 7646 4186 4586 2896 2169 3201 5862 5741 1181 5631 5581 8378 5078 4198 
10 3000 1074 7470 5365 534 3777 3544 1430 4621 5068 6989 448 2347 5238 2175 407 1192 5573 9702 6262 4030 3576 6770 9209 1071 1303 5674 9092 9915 6828 426 9927 3735 8835 1501 8555 7588 4329 8709 6420 2848 9481 2190 4471 9763 3588 1533 1189 8141 6166 3028 3741 6155 7163 5031 2255 7281 300 1462 7222 5354 9535 3430 28 7752 8654 8973 6600 6704 3985 932 4188 8727 238 2948 1266 2178 9468 3582 557 2943 3169 8560 5191 8246 7486 1145 7975 8577 1554 636 3802 7758 8966 8984 5174 1121 2360 5541 856 1817 
11 3000 1135 9930 7654 5254 2290 3044 5315 1650 4391 6163 4556 6722 4659 8201 8219 489 9184 1080 5541 4209 6267 3224 9566 5439 2885 1178 7662 1215 4278 9358 5182 9362 6666 7920 2238 7928 3089 8756 3600 2742 2371 9618 1731 3100 1211 6357 2932 5569 9395 3303 6623 5924 8139 1755 7744 9207 1554 6604 2285 7908 1233 1078 5934 8274 3967 9617 5859 4746 2585 8864 5605 2514 9921 6788 3127 8200 5901 9932 1938 8672 7758 8780 5389 7971 3373 1259 4071 2373 7739 4354 6339 3572 2553 3858 1971 9990 8926 2240 8938 6207 
12 3000 3230 4647 3311 525 6056 3016 2288 646 4306 8329 344 7484 6412 978 8510 7097 668 9265 6777 746 6702 6020 9619 3080 63 3349 4649 8444 9934 5505 4394 5310 9976 9884 1201 8838 2288 6143 5260 1561 4503 3454 5758 2190 9995 5864 5157 2550 1226 5803 6596 2638 6207 5694 4419 3807 8089 7708 7825 73 7878 1629 7648 7551 272 854 6257 2012 2632 6512 587 4567 7066 9710 8286 5475 5646 1905 6998 6078 8749 3401 6760 8859 6518 9967 5535 5623 3459 7587 7858 3811 6146 5328 6619 929 4071 6337 7962 7108 
13 3000 3601 6963 9315 5788 5073 4001 538 2526 3004 67 8204 1931 9437 7089 3002 2720 399 7932 261 904 5497 6143 3604 1095 628 3820 1728 5942 3824 7613 8299 3686 4209 2839 4988 3846 4099 5733 7619 1027 4208 3817 5445 6854 1991 4396 3554 30 3113 1180 8393 4521 6030 9027 6422 5860 9713 6821 5893 5588 4481 8459 1749 3807 5970 1981 3652 9865 2221 6810 7137 1165 3895 9123 7890 98 7614 5352 9147 9102 2423 3802 2224 3847 9385 4396 168 4542 4288 6548 4536 5366 3494 5157 5295 2032 2897 4732 3850 7468 
14 3000 15 1634 9201 5624 9206 4450 7210 3408 6 2486 3016 745 8595 2392 6551 8757 2387 2903 1201 6075 7743 7717 5576 3272 814 6484 8419 5421 1503 3933 6629 2777 556 7112 6416 9591 9777 766 7575 1035 5367 827 892 8270 4390 6039 8668 1622 4362 7703 8376 1896 5966 7546 9433 9806 8893 3721 3104 3534 804 4926 5533 4417 9422 2647 3891 750 7749 1538 5654 9725 2400 7905 1007 7487 5073 6337 8370 7317 7137 4450 3052 5941 7346 5752 9026 7965 2681 647 3833 8433 2311 5552 6607 3509 4688 144 9233 9288 
15 3000 7760 2731 617 8727 2306 3748 4094 6707 8408 7378 7952 3213 5038 1297 9087 4644 2772 4550 9777 3247 9629 3540 7587 4677 39 6154 8396 3677 6931 4007 2549 7890 6948 2814 4135 9789 8785 886 3386 6741 4658 5752 2209 9184 4892 8901 2837 6941 5632 8659 9604 3651 9689 1181 3849 9328 502 9573 1945 1045 9227 1139 6448 1741 4952 2752 377 7159 8039 4349 4614 898 6587 551 8436 7603 6023 414 3160 4268 1815 5294 8928 9674 5312 4848 4602 1945 2713 1151 798 4234 7151 947 6035 8528 3911 6014 6013 7585 
16 3000 8769 1665 6012 4991 9459 3368 6428 3343 259 1491 1414 560 9709 4173 668 4314 1450 8321 4328 4590 8186 8730 1001 4368 8780 5332 8920 8435 8463 8564 212 314 2176 2864 8312 7328 1037 8295 8479 3777 1926 287 1456 2253 204 7512 245 3070 5552 7878 9 1822 935 2652 1099 5071 4690 8701 5208 4148 5747 8871 4646 7096 1962 476 4745 8721 1585 1922 9384 8779 7849 7455 9643 8283 6688 28 5578 3939 7571 2301 1128 703 7473 5758 2136 2464 7958 7958 7508 853 5403 7901 3484 2178 4327 9529 1045 2480 
17 3000 3866 3343 6439 720 7355 6150 4833 85 5049 8938 7088 7421 9958 2867 9667 793 6813 3390 7658 5172 4160 2506 927 6235 9567 9121 3396 2308 7973 7553 5444 4416 3145 4147 9439 4475 2271 2027 8383 1594 3677 3959 7694 6511 7663 3356 109 4153 471 3391 3709 4317 1371 4249 3072 480 2880 8497 3551 6734 4101 4577 8675 2840 7184 8429 678 7416 6922 3239 4150 9246 3460 7308 2816 6709 8139 47 9436 5343 2458 6101 8835 3522 168 7593 4051 6274 2480 4497 5620 7204 6411 3130 3969 8561 6248 2779 4951 9417 
18 3000 8134 441 8493 1977 7786 3701 374 6014 1335 1720 7131 1423 9290 4363 4079 8911 3627 9442 6472 8801 8005 8087 3772 7966 1107 8242 7059 4890 3101 6288 9553 2850 5234 6787 268 1222 2545 354 788 4921 9704 9654 5175 1955 9979 3518 2988 9106 7324 9199 5441 5748 1594 2734 4678 5769 6887 7442 6178 7639 3005 550 4279 2588 47 7932 832 917 6124 6986 6979 6431 8196 7627 8052 8998 6039 1409 1606 5231 9336 8770 8566 7299 7886 4405 7508 9860 4954 760 2059 5117 3725 9655 1425 6005 6901 2029 4045 7497 
19 3000 9414 5813 4365 6040 4263 1921 2743 7113 1485 8377 8477 908 238 2558 5954 6142 4020 1566 3930 1988 9009 724 7932 8135 5524 196 5784 2973 2621 9734 6261 9898 5801 1551 867 1748 7856 1313 8732 3362 2829 7263 4648 2261 3107 7468 214 7460 9634 5185 8116 6399 5252 2364 9532 4 1166 1263 4652 5866 6533 4200 6340 9555 1176 1417 6904 4051 1426 7083 8000 7303 9085 3410 3662 7912 3519 2903 6452 8940 6867 8728 6735 9844 2386 3209 5089 6533 5915 4450 7824 9556 464 1081 5639 404 3926 5129 5397 5949 
20 3000 9924 3011 5031 999 1768 4660 1566 8985 9550 769 2275 767 357 8162 8958 1569 1611 3289 5338 6035 7534 3848 7595 1417 8739 8533 8014 8881 4941 4902 1766 2938 801 5375 6806 9009 4890 1354 6902 9103 1776 5470 7792 5627 7243 1954 6453 3322 6628 5132 3510 9319 6288 6048 8759 1322 8185 7209 9824 3920 7609 5454 3930 3017 4009 2955 2807 8394 4965 6333 718 4388 3273 3909 5609 8705 7164 1070 3391 9352 3639 3769 5337 9695 4938 143 8612 1644 8128 263 9926 6958 7818 4001 2310 6685 1998 7030 5018 8715 
21 3000 1007 4941 6557 3464 9619 5492 835 7687 2259 8978 6442 6407 1345 6728 9052 2975 8751 7724 6948 7255 395 3350 9677 1930 3958 261 9825 6939 9721 1380 7921 2031 4530 5018 464 7454 8888 2122 1076 2758 7166 1644 4776 3734 947 4038 5388 7469 5488 2883 6063 5529 9310 4624 2935 5272 6917 6450 1895 9277 4627 2284 8498 2905 9547 6907 985 9981 1657 8204 6439 6604 9024 7535 63 3082 6146 8230 7576 3987 5414 2211 751 6339 1702 4740 6056 5919 83 7285 6440 1697 6669 8521 6231 8395 2573 3449 9164 7167 
22 3000 1002 642 9533 4411 7471 7618 6472 8699 3143 4332 1350 5840 1292 4802 8307 2058 6895 6851 7899 5307 9346 9982 3881 4698 8297 1370 3104 8063 2619 9985 8546 7637 2499 8840 5465 3864 4647 5359 673 7333 639 9873 4942 8839 8386 2246 8527 7559 6716 6613 9822 7371 3094 4259 7136 1277 4462 4611 3597 3970 1202 4359 5176 2513 4225 4704 1842 5148 5189 6726 1838 8232 9837 4884 9083 1293 4460 8635 3704 215 5490 2179 5680 8547 2216 2332 1627 6933 2616 4523 4695 675 2333 6911 7600 5417 6756 2636 8771 949 
23 3000 6237 184 1634 3144 4436 1892 7008 4015 9777 560 8634 9900 46 4203 1832 7770 100 8919 5272 9662 2710 9886 5879 5240 2527 484 6861 2474 3167 9541 8861 6453 7429 6702 4233 6316 638 5928 4447 313 7101 7115 613 8985 9707 5840 7136 6476 2635 1235 8492 9965 7196 1978 9131 7225 797 419 6505 2306 9035 4824 7218 9345 905 9746 6304 4498 7144 4521 9633 5999 1696 9891 9434 2344 6301 2745 2948 8600 8210 8997 4207 838 1023 4579 8935 8690 8658 4558 2577 6037 2436 389 1449 9811 1301 5282 7017 6937 
24 3000 5155 7700 3300 9384 1325 2978 7393 7351 4154 3071 3126 579 7713 4424 7836 7780 1644 3968 2272 4196 122 3242 3622 7288 3947 640 1663 536 5758 1778 8043 5381 8373 7994 8678 1277 6253 2970 9285 3878 92 7473 4027 1347 4533 2230 7300 8788 9009 8924 8625 804 1703 9314 684 2184 6643 2481 467 6706 3914 199 3550 4078 2999 433 1501 4989 9242 8958 2404 4298 3440 9105 4510 2340 4559 9634 3018 4361 5570 728 9977 8074 2416 8116 7309 9347 6101 5317 2967 6007 7908 4014 210 9777 7733 2546 2 6332 
25 3000 5556 2534 6546 3485 6026 3621 5931 7494 6180 6351 7911 7497 6278 3157 809 8067 3773 7489 9541 9900 397 1052 6772 8623 2378 9188 7191 1724 3778 4362 4912 3615 2960 7789 4005 8811 2176 9176 2147 3244 284 4599 7398 3693 8584 2492 8104 5343 9789 7774 5926 7467 107 4091 1990 7241 4462 4189 6164 1669 4833 8411 9463 7649 1716 1315 9577 150 8715 6425 9517 8526 259 9095 9399 949 2440 7512 1345 6962 6976 1815 7508 8171 8307 1337 1226 7046 3801 9983 1298 3860 7101 9722 9389 1744 4588 2205 555 9874 
26 3000 4970 8520 6897 4775 1995 7054 4335 9761 296 9496 2515 2486 4350 4952 7833 634 573 2195 9589 5723 2531 38 9264 5043 9283 5823 2922 1711 6841 2050 6737 2856 2767 1117 5645 5927 3880 8195 5124 3128 7103 2223 6094 3975 3423 5027 2944 5979 4982 8570 4687 3459 5293 319 9232 4468 2579 6745 794 5861 6237 4941 415 6470 6431 2370 9618 8418 6803 4734 7188 6548 313 1972 9067 5989 8209 2383 1388 7830 2109 4865 6626 2938 9224 9294 2871 3883 691 5017 6238 5005 3041 7471 6385 589 2791 2933 5175 1182 
27 3000 4152 1387 8445 8020 9877 7524 914 5589 5221 9860 4209 2310 5032 7985 8014 9346 3963 7930 4352 7535 9820 5668 4985 2452 16 8732 1942 7586 1170 5961 1171 5656 1816 5372 9316 8040 8247 157 3620 2335 3474 2801 4951 8041 9325 7333 3958 369 1650 9693 344 2173 8667 6227 5269 4013 2426 314 6882 2333 3396 7107 8966 5775 8185 6405 2721 9607 372 3650 1666 8289 4482 9048 9661 6148 3066 4816 2067 6192 6922 550 17 7045 8434 6724 7822 7999 8034 6311 3498 2204 3795 4526 2415 7974 4145 6703 4080 8220 
28 3000 3705 4283 2034 8010 2257 8942 6882 252 6830 4836 2446 9502 6918 8968 5041 3898 2821 9688 5876 5220 7104 3313 6586 7072 9193 8873 7877 1189 3087 982 1312 1876 8197 835 4207 8559 3313 5325 7660 6477 3693 4298 7705 5482 1278 5914 9586 6981 8030 148 5164 8988 2400 413 3440 9310 8917 3302 4209 6857 899 6461 4838 1073 6298 4585 168 9497 6665 3540 5540 3446 9232 2606 2950 1820 2139 4854 323 3042 2762 5633 3918 5111 9186 9202 3856 3790 4791 3466 2768 8911 5969 2854 7577 8809 2961 9313 4398 2885 
29 3000 3825 1427 6566 2281 1524 1666 5788 8700 4140 1755 6420 1329 8218 6174 2871 1902 5224 3772 129 7887 1143 7521 7412 3788 9186 2380 4950 583 5636 1298 3881 3282 8808 9328 9284 6607 1143 5879 6327 8808 4421 5085 9548 3589 8099 4298 5255 171 780 715 7053 1473 4799 6120 4498 424 3939 9755 4876 4392 4274 9319 8099 7749 8127 86 4738 2546 1166 2153 7175 7330 2619 5809 3877 4071 8606 5036 6802 3227 8616 9123 1923 6921 5084 2418 2884 253 6117 2196 7775 735 1326 4656 9033 5847 795 9042 6473 8721 
30 3000 7170 9889 3438 1951 873 7396 6076 9524 8442 5917 5744 6882 3996 588 4535 9103 3825 2070 3927 7212 4108 9419 6567 2609 1744 1088 1167 9637 8327 4038 535 6255 7231 994 2725 2856 3822 5810 5316 9194 8805 6969 2815 9446 4683 9201 7183 5394 5349 3228 1485 7735 8800 3642 6673 5513 2979 4893 1483 3678 4737 5415 5468 8771 1924 9870 5142 2732 8605 9520 3267 4831 3399 723 1247 1730 943 1553 4661 5667 6481 6549 1914 759 3583 9581 6011 7444 4982 4853 9464 5032 6537 6017 2317 2393 4326 3423 3298 6763 
31 3000 4861 9493 4098 681 8424 2208 6772 7045 5537 6738 4266 2293 6548 5185 4072 7720 4346 4453 5002 8901 204 2245 7091 3259 2742 1183 4626 5743 14 1057 2299 2636 4727 9194 4479 3494 2581 8952 7622 1200 3730 6347 5792 147 7375 4792 9318 2551 9476 7975 6566 2882 3597 849 8847 420 4864 8757 8442 9944 7062 4676 9753 536 2844 4590 3581 2517 7072 986 4530 2506 3286 4471 1534 6601 3289 3524 1507 1690 9863 2363 6123 4884 2611 6944 1716 1075 6919 9079 2309 8619 6048 8684 5767 3148 6348 4149 3073 9498 
32 3000 5597 838 729 1774 4468 7702 6287 1529 1116 2034 6998 4072 8895 2335 1592 2906 7197 9310 5178 2284 5419 4992 7271 7892 48 9985 2949 5658 4880 8838 7125 8686 4358 3537 1950 2315 40 5132 7345 7303 182 3478 4648 1132 2461 5107 3394 7446 9808 9226 1216 3609 9378 1838 6874 6385 4637 7985 6407 5751 577 2122 2407 6828 2056 6614 6427 9939 5265 8354 4504 8796 2314 3509 5815 6805 8949 396 4449 1502 5394 471 4314 7110 310 7458 7163 5222 7893 4586 3747 3614 8079 9970 8089 3172 9892 98 4891 2957 
33 3000 7907 1458 59 3382 1837 282 4355 7528 9249 418 176 572 1406 9325 1453 7347 2229 2194 6682 8026 390 4194 5077 1931 4523 847 5841 9467 1568 6517 575 2178 8231 1036 8804 934 5578 4451 6627 2236 6748 9892 8495 2654 7795 4567 2115 1380 1648 8888 6477 919 5206 3713 3004 5888 9550 5720 9832 9960 3284 901 9212 914 8998 6181 8035 3824 2863 9171 1487 2364 7336 6032 9827 8246 7013 7475 8284 8772 7581 2881 92 2524 7916 2547 2637 3171 5297 8057 6734 1400 3741 779 9033 4976 5474 8484 7546 6926 
34 3000 5517 95 294 1849 9402 8557 7090 345 4010 1830 4442 1581 1541 2017 3573 3966 6597 2601 1581 3966 6403 3824 5715 3034 4142 6181 772 2673 5422 2037 9632 7613 7868 5379 6904 7124 3833 9683 5706 4451 6239 3911 7570 4369 7542 6635 5463 8866 1825 8278 9946 957 7 1488 8446 6611 8186 9635 7661 4816 9106 3431 9088 5757 6742 5675 7675 7127 4019 4126 3594 8561 3649 2497 7152 4195 2099 9578 6809 3348 6676 6482 338 9330 5747 2015 9096 6379 2076 6172 5432 4717 9288 1759 3210 3732 1464 4140 1464 3292 
35 3000 5848 9104 1174 3174 8693 8867 5170 622 4224 6189 1155 6035 6726 6620 7864 6771 5762 8873 4335 9086 4511 3320 2317 8184 1234 8613 1791 6411 3861 6426 9629 9556 7709 4334 1366 1286 6321 6801 6106 5708 5431 4308 4546 8049 51 593 132 3466 4691 8028 3334 3979 6695 1109 9049 3530 2706 8083 7128 1167 8259 688 6027 2353 491 2031 9590 8397 3985 2578 6942 4016 9734 4277 5527 3015 7228 2808 7250 2100 9672 7947 7763 2807 2327 2069 8861 1564 3968 6762 4014 7873 1483 7581 7016 620 7582 6913 3765 2504 
36 3000 1636 4976 7162 2604 3646 8939 5142 7055 1332 168 1824 7858 345 9597 1790 9818 7609 1227 7484 5597 7785 3742 9745 8902 2862 259 1453 5791 4870 6198 4312 4106 1724 5277 8748 1035 6182 3635 6938 8791 7941 2077 8963 8426 8847 6445 2087 1760 1242 6114 3152 1440 9418 614 4116 9127 4219 4376 696 1802 746 9600 4151 6200 9202 7258 6181 1367 8855 6207 6958 9348 5129 440 6274 3990 9818 4457 7822 7880 4427 6759 6597 7403 6633 1471 9421 5921 9882 8086 8601 5090 6097 9338 8701 4285 1520 7199 6445 8163 
37 3000 5678 6996 3747 2348 3473 9661 3864 7235 396 2100 667 9928 865 5691 1050 4296 9693 2903 456 9158 6677 2044 1527 4589 4311 129 5882 6358 8629 3880 9021 8482 3166 8845 8351 3914 6050 6644 4340 3347 220 342 4790 2151 6758 7940 2245 5431 1362 4004 4516 1209 3930 9404 8331 1735 1279 9188 6115 2917 2981 8579 5893 1885 331 7095 4315 2669 8436 794 2810 11 1428 2648 6862 1297 807 1035 8414 6617 6903 6364 1395 6949 3467 5820 369 463 5387 6233 2319 6961 9527 5076 1542 433 8688 9588 7683 9736 
38 3000 8706 4015 6882 7412 8659 4985 6053 6614 4212 5004 290 6166 4079 4076 3388 3750 9615 9446 1501 7210 7526 3480 9914 3988 5717 9651 2952 8685 2250 6666 7000 8739 7437 711 6662 8237 9052 5822 4033 9850 676 2379 1104 4888 3156 3730 5291 1485 9198 938 8082 910 1083 5647 6821 1996 1504 1082 9604 3704 7532 1171 3312 5800 7705 7787 4759 7671 2246 6123 4971 5254 6399 8187 6590 6093 6895 4420 4397 2528 1545 3449 8971 2999 1948 9950 3458 1482 9338 649 3481 5048 3546 8444 162 9543 5086 4646 6279 3400 
39 3000 379 9356 5537 9573 82 9958 4979 5592 562 7737 503 1751 8480 2633 5524 7413 8509 6105 2746 5446 4171 2131 9065 4779 1806 6327 3597 1090 7657 3194 8830 5608 8089 1489 4902 2055 2927 7721 7004 1695 1919 7772 5903 6528 4330 6645 1600 587 1654 6331 105 9384 3453 1808 3339 7458 6326 5162 2161 4064 5993 7834 2520 6982 2516 987 4736 4448 8634 4006 5897 5214 1231 1118 5391 6731 5922 6139 3556 1457 4772 5343 3455 1295 7136 8458 5785 144 3620 7792 6898 4589 3171 5471 9956 2707 3299 8817 9207 1001 
40 3000 3406 3841 7392 9458 1260 6866 6264 4733 2580 4269 249 1459 3753 358 3216 1677 7671 3362 8386 2399 2701 9556 1354 1288 4767 5508 6245 469 2575 8446 4987 8462 5942 4757 9720 238 7271 6608 8315 5409 6133 6691 3036 4527 6984 1093 2307 3528 10 298 5624 6282 5083 8299 1574 5283 8857 9851 8995 453 4983 5842 1245 6078 7445 6783 3613 5865 7028 4436 3840 6130 904 1557 5775 7098 5355 9765 6149 2346 1602 5545 4481 6355 4779 4360 6103 198 6018 2904 8313 5345 7663 9470 9651 5597 1616 2447 2305 7150 
41 3000 793 6941 7634 6769 3722 9522 4824 8107 2254 1091 2662 6129 2401 7883 4441 9678 8304 582 5986 2156 9324 1570 6806 329 253 298 4375 1268 4654 6779 1527 7402 1331 3216 6991 9701 3912 3741 9039 8989 3569 2288 2264 5375 4855 8592 7484 5812 4671 2308 4766 9779 4354 5255 9583 3093 4891 1792 2086 9839 5263 7309 9512 2432 3905 4852 1707 9797 3300 9867 9779 3680 7690 3072 7878 3083 3918 1450 8094 6817 5394 7378 8491 4191 9182 5862 4250 3821 6216 9919 1956 558 4643 4066 6993 551 6280 5942 4076 4431 
42 3000 6212 6056 900 8616 5504 5659 4921 4749 7040 2737 3254 7253 4486 6134 5703 9016 4385 7796 915 5199 1368 3147 5653 5172 6494 9578 7202 2570 8718 3075 8893 3476 9475 2961 8761 2733 402 4768 1314 8373 4172 1233 2445 4181 8461 1418 7449 375 3039 7961 2185 2412 9984 2441 7348 7930 7019 8876 5871 1798 3983 5346 3454 9305 2415 3737 2218 7465 8271 7614 7478 4453 7765 8215 7650 7163 6333 8573 7273 6892 721 5762 3168 3147 4203 1269 3710 5580 4919 9488 1232 4048 7339 4345 7553 6791 6857 4038 2629 6748 
43 3000 7500 3915 6332 5985 2771 7465 3351 8257 9614 5439 1220 9690 5505 3102 1472 7588 8664 5597 3910 7370 1394 1444 4019 7628 6550 4164 3485 3307 7129 2019 3851 7018 8977 5887 3295 8469 6640 5260 6531 2026 2321 2359 7836 2392 7970 4386 7202 8421 505 3892 9617 5048 145 7274 7463 3349 1880 1395 6044 8726 55 8333 2242 7210 6092 8248 6289 9903 9325 381 6672 5529 964 2174 8164 1121 1190 6519 2968 831 9366 7121 5002 2862 7375 2006 7297 4523 6091 5130 2527 5421 4963 6135 6659 8761 4733 8213 5732 784 
44 3000 3275 4106 5757 8326 4559 227 5750 4500 743 8903 3876 2505 7384 8751 6734 7560 1784 3169 1754 6960 4448 6961 2728 8265 3679 1079 8460 5604 3289 5499 4545 4111 3443 215 8269 2479 4619 4358 6639 3653 4703 3445 7534 3628 9200 4749 3983 8390 4573 794 1565 8970 4715 978 8941 4632 528 1319 1502 4177 2648 2324 8147 5381 7279 4988 1188 2549 5158 4911 9375 2202 3648 4548 4049 6885 1950 3581 8419 7100 9444 7409 9964 1364 7154 3775 5962 4394 2338 7511 2142 3415 6200 3405 4459 2593 4735 7203 3999 5594 
45 3000 2689 4725 5005 6270 653 9117 6029 7462 5274 6214 4212 7938 2598 8044 2682 7452 4531 4444 1086 9924 8433 2807 9238 4752 9832 5957 3901 6244 8261 8139 8683 1177 6227 9145 7071 4480 1295 6555 8581 3044 1311 6115 8032 7652 2735 227 7952 3045 2107 4574 4107 6095 641 2863 4148 2125 1933 9699 9391 9334 2810 1577 9723 1358 7284 6010 1621 7956 3650 8767 9312 3817 4700 9251 9048 5491 1057 3989 6507 6453 7648 8260 7321 281 3287 5833 728 1970 3393 6846 6352 7359 5831 3796 4101 697 9874 5663 7197 320 
46 3000 8294 158 8331 2466 2578 4088 8932 3202 1266 1859 1579 8487 1416 2092 5522 2355 3197 2371 5336 3221 7599 2115 2701 8318 7277 3574 1299 6254 511 946 4846 7696 8303 7631 8243 4178 4585 1594 1852 5034 9561 8865 8900 2458 6176 5161 6005 4689 9699 5631 6830 7314 441 2724 8860 2709 9598 2191 3301 7591 8209 7201 8113 8707 9253 591 4158 6637 2859 5235 4479 7734 4646 2538 6703 4176 7191 9061 8566 2156 4617 1267 6567 8185 307 8388 7747 3530 7746 3426 4588 6768 4482 2269 3041 4474 9221 943 3681 29 
47 3000 2039 977 5982 550 7720 2906 5720 1952 2225 7883 5498 2130 2279 7435 8405 2270 8086 1326 4784 6278 9171 3559 2143 8345 3343 6492 8177 8623 8783 3090 6922 7040 9263 7289 8032 5231 2485 2498 9183 6595 1541 8218 1598 4484 9509 4787 8700 8503 7166 6253 7889 8953 3826 1369 5448 9383 1305 2713 4564 7275 1014 3937 6486 2855 4171 5136 4798 6024 5142 6345 2826 1418 7903 9159 4160 1590 5635 6479 6310 8321 3437 387 7484 2052 4160 8134 6486 9442 7383 6271 5749 9054 1492 2888 7482 5160 8901 7985 2951 9678 
48 3000 4392 1975 4880 2230 6575 2296 2978 8322 2483 8165 2593 5659 5286 3444 6487 8573 5126 7636 9739 584 3090 5011 7775 5083 8291 1847 7517 4140 8092 1804 1660 5441 1436 9418 6078 7341 5320 1723 349 2053 4379 7999 1406 6953 3602 7640 319 4015 4175 6152 2190 7368 2439 9273 9189 8984 1990 5219 6698 2481 8882 5058 2595 5060 9976 1202 9652 7563 4403 4031 1066 2656 8148 6636 9107 1138 1775 7694 6899 6374 1257 2462 3321 6855 1946 1899 1033 6881 5662 9908 7632 5368 909 8715 9926 2784 6213 2358 1335 6206 
49 3000 6586 8311 2425 2504 3118 7229 4553 9649 5693 821 6648 6150 8823 7846 5114 8606 622 8231 6855 7398 4886 5319 5428 488 6314 6242 322 5361 8848 414 9359 9080 7133 6155 4220 6469 1114 5433 9101 6423 3744 6739 2486 6340 1826 6082 2052 4682 9982 6110 2698 1656 7736 3355 7693 8025 9734 3605 2955 2039 9081 5401 4457 4496 3809 1655 8747 1926 6463 9402 6609 7894 6817 7664 9831 2442 7716 3451 1117 9642 4039 5879 7108 3279 4789 8421 4533 664 8308 9271 9494 4565 615 9846 9860 3265 6877 1404 801 8746 
50 3000 5990 9791 3434 2999 8301 8313 6605 2455 6444 8730 1792 547 9308 380 1129 8390 9122 7421 8557 3593 1674 4207 4108 7189 9651 8779 1302 8697 9100 4492 7675 9304 9022 9753 8433 3172 4085 5902 3228 6876 462 3200 6060 6958 4801 4954 8306 5612 6310 9760 4872 4495 1972 1880 3469 6657 4889 9731 7015 6603 5742 2511 9166 8472 7385 4944 2965 2350 2556 150 2618 8704 4721 640 8401 936 2033 7442 4684 6069 4429 7342 1085 3558 3840 8256 6744 2219 7530 2729 7731 5292 4567 9554 7569 3623 5405 3518 886 6968 
51 3000 4605 3272 196 3436 6671 7329 5800 7040 5017 8187 8809 3382 4057 4570 7304 3465 4416 1802 5605 5622 1277 304 6683 5577 5839 2212 7677 4630 9909 6128 8554 5962 3619 9984 3883 9071 6264 2047 7738 2332 267 31 1725 3676 8268 8350 6135 9403 3340 3486 4222 1113 2330 7484 9603 767 2320 9577 6786 3866 222 5929 4826 766 5487 7505 4097 6107 5952 6072 6198 6372 6796 8315 6977 5573 2639 8086 2688 9058 2750 6773 9264 5442 9390 1799 4723 6672 9276 3241 4692 6205 8171 8575 1060 5317 8599 5551 3759 7541 
52 3000 685 3185 5662 1221 6119 881 609 197 5247 5682 4568 2614 7285 7631 9901 7856 3658 3279 2776 1604 4469 7295 3688 9019 8081 2221 1114 6050 3841 6338 8289 8872 7914 9663 3112 1439 2248 8072 1168 1170 6667 5542 1883 2758 4083 4527 7804 104 8836 4452 6995 6373 8163 8332 8570 2181 6780 7521 1344 1901 4604 4584 5607 8098 7591 4288 8032 4086 1698 2727 9697 4615 9976 4570 7242 4675 2783 8427 7142 6432 1125 347 3111 4289 3122 5442 6633 8065 3593 7630 607 4305 6776 7505 6132 5716 2167 8337 2403 8724 
53 3000 3482 191 9742 9156 749 2172 5751 6050 5524 2798 4584 3590 9226 8495 9358 1164 4609 219 7671 1543 346 8200 263 7198 8746 4818 2785 4726 6593 5590 708 7413 9114 8303 7348 5915 7064 250 5017 7069 6944 3607 9302 826 4340 8924 6467 5307 389 6753 3980 9989 1366 7388 4167 7015 1401 8739 985 624 8320 2327 9929 4713 2607 7407 1059 8516 9495 3211 5148 418 4182 9320 2964 9887 168 4164 7671 7529 724 1637 355 3276 3478 5847 8677 2692 8132 3986 8652 1410 7300 7327 9550 7684 476 344 1921 3081 
54 3000 1120 7957 8752 1282 6877 905 9742 5021 2912 9244 8703 1140 8379 3962 4090 3776 6009 6731 2651 5665 4826 7776 6207 7580 5983 1869 1551 5889 1733 2455 3478 8234 7515 3893 936 7347 7167 1828 6304 2977 1272 1693 7795 1952 8617 5320 4980 6362 786 5695 7447 9868 9872 9824 6569 2134 9321 9733 416 1386 7893 1583 1775 5098 6755 2923 9307 8798 9692 8057 1821 3003 6451 1540 5678 8275 9203 9803 5321 8409 2134 893 6920 1738 4159 2349 5158 568 4765 7197 3127 8736 2969 8069 5358 7295 9416 9452 3973 8321 
55 3000 1589 8057 7962 6846 2148 1316 5587 919 398 4002 9907 9788 6879 2979 7430 210 1076 66 9894 882 2266 3041 9166 5001 3475 4755 5270 950 8576 384 7540 1101 2497 2796 8898 8755 4565 6048 3253 3195 4968 7011 6032 2873 4347 5108 7833 6720 6511 193 1197 3573 4275 8544 516 9741 8425 6983 5058 4684 9810 5123 5118 4824 4556 5740 1298 5477 2404 3267 6908 913 8176 419 3493 2537 6366 2934 9487 5202 8853 2447 1987 1639 5743 7486 1660 5015 9332 2595 766 9621 1195 5574 4313 9675 2404 2856 4333 6261 
56 3000 6865 3002 7285 2384 7785 8319 4584 6153 7260 4610 6249 2094 8991 9043 7684 578 4122 6146 9579 5386 209 1932 938 9384 3306 6141 5232 8341 3179 2612 9672 2856 1650 7782 7617 8418 4060 7304 4100 3594 3856 793 4477 6330 313 4699 6207 8389 9363 3304 3756 7912 7572 7837 6621 96 9219 3727 482 6006 6520 5973 1485 9508 2960 2636 3636 2327 9763 6464 9335 7233 5481 4635 3028 9345 8707 6633 7978 5569 3917 237 6174 2155 432 5650 1358 380 4512 7739 5173 356 4565 6407 6442 2965 9495 5094 3573 9920 
57 3000 159 7391 86 1943 3960 1791 3259 5076 2564 4559 5914 5117 2735 727 1315 176 305 3214 1195 1359 7259 79 6909 1576 1955 9881 3713 2477 2458 5185 8163 9509 3011 4178 8645 5097 3620 416 9028 9958 2771 696 5437 2530 3268 1051 6161 6535 1203 872 4677 6656 8038 5152 5800 2353 5826 4861 4968 9791 5549 5438 637 1903 8583 3416 9810 6568 1287 1164 6693 2926 2716 9760 4467 5807 5468 9990 196 8292 9640 1463 2848 2394 9924 9862 4453 7871 5818 2313 4377 9155 4970 883 6727 413 9639 4196 874 8729 
58 3000 6286 7188 5110 5416 8290 8968 3423 5445 1785 8823 5400 5008 4630 331 9253 7197 8493 3614 7974 5817 4070 5706 8610 7317 9422 9048 4666 850 1442 8112 1632 6454 445 4144 5637 1364 7879 8037 5225 4443 7171 1328 6257 8743 7687 5317 9938 2187 1822 8312 3972 6376 5220 1005 6837 3525 105 9964 5186 1524 1756 9254 4380 7115 8089 185 2132 7204 2374 9183 5294 8299 9077 3786 9749 4059 2824 6762 3447 987 487 8360 2554 2232 6406 6678 727 9528 722 6159 1520 3246 845 4214 3912 585 6044 5966 953 1874 
59 3000 5162 7124 1548 5010 7454 4976 5358 8015 6555 7510 826 9720 7565 663 6327 8573 7268 3691 4451 9573 7472 2662 9401 9327 1471 2084 7523 9237 3637 4641 955 6807 2133 9076 4409 5075 4754 6176 5068 173 7893 2900 5618 7010 8630 4624 398 3083 9944 5510 4678 407 9058 7004 7060 5576 8900 4455 5008 7945 2694 1865 3497 5940 1674 4756 6795 1492 5927 1166 3360 2592 8353 776 3870 3980 1760 2149 2376 5949 9073 8104 579 1281 6681 9213 5230 305 895 5421 8662 4082 7541 5792 2437 5709 4675 6380 4127 9758 
60 3000 8424 6226 7216 9833 1948 1479 4125 4251 7530 7641 2367 9854 1794 9938 3823 3940 4042 1819 7144 4324 7718 1572 3280 7520 5004 7075 4131 5048 4525 8666 4326 7873 2198 135 6120 8958 5192 7851 7429 3949 9017 8005 2979 9986 7745 1980 8580 2634 7341 9850 8533 944 2135 2000 6157 632 4409 8870 7438 5394 7111 8830 7809 6334 9698 4172 2053 9525 7097 5234 7328 1695 1797 2645 9319 4029 9064 7696 1520 4111 5280 837 7631 5975 9408 8297 7088 8292 7583 6831 3714 681 824 6589 7499 8138 5877 2116 9499 3597 
61 3000 9179 1468 9865 8612 3946 3465 8995 2170 391 3053 1814 7618 9061 4808 5170 7727 7302 4555 8367 7873 8851 9112 6817 7346 6550 4160 8814 8785 8185 247 5439 5733 5450 6898 3585 8325 6041 4869 2115 7093 8865 6517 1130 4904 2384 4293 4381 7012 6079 7366 4790 9248 5041 6366 3105 4324 7680 6260 9674 6272 6573 7343 9355 2994 2425 4363 9535 6955 1157 3763 1285 3985 4123 9057 3640 216 1451 4322 999 7139 8505 5821 3652 4789 5477 1750 1434 3051 101 106 500 1096 3494 4685 3231 4940 9117 9206 1257 3126 
62 3000 4870 9550 1613 530 8304 4137 6012 303 4962 2422 3254 3920 9841 1512 4747 9370 1986 916 3162 7462 2203 5413 4212 6258 3897 6052 1549 3633 7039 9268 4798 7960 5257 4134 706 6915 6048 7726 7417 4413 4119 8624 1880 5665 7853 8532 370 364 8895 2019 2147 3992 4874 4400 6228 7253 5234 7722 1291 3632 206 4892 8703 5082 2894 1920 8672 5825 4493 8290 9525 4293 2624 5458 108 3184 2803 3471 5317 7644 3030 5714 4747 1577 1502 1783 4470 2080 7456 8476 1939 1999 5130 8919 4016 613 858 9812 8119 2445 
63 3000 3277 6796 6505 4192 6677 7951 3672 9788 7456 5421 6882 3583 3716 5155 9817 1654 7977 4778 9356 1238 3015 9592 5477 8293 827 6691 4282 3178 4723 7215 4153 4461 4540 6710 5028 858 4979 3634 804 1288 7074 5975 4860 3054 2780 5995 8717 8156 2687 3103 3808 7725 6861 4849 6386 4576 8808 6050 5546 3898 2567 6032 4382 2059 2919 3999 4264 3539 8732 2536 2236 5993 9422 9225 1547 3429 4548 6390 5303 7520 6520 8974 3245 7037 6446 528 1648 5407 3089 7338 6353 6397 4966 668 8914 7924 5554 7131 5882 3983 
64 3000 1636 7187 1200 4716 4764 1761 1736 4583 5846 6994 5933 8682 2866 7108 5586 7174 1720 5407 747 7848 183 3396 7748 6799 4995 8027 356 7241 2083 7072 4052 6438 9894 2614 3429 765 5863 2676 2723 8888 6001 960 9464 3077 7613 4722 1253 8634 5136 766 5665 1459 9102 9566 3276 3726 8232 7514 3816 7697 4645 7288 5444 7652 2206 6349 7156 9952 7982 3562 4303 1217 6838 3944 7253 4640 9150 1532 3164 4414 1644 383 883 8300 1362 3690 8982 8301 2751 1033 6900 9476 7879 3747 9229 6873 9773 8419 3112 588 
65 3000 8886 8510 8771 8944 2684 4099 3159 9807 8365 9756 6739 13 8696 539 3386 2932 976 6110 3410 4147 9130 2988 9716 5265 8923 4915 7076 5850 6297 1355 4531 3482 8837 4112 921 1941 365 2080 3538 7513 8648 4111 9900 3429 6242 12 2654 2416 4457 9668 7606 7387 445 284 4872 248 7416 1760 3154 8829 7978 186 7144 1945 601 9460 8049 2581 9207 1041 7248 9195 5886 1812 3064 5159 6733 82 670 6312 819 9705 5115 6645 2271 2324 7476 2112 5496 7747 4135 2560 3518 2440 9184 1789 9440 6146 9950 5737 
66 3000 1036 6637 5646 8787 8468 2577 9153 8202 5122 4528 1918 6680 1575 4063 1981 3043 2685 1013 5133 1042 7803 8845 9187 6289 4118 8148 1384 1323 3118 8262 8918 8783 179 7021 2590 2726 7284 8623 3587 8056 8859 9630 3378 8082 740 3084 6750 205 2262 756 7953 9723 1475 3518 9982 1767 3479 9838 6976 1357 1898 2399 9748 1591 3461 2848 4437 9946 5721 4667 4284 2718 7895 4166 4534 7578 4827 9609 466 4253 4081 8456 8542 3341 6150 2736 687 3239 7803 2540 1692 5204 8545 7649 9736 6535 209 7273 45 1884 
67 3000 9669 7924 1666 2688 4681 9417 7368 4727 2850 8982 6674 3811 3715 3519 2008 9582 3967 9963 7975 7455 5790 3783 3765 8672 8322 5604 8676 8487 2249 5949 771 2474 7516 8113 8652 962 4170 9160 6363 1592 6322 9043 1419 1 9242 7847 5958 8631 9566 1167 1014 3663 8642 3597 3927 73 8993 356 8863 4821 3907 7031 472 8153 150 7449 661 3040 3810 9676 8500 2732 9258 133 3247 6447 1238 5846 499 3174 84 4815 1474 3610 60 4511 5410 217 821 8496 5092 5410 2009 1173 5506 7856 962 650 5615 6918 
68 3000 3555 9744 3263 5208 8170 5096 3201 9271 2778 4420 8240 8395 5160 1873 3526 1544 6244 1553 3948 2415 6571 9117 4658 2626 5882 1529 4730 3018 5838 4933 3933 3096 5855 644 2634 8581 2072 9273 4828 7098 9440 2973 4287 1982 6934 5809 3839 4214 5897 2254 7772 2478 1505 3810 7356 1343 7351 3755 9502 7576 3168 14 8534 4571 5661 6153 1094 4910 2479 505 4171 1049 9298 3410 6248 4119 43 2589 1584 868 220 6642 7615 8715 3387 6667 5481 8934 744 6003 3679 7963 3841 8109 4839 6840 425 2553 5628 8758 
69 3000 3403 9135 9776 4747 2931 134 4230 7492 1626 680 8429 3253 2913 7248 6709 1937 2482 4279 3828 5271 2885 8929 3618 3117 1244 3937 767 7903 98 8621 5716 7183 1359 8003 2688 4317 3412 50 841 7286 1322 1048 8546 5619 177 9099 787 5455 1552 5739 9691 2729 3101 5687 8178 4473 1268 4713 6739 8258 7130 5638 3342 9747 5360 2453 6451 8381 6320 2563 1188 1187 1270 7162 8604 4712 715 9727 8081 5080 5862 2639 2866 6179 3219 1931 8714 5966 2300 155 5675 901 6473 7383 2987 8510 6920 325 7111 8061 
70 3000 9729 9576 2879 9380 6109 4986 7772 9780 5726 9158 9324 9122 3175 9070 5647 2996 7564 5814 9086 4031 5229 2479 2994 1333 5578 135 1635 8033 52 1962 3213 6982 4217 5494 6021 4552 2976 2988 7721 2573 8913 9925 7747 8391 3755 1623 2830 3051 2963 7993 5650 7605 3444 6401 6616 7549 4397 2672 8768 5376 1270 205 5801 1265 2858 7221 3221 1887 1511 2136 2621 7338 6476 7054 9084 6199 365 9391 1709 8718 8741 1620 7263 8123 2834 9140 6962 49 5380 6276 6367 100 9589 396 8420 9535 1230 4162 9587 9071 
71 3000 3852 5895 9142 822 7117 8076 1567 8355 8270 3966 2079 4871 6726 2350 5284 9520 1786 411 6950 1830 3479 4724 8916 4266 6520 378 7115 2914 7409 8220 2726 6290 4638 232 6454 2275 2037 3020 5928 3170 5232 9439 6236 8882 1243 8338 3569 8232 1191 2432 2002 8391 6144 4297 3398 2433 6079 491 432 5025 1970 3801 2746 6229 1008 3615 6225 3444 4936 4416 5400 1455 1516 2402 8974 624 9118 238 8475 3195 4436 9919 36 7730 3328 3772 9293 1663 4778 3577 9414 1991 7991 7808 2254 4074 2601 7010 2628 8577 
72 3000 2017 7292 5715 6520 9884 1948 7588 2470 9677 1203 8862 5844 7410 89 1474 344 7481 4431 8585 1516 1632 4979 7608 2435 1046 9646 6358 7511 1554 3884 2330 4422 1980 9178 5105 4176 5602 9666 1872 9294 4748 6889 6084 114 8502 2658 9234 9232 3554 52 5757 4053 8155 2538 1058 7481 9213 1219 2664 6724 2507 204 4503 227 6026 103 4304 2733 6432 9651 4123 8467 8655 5450 4001 2441 8601 9844 8737 9891 8999 6914 7790 3834 8359 6595 8308 752 3067 6931 1281 4399 2599 4436 816 7740 7857 2597 6542 3003 
73 3000 2639 8493 9135 9865 8225 7540 8970 1762 1095 6364 7903 321 3766 3796 4167 7920 8758 9994 404 8369 5685 3687 4816 5723 1467 7547 5440 1210 3673 1688 7554 8295 6985 5283 4202 5858 2784 6313 9848 9510 1873 9434 7151 1018 307 1979 6871 5870 8367 8075 891 8957 2642 890 8376 8380 1251 3004 5043 7384 2177 4907 5570 4420 4734 1615 9120 1322 4159 7423 7992 9622 9323 8770 9402 4981 3574 5241 383 9747 8698 8680 5814 3639 2016 446 9568 2556 6590 6775 8796 5511 4569 2282 1324 9688 3651 1579 6183 3627 
74 3000 6676 9025 7260 8533 4335 6591 75 7708 1016 9861 1687 4110 3767 2152 3717 6037 4382 6758 8501 937 4622 7325 8370 7338 4550 6342 8049 4910 3999 1768 187 2649 7160 1773 4009 5180 296 7612 7091 7197 2586 4619 265 6020 85 1331 5645 2275 2816 6731 7781 8707 4985 5621 7933 7113 8322 2118 1475 3398 8541 1273 8426 759 4938 8822 7097 996 3096 9050 869 3946 735 795 8099 5037 6667 1560 5144 975 2894 9769 2516 3554 9819 5131 4155 1585 4585 7138 9837 960 2542 1687 696 2830 1836 5825 7881 9919 
75 3000 1123 623 4329 953 413 2166 9671 3222 5027 681 8259 3261 2693 7776 313 5662 3762 1820 6208 2 4541 1431 3866 5908 3764 7100 9291 6237 2180 938 218 8383 5267 4547 2891 3716 9072 5014 1965 5136 9177 9034 3533 2756 2789 5157 1280 7716 3952 4157 5760 4111 1891 7527 6794 9053 2472 4105 9006 851 2797 4814 467 5324 8914 5538 4475 234 6663 8116 4462 7838 5633 9463 2013 5583 6258 8817 8025 4903 29 3107 6981 8161 2836 456 4355 3704 1429 1793 7136 9046 3012 607 7483 2178 7955 814 9501 1003 
76 3000 5638 2753 9144 891 3407 7309 7242 364 8676 8158 5653 4908 4132 2138 6542 8900 6077 7746 4780 5672 5899 1757 3477 5695 4652 3972 2626 2880 778 91 890 9023 946 2703 495 6353 4014 413 5267 8224 8120 5086 1774 7916 898 7216 3612 5575 2816 9426 8803 3269 3645 8087 322 8170 2043 3064 9752 3866 8272 5586 4059 9791 41 4246 5497 8787 1466 9118 4631 2784 5165 4004 6494 6613 7466 6808 9862 9935 6754 8027 9655 7304 4932 7377 2467 6346 2011 8536 5218 4071 3825 2017 6931 1305 2872 6162 3632 5251 
77 3000 2278 6265 6381 168 2887 1818 2422 6185 3475 1881 9460 6229 4092 8577 3068 1088 2523 8717 7207 2595 3882 3543 7883 4931 3326 6599 9924 4064 1891 9729 6882 5307 5464 7196 4060 9000 6864 7932 4663 4316 1065 5901 9078 1203 3530 8606 7276 432 1681 3700 4336 1789 9483 3739 9103 381 5163 9049 5959 1065 2049 8727 9731 1016 2536 9753 3714 401 5170 4249 826 1194 4872 4836 7885 4106 6271 8142 3011 3646 170 6417 6151 1303 3139 7278 2736 6857 226 1585 456 7807 798 9434 9160 6938 7508 4278 3887 7996 
78 3000 8383 5174 1018 9502 2037 7152 7551 6686 6015 9716 3504 1540 8255 3459 7445 1009 1677 4815 5139 3294 1902 8923 1333 2288 8088 632 4651 133 6895 3612 5625 7906 9578 7611 7847 4427 2198 3816 2246 3191 8964 8356 4489 7426 8698 3920 5513 3280 4423 9504 5170 1128 6082 8280 9012 5004 6371 3597 8188 162 9710 3098 2473 8756 4332 965 6420 3655 7493 8295 8639 369 3818 1593 4198 7113 6763 9391 151 2990 3203 6999 4187 4295 1152 9373 6413 8956 597 2111 4253 9085 7467 576 474 1668 720 7140 4344 7370 
79 3000 2561 6556 5901 7468 1779 9454 3364 8913 214 3963 3653 7511 2344 5455 6045 9230 8003 4418 8954 9640 8218 2452 9827 1464 4178 6390 8175 266 9319 540 1727 8259 4541 7065 5702 6237 6549 4470 5218 3636 9315 4228 814 6716 8671 5525 7104 4869 22 8133 4557 5055 9186 3400 4394 4358 6359 3380 6621 672 3205 8070 1176 1506 3072 789 2212 922 4327 1669 5494 4592 6829 9278 8929 2978 1510 365 6221 2647 3098 7733 3641 5699 5951 6234 9936 7329 3022 6888 9355 1509 7955 9134 7799 4798 291 1196 2100 8274 
80 3000 3816 8582 2423 7592 8020 705 7794 1171 2689 5629 4752 6499 5621 2937 9125 4569 3464 4733 935 2436 5682 4757 2423 3901 1644 5635 9203 8320 839 4251 4536 7538 6217 5237 6738 946 651 2601 9702 8667 6532 9470 6555 2862 8478 5960 6431 7164 9177 5176 4374 4240 8352 7327 4371 1470 4848 1979 5495 4757 1853 8421 1190 464 5230 4163 1671 5466 4987 1557 9450 5340 9867 2543 7988 670 5059 1520 3477 1483 3041 6343 9736 9803 7545 7442 6242 340 644 5070 9283 9296 2972 4674 6233 1299 7057 390 2956 4461 
81 3000 3791 6665 4331 3562 2019 8002 7909 1360 1251 6833 684 8022 7507 9513 9002 8683 2275 442 1582 9133 4609 4312 5675 9621 6335 6477 6334 6792 399 1448 8824 3742 2327 9518 4141 8207 4814 1503 7674 8867 5444 1616 972 9780 7526 8465 6655 2943 4057 4170 6436 8973 4817 1609 2277 5918 6581 9795 664 6190 6458 7365 7 1620 8357 4206 1175 6648 2579 1198 1140 9626 8527 8086 9760 2255 549 9479 9677 7142 6903 8966 9349 3483 1845 1366 9198 873 847 3096 891 1242 8934 671 9739 8905 2147 7322 228 8758 
82 3000 2140 7742 4667 2574 3887 960 4968 3446 6528 1334 7551 8341 7327 7674 1365 8785 8770 486 9044 9672 8774 7347 1186 6195 4028 6395 3751 8908 6460 7957 8594 6909 2823 4290 7110 9144 7415 7455 7018 3849 7913 5310 2260 6100 4343 5635 6029 3503 1168 8375 6923 9999 2499 6014 8219 7798 442 2066 277 7440 6558 7703 6068 5975 6454 6496 9827 3274 7497 7286 8827 6464 9656 5184 8285 2481 9465 690 9387 8760 7114 6937 443 2040 6661 5064 1160 5299 9378 7714 48 2810 207 653 4946 3328 7360 2514 6676 1399 
83 3000 5024 2672 5817 6788 9209 7238 2609 2043 6707 3182 9984 8179 7185 575 9710 8482 8400 2964 1678 445 4535 5869 6296 5829 7670 3397 22 8843 2366 2998 4014 2453 3383 8328 5906 2819 6521 250 4715 1848 2581 5952 8864 7883 4457 6194 7333 4509 7352 681 3944 7486 2115 1558 4755 9809 1709 5028 8592 4892 798 1103 698 7874 8464 1472 9516 5055 4045 5499 6585 1455 6102 4341 9571 6495 4507 3198 8419 7807 5658 1682 4628 3168 821 2312 3657 559 7590 7137 449 6347 4484 2483 8087 1596 8655 1821 9566 6495 
84 3000 6732 6765 2702 2926 8784 6193 8152 5137 5410 3493 575 8561 7956 1933 2899 6740 1851 8160 3733 6390 3076 3817 7890 583 7749 5293 36 54 4844 1591 1476 2637 2032 327 47 820 4639 1848 3151 7434 7743 1481 3908 9458 1384 9901 428 9950 8909 1631 8218 8113 8429 1658 5708 7472 7418 186 2905 2185 421 5499 3166 1477 9897 4964 8103 2199 182 4149 5613 9508 4581 4067 1026 5682 5582 6553 1383 7046 8194 7754 2842 9038 6415 9754 1200 9387 2820 317 5550 9424 1274 762 5055 3516 2778 1956 8853 6622 
85 3000 4427 8437 9083 9982 1502 656 7037 4919 2688 5356 2436 4776 8409 4059 5839 4976 2297 9694 4159 1201 5778 1340 9328 5706 5792 7097 64 1749 5627 5082 6780 6152 8886 2554 9606 9980 6581 3152 9547 7355 7340 2276 2757 2388 754 576 7940 4236 3838 5573 6881 287 621 1410 8097 7467 4863 6720 3613 1677 5893 621 8864 5347 7574 6841 5726 3123 394 5960 8665 5676 6677 5781 4014 1631 8930 9832 2379 7631 1302 3980 4161 6519 4173 1180 8215 3643 1877 4348 3621 1296 3530 7353 4590 1269 7005 4141 8489 5536 
86 3000 6017 5982 6997 5066 338 6837 378 6751 9139 6859 4887 8470 7452 4008 3294 2269 5762 3806 8539 5669 2721 7198 509 1105 987 6556 5939 3478 6192 9796 1440 5841 9027 2624 9652 3211 462 8911 8519 4498 82 9184 3697 2564 7553 7250 4074 2410 7213 4941 426 7481 5784 4987 7196 4102 3216 2011 7394 4034 6648 1647 623 5162 7500 7791 4236 298 1687 7970 7608 4119 2960 6837 9542 8223 9368 7795 8796 4315 2852 2740 7734 5514 1956 9932 9103 5784 7668 9996 5937 7499 2388 35 4583 7121 2012 5886 856 9011 
87 3000 1153 2480 9312 7362 1474 2348 5654 6259 3161 2237 2256 7859 9506 7857 6820 8703 4624 6750 4148 4150 4294 9290 1050 932 9925 7804 4366 7841 5639 3813 2122 4536 8496 3409 7804 8476 1826 746 7765 9981 1695 9668 1748 5412 6500 3446 6541 8485 9678 2656 2753 9698 5546 1174 4717 3895 8272 294 3516 5946 3958 977 3139 4558 5857 4222 9752 4208 2716 9560 4108 5199 235 1678 7067 1849 5662 5161 8256 8795 5506 7369 7837 5426 6375 9426 1419 8448 8944 5347 8079 2559 5044 9283 1515 9264 7874 888 4327 3806 
88 3000 5345 8820 5415 226 6543 2360 509 4543 1317 1158 5821 6068 2996 3104 4820 6832 4231 325 8139 9151 5954 3306 6598 1302 9474 3134 7358 1338 1686 1872 3198 9020 3416 1054 4918 5871 883 8306 6867 3367 290 2090 5593 9240 5538 4579 1622 1915 9066 2652 4360 3065 5816 7011 119 8299 323 9435 3275 5967 6931 8142 535 4095 3128 1293 8351 5444 6020 8606 3438 693 1910 1111 6431 9746 9021 9010 8663 1171 3331 7684 2063 9750 7543 1806 2188 2173 3169 7590 4373 835 5747 3164 3009 5781 3184 7064 3945 4757 
89 3000 7216 4855 15 1395 8001 3876 9692 1523 1832 6115 8862 7599 1978 9202 5731 1268 2650 5530 8848 4046 6087 9503 8260 6129 2775 2906 9789 3326 4784 8398 2433 2119 2236 1142 8894 2845 2890 8539 9232 1005 4860 8110 7640 6697 2457 3485 2347 2178 5149 8528 8645 7542 9653 9580 5044 4533 5152 5833 2545 8478 1630 7825 7047 8342 1343 4059 4870 4918 3402 5754 1411 7128 1495 9711 2917 6464 4720 9312 1392 9541 1554 3639 2624 8784 6944 4723 7331 1234 2516 2913 5448 5484 9923 372 3520 6736 7300 2700 5238 9985 
90 3000 8865 8676 5084 1328 7624 8136 5112 7397 1217 7962 4851 2918 880 6206 4329 6395 3535 4338 230 3917 7008 7612 5166 1093 8363 3570 84 3111 5372 8654 9792 2920 1104 2960 1609 7540 1637 3102 7146 2494 6901 3215 7204 4369 4639 4071 9806 1498 7504 328 1347 2767 3265 5898 870 4553 8152 7448 7472 5779 3323 6015 828 1097 4446 6758 4845 2200 4422 6825 4438 7254 9221 1350 5434 8455 6846 7576 7599 7716 9425 7098 790 471 8425 6237 4230 7612 2992 4535 8916 5548 1415 1374 3140 4387 5716 726 1147 4243 
91 3000 9368 4021 4908 9674 8130 1146 9024 2237 4014 9561 8754 1172 2376 1552 1166 2213 2129 9596 9416 4518 9083 9860 148 5731 2412 3822 4024 5164 4242 8018 9375 5105 2364 1909 8977 253 6079 3883 9956 5274 5157 5370 6815 489 1932 3095 7583 5679 6513 9441 3097 2019 5127 953 9401 2138 1579 4952 3274 8302 1848 4288 884 8722 1798 204 9563 1988 8018 3339 2713 9627 1788 2844 7827 6790 6170 3631 7649 1054 6218 1740 4444 9362 2324 7843 7407 3078 6678 8855 3185 1172 2861 7690 9532 1528 8558 1124 2088 377 
92 3000 1399 5795 4277 9858 7922 2325 336 3698 5665 7563 1470 1025 8382 4960 5127 8297 4376 3059 7398 9364 7974 2124 8552 3649 4108 8879 1678 2460 6034 9384 4471 3419 6173 29 4130 3026 71 6654 5385 7337 3495 1798 1654 777 2642 66 9314 3071 7485 1631 5108 4305 8230 3849 6670 8105 4914 1009 6178 2953 114 2203 7132 1612 4791 7321 4254 8692 7250 1174 6521 6329 5234 5737 3309 7995 1139 526 3678 432 350 1088 8769 3711 2710 5623 7334 9414 7106 9735 4390 6942 9188 9297 2990 7954 2204 1450 9133 8917 
93 3000 972 3725 9787 1797 8960 1287 4042 2865 8511 2307 7386 9629 4175 1459 9112 5894 9177 1538 2839 4947 5010 3210 170 864 4142 2882 7466 7942 5864 8695 5749 8260 5250 4651 3730 7365 5248 2851 3960 8072 1896 3876 2110 2408 2658 5273 9371 1664 7896 8185 7980 4580 5452 2089 9878 3653 8367 7675 8480 9575 5722 7836 3584 3784 6600 6792 9393 9155 7175 7334 5671 8802 933 6198 2019 3019 2003 7560 5277 4331 1629 4656 52 683 7758 9527 2369 6746 7751 894 6452 3351 4229 152 4620 5048 4033 5491 322 5790 
94 3000 317 4140 4282 2741 7760 2742 3783 8209 909 5850 5064 9707 5641 2542 8849 8131 3754 1177 9002 4077 682 2255 4300 2267 6335 9422 3340 4112 9064 8588 2561 8394 2750 5172 7401 74 7017 9474 6572 7227 579 170 9463 6100 7695 5937 6667 4297 7767 5193 3634 2083 8050 3974 7447 1823 9493 1926 6727 5538 5707 6428 4656 589 5049 4837 5135 3486 5843 4860 2056 1820 4713 3052 1707 4323 8055 1431 8300 9053 6622 2231 2622 9698 3242 769 3811 15 3654 6442 4262 6386 475 1850 7652 8500 292 37 91 8164 
95 3000 3874 9868 4404 6237 9512 9523 7529 7686 9484 8116 1044 4773 9647 5444 4823 8359 2148 9856 3812 7343 1267 4251 7928 6216 2382 196 5092 747 4055 177 7378 1792 3252 7964 288 7225 3678 7114 5160 1999 7247 7585 4693 6329 8667 487 1596 2001 3156 953 370 6804 7286 9131 2208 7089 2941 9309 3023 8456 4413 7161 4601 4556 8613 5115 8876 4033 8412 5853 5334 5573 9107 3928 1542 1095 8007 5514 6797 7059 7155 6275 8905 3896 9160 7362 4084 3566 6167 9531 9990 5248 1943 5394 1869 9143 7097 9788 1839 8408 
96 3000 7415 8270 1283 9217 5327 3738 6387 8944 4496 1180 6784 2470 7534 541 7338 6616 6842 7722 3038 2707 8572 3702 7036 7247 9721 1780 1790 736 8343 2950 3346 4599 6888 9394 8739 6244 8671 6107 6522 2249 7458 638 415 9668 181 966 6087 5465 2782 1492 1054 4072 9171 7166 7708 3076 3323 5724 9470 7023 4488 8067 67 9354 5532 6755 5934 2463 4403 2625 1741 5883 8719 9542 9046 2589 3485 7267 8073 3438 1931 2451 2612 9723 9477 7763 8049 3858 826 9129 2517 8188 173 1107 1173 1920 4549 381 3602 6185 
97 3000 287 7386 4341 7219 2607 6049 6536 7669 8334 1661 8716 6035 1741 6878 4697 4219 3505 5835 6606 3215 2805 6399 1039 6917 2535 535 8333 4047 7640 2803 4973 8221 6586 6981 9115 6129 5946 810 9241 3843 8118 8865 5936 1253 2162 3551 6789 4621 7766 4225 4422 7272 2337 4440 7642 8395 1212 7319 5718 9981 1005 9049 5782 1881 6064 501 3360 4988 8064 6981 6020 2547 8725 6096 152 9590 5647 3752 872 491 1276 8274 5043 4651 4997 2656 7435 308 8345 4926 9996 6471 3346 6648 4260 2975 3984 9539 6869 8667 
98 3000 786 217 8229 7717 8543 3071 4285 4045 7145 1258 1428 3887 5548 5824 4514 6475 8863 2950 8024 2842 8571 9322 339 2765 5865 5631 1139 9814 8111 8186 1937 4541 8439 8671 9725 5787 8462 2005 3755 115 4109 2349 5439 9372 4595 7216 1379 6366 4510 9727 9518 8683 9030 8975 8415 611 2262 8525 9653 3209 8707 3034 3360 2482 7849 2997 6867 5693 1870 7617 6481 5799 6489 5804 2388 4005 4932 5293 6684 449 5014 9891 4523 3015 9359 4851 8395 4257 8739 361 5533 6470 8537 3175 8433 4863 8342 6351 8512 8872 
99 3000 4655 7123 2883 1595 6737 2904 4257 7347 5572 5396 3973 7347 5951 2847 8147 3524 1697 416 6950 452 3996 8668 7012 5408 2865 201 6950 6557 1743 4385 6017 9258 5206 240 5882 500 9804 7426 5529 1458 8028 5367 9292 8181 5399 500 7997 396 684 1638 3247 8442 9235 3476 4823 8333 9453 8203 1207 4938 2380 5256 3240 3287 4413 9184 896 8013 3141 5650 3187 900 6314 5548 1185 6576 3932 7252 4181 6316 3457 6984 8959 9977 8157 7312 2197 6057 8566 3774 5997 9878 7079 9616 6537 9895 5663 8673 5847 2131 
100 3000 6699 6356 6711 2732 6945 8781 697 8654 4627 9 9307 6470 9656 7419 8254 9304 6963 5208 4867 1888 2967 6004 8617 3750 5165 620 4768 517 4845 5922 1154 3353 2929 823 8086 6516 8933 407 1373 3039 3061 8174 8481 8544 1420 6412 7802 3171 4355 4691 1067 1639 7921 6486 8861 1428 8465 3923 9287 9089 349 650 9737 4678 6782 2830 1792 4311 3792 8268 9259 853 7309 3653 9311 2723 3386 9928 6774 826 1533 5792 1527 3619 1189 9312 9024 284 1305 7679 3955 2046 3062 5072 7015 1601 5711 8657 4814 678 
