FILE: 1723UnifS.txt
100 100 0 
1 3000 1452 6105 6705 4086 2184 5092 6405 6057 2236 5813 26 2253 5483 7903 7750 625 5656 8659 2614 1739 3120 2479 6348 4773 4776 8413 8344 1638 7089 5854 7741 9221 2239 8342 8642 9762 7400 5501 8456 9345 7143 3095 9357 4520 8959 1210 2881 7053 1916 568 7636 6792 8436 6957 143 2665 9193 3788 8802 1802 1145 2784 978 6781 8686 2782 3223 997 7919 6672 4609 2160 4064 6454 3195 3917 1982 6418 5619 5595 9827 4460 9810 75 5826 1507 830 9786 8178 9083 9836 829 8084 4989 6173 5218 5900 7110 2587 1257 
2 3000 410 5352 3566 2032 1233 1700 6804 2034 4348 8401 7789 1904 746 4270 7524 1304 8210 9128 3358 9917 6214 6359 2960 6559 3951 3592 1400 6437 1489 1511 1372 6510 4043 789 6529 8990 9382 7145 7947 2963 8352 4531 3718 4134 8532 6434 1666 2698 1009 5318 5180 9335 283 176 2188 9336 7291 2216 7237 4842 5560 8672 6718 5222 489 4731 7198 5564 1743 3599 6888 3297 8789 4681 232 2940 9541 9888 5625 8971 2143 8074 6247 6821 9869 7594 4033 2000 9148 6985 6760 7338 721 3777 8263 8361 3916 1426 1775 6782 
3 3000 4049 4372 6390 2127 2953 1224 6657 1477 2631 6067 5290 7341 2031 7895 9009 3654 6953 8175 7509 9893 3068 6521 5544 3329 2079 4513 8145 9392 995 7623 8960 174 4531 5275 1718 1044 639 9034 4819 5397 9159 8906 9049 7525 3594 7779 8418 3613 6017 3978 4130 858 5095 1948 1666 4718 7242 1065 1003 4283 896 2568 9956 5770 3924 4619 635 4141 4144 5483 9045 2857 2983 4842 7791 1740 2251 3224 1926 2977 4045 9564 7909 5235 3775 6888 5701 5911 6316 6118 3977 1501 5289 8011 8463 6098 5458 3213 3405 8010 
4 3000 8260 444 6160 4509 460 2809 4905 4703 5922 2227 9482 526 519 1994 5360 5867 152 7464 728 3811 1910 4859 6704 2012 8344 8200 682 6187 4866 4369 2792 1741 284 6291 5491 3509 447 4244 6280 3629 5028 5288 3539 7539 7420 829 5498 8096 7771 2300 2320 7824 9131 4972 1323 9283 6730 9881 5314 3568 381 3897 4058 6928 10 7897 8864 5510 4303 3081 304 8237 2487 5403 9048 7795 9232 8128 9834 9763 2678 2519 8555 9853 5586 6643 2473 9281 9617 2305 3562 8270 2736 108 4968 7661 9733 2634 605 8667 
5 3000 5884 5757 7865 742 3720 8071 3459 7574 2937 8453 2384 1211 3416 1743 9 4302 1382 2557 7293 473 8677 7217 9125 2821 5162 3811 5786 533 4249 376 7540 3635 1548 1207 2353 5862 6648 1290 6725 5655 8017 8863 9660 5280 1032 6096 9757 8076 9128 7901 5421 3826 8077 8868 8205 2251 3392 8319 9274 4635 851 3496 8996 3567 152 866 9656 814 1689 5559 1295 3317 6455 8920 677 7313 9070 4200 3377 579 3930 360 8996 2805 4489 4004 9504 4090 5658 9441 698 1559 9335 6866 6799 4117 3053 8671 8163 5313 
6 3000 1764 3874 2122 4339 2733 684 6948 5151 3574 7180 8944 3716 3396 119 2657 3379 7082 1873 4221 8366 2694 5487 7819 5398 1996 7860 5274 3441 4110 1056 8762 1578 2292 1735 6656 5001 3834 8716 2486 9137 3090 8657 7034 1890 7633 9864 3542 4014 7526 4225 6060 7609 7730 7269 903 2742 3629 6351 1248 2192 9680 6957 4843 4324 1195 7139 4849 4083 9240 76 3806 2112 8663 4755 723 2007 9249 4780 1290 5677 9991 5306 1220 6848 6501 8097 2713 2683 1528 4712 4047 3525 8619 7809 2293 770 8890 584 9151 2862 
7 3000 933 4325 9922 9419 3838 4097 5589 3469 3351 2553 8040 1834 1147 1864 8403 3613 7237 3781 8512 6814 5489 7816 5498 3094 2286 7549 9502 630 8300 5068 4515 5120 3396 3522 2346 8897 4659 7806 9706 8183 7546 3368 8430 8452 165 3149 8810 7933 672 2633 6064 9226 7806 3035 9926 9053 4537 2612 7358 6123 4842 6090 8391 7134 3611 2230 5092 891 9672 9504 3652 551 1943 9912 9599 3998 8713 908 6142 2336 38 5462 5633 6511 3275 244 4158 2056 1731 1933 9249 1965 6438 1648 730 7685 1061 7508 4675 8240 
8 3000 9921 5316 501 7478 9148 7369 1186 9440 961 9388 6601 1854 1067 5579 9983 7761 9191 1815 7520 5259 2724 6948 1066 5372 3507 2238 3984 8051 7728 8916 107 6288 8951 3864 5831 8369 4269 3426 5329 8243 3581 5339 8887 4014 1993 8794 4377 4567 5347 2621 1837 4314 8874 1592 1195 6062 8969 860 3103 2012 8094 8516 2903 2876 2807 6271 7718 5128 4913 8267 6667 6374 5741 8007 4202 8845 3546 3419 6578 1022 4040 35 1437 7377 4039 2301 527 6252 8244 3012 5539 5847 9143 869 7076 8345 35 6161 6738 2159 
9 3000 1188 4578 2339 2301 9111 9142 6247 8879 8960 263 6851 3716 64 3930 3145 5102 4576 8011 2448 658 9253 6692 1243 8335 356 3033 9140 5538 1679 9655 5966 6366 5701 7545 1983 6990 7862 2990 1223 9142 3967 2638 7959 1743 714 6680 6288 643 9342 157 2849 6497 2414 2397 2667 757 3715 4571 8108 9796 1284 5378 979 7154 3559 4853 7738 3908 8663 6301 7832 7166 6800 6354 5166 6693 5785 3157 2691 9654 9695 2674 118 3485 648 3125 4760 6890 3704 7542 5494 8961 4894 4452 9854 6427 2371 6689 4243 9021 
10 3000 685 8322 7274 2979 8191 9721 6235 2659 7572 734 6681 290 9492 1998 5144 3840 9374 4376 4975 3015 7305 6507 5313 3376 1056 501 3166 8590 2242 5736 8636 797 5597 801 3250 9110 1372 3550 1431 6232 869 9284 5084 3205 5090 7066 1314 2279 6514 4146 3263 7910 3999 8528 4076 5881 813 9647 3992 545 5782 7182 556 202 7569 7987 1962 589 2076 1151 3516 6504 2972 1181 7227 1553 5348 9311 4519 6017 2486 2934 2075 2855 5770 3163 799 1818 7711 513 7908 1699 8097 8711 2142 704 3271 6627 2111 4946 
11 3000 8535 8336 7755 5068 3676 1298 4935 988 1621 2670 3146 4773 210 3738 6362 1630 7100 2474 6995 9030 7795 4223 2989 3955 6794 509 8033 8268 1872 5969 4899 2208 1481 3414 1911 6013 5276 7007 2534 9666 7769 3579 8084 763 5107 2056 3575 513 4972 1021 6678 7858 9609 4400 9813 1718 1982 5262 5366 1362 5044 7762 4025 4906 4148 7196 6248 5934 2566 8182 6851 8239 148 972 2723 8703 5096 5885 3665 8284 8867 5866 6360 1143 4199 7166 1455 1891 6267 8155 3781 952 6956 6253 5692 8070 2267 2992 3530 3920 
12 3000 2842 7195 7212 9863 7616 6286 2949 5810 598 5725 9084 6222 768 6568 5056 4229 5109 1144 3491 3879 4757 6873 5417 506 4277 8191 8601 9227 4071 6614 9020 1565 5897 8920 5443 192 1530 3455 7153 1801 4531 4573 4783 8106 5158 5187 4280 4956 8384 7459 3999 9587 5059 1603 4911 5990 6178 2824 3953 8408 292 6372 481 2960 4028 730 5870 7379 5747 8917 6223 8894 2317 7927 8213 216 9019 6286 8045 3666 2570 9732 3552 3418 7281 5030 9404 5870 4329 1899 5448 8142 4163 3076 8178 4696 2030 2497 5320 2080 
13 3000 6626 1605 3548 1804 1875 3785 9325 1331 1833 6923 2865 3201 8711 4087 5229 2277 4030 2338 8533 1114 2899 9665 9289 3458 1416 37 4875 5866 7196 6595 3118 7449 3022 2956 5016 7749 3625 2646 569 2731 5583 6660 7754 8904 351 9147 4606 5569 413 1215 4436 5189 8559 2869 4176 1886 284 3065 5834 8061 9323 7897 1091 9139 6295 6905 9015 6445 487 7506 6899 8194 4751 7557 4225 8614 3537 6034 9757 5197 4039 1845 1754 4061 477 760 1310 3454 1499 471 8820 5373 704 3776 3565 5306 301 9888 6436 110 
14 3000 7880 3865 5764 4000 6321 4175 6291 2676 6813 8373 1260 5565 5014 6915 7624 6197 326 5086 4394 693 8293 3066 4096 4394 6135 4105 7366 6603 1397 840 665 3459 3726 9720 7116 8928 9773 3574 468 3929 1223 2286 2191 3580 5946 1608 1686 2563 2273 95 9627 8630 6399 4160 4425 4215 2911 1257 1821 6185 8441 1197 7593 3710 8442 5570 3405 4257 7091 5315 5767 7717 314 6395 8125 8643 1943 3612 6077 6628 2989 2535 5711 4797 4049 9563 5073 6430 827 106 8754 9706 2791 4894 5607 579 4951 4412 9584 3768 
15 3000 2756 1458 3704 1880 129 1825 7140 2660 611 3112 5436 4357 1645 1654 3847 9221 1976 7586 3802 5128 2177 8023 2494 5321 8304 8367 5596 6284 8671 1745 3103 3738 3753 6564 8291 6762 9213 2198 9810 36 2058 2792 6903 4217 9909 9200 7737 4433 3412 9040 875 6902 1757 4882 9865 3683 1337 551 950 5541 7522 5566 3914 2948 9561 7694 6042 5202 8612 3637 9213 7673 8891 7839 115 7175 1953 9421 3581 5461 4089 7236 9057 845 6862 3057 194 7947 748 2883 7556 5567 1925 6374 4467 2677 2166 4407 5971 2544 
16 3000 1871 4765 925 4977 6219 5939 7212 6698 4445 9065 81 9835 2241 7983 3612 8547 7286 7419 5307 3768 7895 9297 3803 6079 4799 7166 9714 6703 6048 8766 9592 6629 5034 6706 3021 3853 1648 7276 2832 8752 6556 7380 8437 7584 8599 9592 2302 4100 5324 5343 9530 9299 6633 6229 580 9293 1564 3441 7105 1307 8189 5329 918 7799 6646 3082 6078 8703 5286 4537 4114 1805 9955 6114 2352 1237 6395 2874 5392 4097 5771 6702 9690 5194 3322 2614 1276 9926 140 3197 6593 5268 8074 1158 6463 8895 7752 16 3173 6433 
17 3000 9740 2906 696 6824 8813 9516 8026 5824 1363 1140 5646 7628 5923 3867 5113 4610 6818 9889 1780 5196 948 6931 629 9864 7683 5813 5240 5260 1898 6131 9880 6447 117 70 4717 7274 9800 4333 4161 8875 1735 199 8326 6287 5573 1714 7624 3198 8479 1989 479 4819 6906 7642 4163 8875 1500 1354 8764 4735 5127 2551 4277 649 4026 6214 817 9123 2085 9813 1957 417 8242 8363 1197 4164 7018 7613 1551 9114 2163 5349 8263 1011 3435 828 4646 8581 6506 2343 1048 7662 5986 2899 6940 3443 1573 4024 6132 837 
18 3000 7338 7704 5115 2981 4118 6443 4522 7851 5052 1439 3718 3013 4226 8904 8520 8490 8455 4487 2030 7761 2185 5840 8605 6883 5518 3297 944 1734 5367 8684 303 3385 9729 2255 9838 1596 5095 7747 1065 6441 6969 5565 3453 8047 3526 4091 7139 4472 2386 9117 8767 7694 518 1405 450 7740 7270 2369 1866 4926 513 7882 5468 231 5929 214 4826 3792 9405 8088 6090 1525 2565 4863 2582 9873 1420 4845 2509 8674 8147 7717 9806 2159 5989 1100 8096 8074 7285 1237 7782 4923 4620 1801 6265 7343 5107 828 1280 9596 
19 3000 7781 5776 7360 7195 4135 6707 5430 6643 1767 7601 5519 3313 1159 5783 2600 7436 5578 9483 5556 8227 4108 3525 9269 6130 7796 3128 9834 3188 8933 5846 2901 1540 3456 1620 5139 42 6474 970 8824 9013 923 1296 9556 3105 9341 1314 7099 2303 8770 3617 9345 1041 8785 5356 9402 5451 2647 7049 5812 8733 1577 9515 5891 4652 2160 8933 2191 9159 6876 25 2090 136 7746 7363 510 5269 3114 4808 5755 8041 7546 3061 8475 1858 4861 5352 3757 2290 4281 1248 6339 7444 9708 8584 8951 6461 2128 3524 3779 6136 
20 3000 5137 8744 7054 5667 3593 9740 6769 9519 5397 9264 3519 8429 6389 9876 4462 8520 8380 4637 411 8551 306 5911 6053 5288 2498 2300 3282 6997 4091 3704 7667 5067 3551 4501 8042 3760 2322 4862 9223 8074 1610 178 7842 9745 2280 8623 1317 1368 7888 6835 9941 8640 828 3725 2093 732 1615 2413 2584 8788 1282 283 4118 2543 6913 7169 1881 5069 290 1664 1259 5649 9673 5550 8675 770 4704 6362 5556 3244 4429 8067 5421 9459 8456 9874 4098 4743 1229 3169 3061 6865 9433 6572 5897 7655 2519 9121 7897 2750 
21 3000 6354 1581 8767 9462 7 5878 8469 2782 5641 2654 6191 9491 1548 6957 2429 414 8296 2044 4205 788 8012 1317 3411 8757 6777 8382 8267 1996 162 5230 7916 2455 1873 8550 134 9230 5530 4158 2176 9560 9575 9559 4737 7949 5290 4628 9040 3408 7957 420 7055 4833 1131 6105 4837 4492 4047 4022 8992 9657 2139 2869 6263 2340 702 9006 6250 7169 1664 5890 7247 7385 3487 1638 5206 8961 4200 4703 5830 2847 7545 7689 9785 5345 2259 9281 1040 6601 4473 4305 8335 7230 3244 1911 9766 3058 9201 1884 504 7996 
22 3000 6327 9072 3633 5035 6861 5951 4114 5368 9323 3305 5877 5633 9668 9035 2034 3291 5563 5093 8221 112 3790 2539 9060 3807 771 4729 7750 7764 6225 8620 8784 8928 9940 4201 3784 3790 1679 2060 473 2512 4204 9058 4755 1173 9433 2145 5942 2138 7715 288 5081 2555 229 4536 6431 979 4517 6197 2042 2113 3134 3149 9478 9681 5423 4276 2653 7428 2422 2023 5796 8235 4888 3083 542 1369 4449 7203 6146 7852 7884 4116 2822 3959 4523 8607 8211 2839 6775 3686 6968 4257 3783 1907 3476 2473 8195 4794 7691 2230 
23 3000 6074 403 4099 2879 9919 9005 3813 626 4821 6895 9785 8901 7739 8325 5144 6854 9904 5561 4664 5978 2341 7071 9353 4853 4531 3830 4166 2020 6177 3754 8847 6974 2117 4259 1894 9286 343 2946 7645 5849 3159 6407 6498 6251 1452 7161 8248 6268 2104 8710 8554 9487 8510 8724 8525 7054 4234 353 7437 5540 9789 1654 8575 2940 2534 3153 8195 2797 9705 3530 7613 6441 4568 3425 8423 3368 5692 7373 837 9731 9357 3863 5144 4960 5076 3519 6309 6514 4251 5412 1677 2748 1950 1491 1825 3908 1806 9144 4515 1254 
24 3000 4049 1879 1794 4308 6657 8134 200 6221 9629 8210 4110 7272 2394 9332 2199 6487 4334 8828 7031 1388 8439 5442 7776 5862 8080 8764 6047 6155 6916 6793 4869 4999 1921 1616 764 3853 9533 3219 8967 3275 4932 1419 1770 1421 4448 5927 9981 661 1080 4524 7518 2330 3155 9378 9121 9598 6099 1471 1194 8462 7347 3161 5770 6874 4365 8865 7599 1980 5803 3866 4363 5498 5773 1249 17 7206 1252 6958 1254 6572 2609 2981 7095 2495 7256 8657 1601 1173 6428 110 9717 2109 5081 7809 6232 2221 4926 2248 7875 8095 
25 3000 575 7760 8525 6355 8819 4447 7552 2158 1037 8237 1283 5814 8714 9072 7590 7535 2100 7214 3606 305 1985 7679 6565 873 4601 2796 7768 8880 9650 2889 9669 4101 1456 5088 6094 1815 3243 261 5578 6305 4536 8073 7830 2478 1692 169 3327 5607 1545 1484 6023 9209 8192 9676 9192 1035 2888 2684 4393 7195 7080 4411 3557 4402 8553 8535 4207 343 712 440 7794 2177 4982 7277 1160 3155 6336 6146 1134 7364 1948 403 2242 2603 2967 4099 7548 1374 9426 4532 2619 7 8263 2936 2615 5903 4475 3285 2504 2907 
26 3000 5399 9231 402 4803 8107 9160 4036 6937 9943 9375 337 5960 2165 5407 8151 7703 6731 1446 4084 3170 6196 7902 1460 2658 6742 7088 2418 8008 4328 7026 3123 2973 3971 3383 2103 1712 2144 9532 1721 5416 2307 4730 2761 7051 3556 430 2139 4227 2404 4715 3751 200 7682 4855 2431 2989 8563 7990 1044 2622 5721 9941 702 6508 5600 2144 4099 2934 7824 6704 1980 2685 5722 9584 2732 8789 9976 1910 5094 4391 5406 9404 4000 8746 865 9949 9544 1343 2272 9264 9069 4149 8759 4718 2380 1980 1955 7262 90 998 
27 3000 8381 1487 5077 5334 4984 3810 7078 1830 7785 8780 406 2911 3657 3512 4783 7586 5228 247 9314 561 8911 7034 9567 9492 6051 6541 7797 353 7205 2984 6278 933 9546 7190 3773 2456 7388 9781 5124 9327 5838 2477 3962 7005 7575 7536 8551 7998 2754 5309 754 5984 2028 9924 8117 8057 2704 3096 9090 5097 8022 6059 1364 269 9553 9625 3335 5642 2728 2369 8696 6935 5493 6936 4152 6390 83 4474 255 3764 7925 7194 5378 5456 7666 9055 2793 1747 6326 4568 898 2177 3575 5734 6549 9034 9133 7102 1524 8984 
28 3000 3300 8949 2121 2809 608 8593 1864 3281 6598 9824 7347 1162 7722 465 7199 9317 4370 8051 4173 4968 7024 3643 361 59 5534 3759 5534 9759 1519 431 8606 9074 3898 9393 2224 7602 7541 6383 486 2397 5042 1585 9776 8971 1630 2181 2731 409 3186 3035 5332 4622 7406 5507 7116 9712 8068 4381 4520 7472 2443 2924 7342 5004 1818 6073 8332 4469 5148 1742 5909 954 5835 255 9995 8470 1629 1902 988 4075 7659 2631 1846 115 2578 7845 3303 4602 7848 4347 2209 9703 139 390 2998 8366 6854 3864 2272 9064 
29 3000 4787 8606 6519 8668 1895 8830 2955 3439 2203 1690 3484 8155 3832 7960 1792 3351 148 843 3559 695 4044 2907 9802 6480 5337 1140 3337 3250 1301 138 8368 9542 315 3409 3206 7756 8643 2811 6106 158 334 6106 4231 2992 252 2647 5745 8734 224 7186 5024 6458 8325 1807 1000 334 1271 5985 8622 6250 9954 4768 3448 6556 8091 5088 9359 2936 4000 194 9400 7405 5505 2208 9745 1428 7962 2814 6782 3168 5413 2060 7337 2858 4861 5297 2004 6294 3673 8235 1617 6457 109 127 6837 3261 6971 5078 866 1424 
30 3000 8384 1477 5289 6459 9697 9559 9038 8803 509 7084 480 6058 823 3150 2636 3362 323 124 1515 1888 776 3702 7586 5463 1559 1089 362 5312 8312 7315 6116 2936 4716 9660 8723 1101 7393 218 3624 2961 3937 6580 4914 9308 4061 642 5559 3937 3880 5536 735 7147 3312 694 4293 7359 6600 5026 8349 863 5973 8233 5997 9690 8416 239 7154 7609 5576 8746 7517 4243 6790 4926 660 7323 5234 7221 3246 3050 7203 3282 3364 4599 4513 23 2001 8737 27 1812 7623 567 6310 6770 3899 6403 7403 1212 532 4762 
31 3000 3728 2204 7230 5491 114 8245 795 7005 6950 8074 5334 1666 4460 7608 5604 9274 112 5000 3473 8689 9135 3819 7512 7579 8181 4359 5709 290 2098 3079 1309 3841 3832 153 1778 2046 7454 5158 895 7761 4316 884 3964 3254 2323 5265 6156 8701 8341 1435 3974 8808 3718 5920 9842 7555 2944 4938 9817 1070 5421 8837 4436 8624 370 4652 2674 1751 4855 6791 9035 1494 4939 5839 3773 3780 9961 5498 6221 2910 9932 7639 1268 3184 6072 5489 8938 8646 4456 4941 7112 958 2791 3983 7365 5390 323 262 3931 4946 
32 3000 861 6764 5793 2609 8928 5624 1899 1710 9043 57 9501 4429 8119 4421 5617 8409 992 2398 1626 1510 9074 3303 981 4672 2128 6516 45 2919 3176 4045 2063 4475 6517 1203 4244 8009 8889 5423 7983 8012 3740 3189 2196 8288 8633 5093 9786 3576 5772 9022 7234 9298 5655 1461 7314 9428 3853 6935 4930 2491 910 5559 6084 5678 5369 8729 9965 7099 9931 2924 4162 6152 722 1643 3007 2016 9707 5466 9038 276 207 231 7587 7666 5558 3350 4499 4944 885 8236 6969 7883 8007 6867 7508 6397 3462 466 1031 1784 
33 3000 9659 8310 5075 2097 9159 4667 3137 5643 2073 3849 1136 2600 6592 3401 7010 4768 2639 5406 3425 3435 8644 5919 3614 5377 1450 2528 347 6975 9339 36 8019 6467 8182 4269 7861 4314 720 4008 6285 1698 8964 1054 6346 7142 9723 8403 2332 1259 3256 6563 7480 9620 5050 7981 4816 3750 722 9604 1117 253 4047 3564 4005 8053 8108 5984 2158 3770 9576 3915 8653 5210 6112 390 7429 2992 6894 7611 2877 292 6266 8258 2554 713 523 4920 3026 4283 7805 7654 8830 1573 1129 9671 4565 5947 4543 1143 106 3931 
34 3000 2396 1136 8943 3708 1750 7669 9651 1742 7900 5898 471 7522 3028 4427 7034 6433 7983 9734 3196 754 7181 8739 5001 8776 6632 9481 7776 2052 5095 9930 6342 764 8351 4918 8356 7222 6610 1200 774 7484 5035 637 9442 1103 7397 1504 1811 8997 2850 7921 2776 9443 5832 7420 3642 2205 9100 6617 4213 773 9871 5031 8005 2736 9110 7010 592 8281 3924 1795 1062 6810 3096 1701 6614 1690 5732 8425 271 3120 3043 7480 1718 9130 3242 757 1268 4702 9577 7202 6952 9014 1479 1631 4735 815 8843 1660 1853 1915 
35 3000 9425 2765 3279 8812 9376 1463 1315 2437 6891 6626 8305 6020 8983 8909 2473 1093 1392 8311 6892 1607 1609 9859 1571 6180 5027 7417 8670 8465 4220 5616 839 5652 1345 9918 2688 5082 3672 4796 5370 8997 2229 42 4300 7413 3590 5204 9992 9111 4766 2142 2028 763 1241 5711 6145 4174 8121 2573 4447 1656 4411 8126 8754 9522 417 1567 7054 9710 8276 9073 3106 9526 5606 5109 9145 9517 2283 1865 1727 9465 344 6811 690 2512 7018 8381 1249 7401 869 9785 9208 8852 1086 938 9296 6054 9873 8522 6640 9290 
36 3000 7986 4167 1349 4678 3378 763 6230 7048 2982 6890 7627 934 7611 9379 9391 9695 9983 3993 9962 2766 5879 4239 2588 1022 8415 8300 8668 278 5446 4092 4210 2912 95 2452 9425 7607 4403 8439 1442 7223 6108 776 146 4795 8548 9405 7145 7655 3684 1168 7857 9672 8258 3620 6729 1631 3068 6960 5571 9723 5367 4090 5026 2169 4398 8799 9159 3967 38 2072 3170 9758 4580 6522 4233 4830 7637 8951 5465 4232 4164 1031 3013 25 5613 8114 6267 6647 4214 6166 1205 4418 370 6825 6854 1153 3190 583 4880 1912 
37 3000 4140 8098 2303 6871 3819 9626 7340 7317 1861 2577 8366 9770 9968 7204 6004 8227 8053 407 8342 4536 3524 7667 9273 6892 3687 3108 9956 6455 1267 7676 3411 2098 3068 5453 2230 3279 1743 8085 9419 1036 703 7344 2361 7109 2141 5811 9907 1184 8183 5683 2593 6266 5168 5709 5975 2175 1050 6249 7097 7166 5923 2452 4080 7677 5678 5572 8839 6197 8773 2398 2919 7266 6145 2812 6463 1592 4228 5474 299 8300 1112 1629 1158 5303 5815 7042 12 7796 691 2059 3539 4880 6953 9783 8713 4305 3327 2391 520 5344 
38 3000 7830 5563 2794 9786 2669 1042 2186 1059 2275 7316 5255 1479 4447 8429 8676 7613 4636 914 2586 3785 3344 8848 7047 3687 6652 7042 1636 136 9874 2345 8159 2935 4332 3078 6492 4875 7258 6594 3545 5854 4825 4961 5351 5125 8295 8771 2285 1664 3300 9071 7397 2669 2240 7428 7885 180 9815 4103 9675 5824 1676 4370 5148 3688 6200 2941 3967 1313 9395 6529 7052 8818 2925 4532 3665 6143 5265 7838 1624 8423 5977 5764 648 9480 3112 1108 8815 3450 3737 3339 2157 4523 7590 9901 7373 4819 3854 5649 7669 379 
39 3000 1060 407 1721 5292 118 4651 5771 3937 463 3317 8833 1355 9337 7738 1038 1746 4192 5699 5102 5089 8213 9622 907 1888 8974 2874 3224 6045 213 4202 2548 5852 6738 289 9067 3119 2450 6441 9746 411 1496 5393 8548 6429 2551 4243 9770 9497 6213 9512 4509 9189 5537 326 252 6073 9684 9725 3589 9583 698 4097 6057 4012 3411 736 3102 2640 8465 3527 6167 9970 8473 6752 7910 2111 7287 7027 544 5261 2407 3358 7300 2341 505 5324 7017 7732 6079 9388 1857 149 3229 3331 8147 3638 560 8807 340 6697 
40 3000 9209 2030 8109 9518 4000 2579 6557 9367 7716 337 9562 4069 8507 546 6239 3638 412 6988 530 20 7016 3301 3917 4961 8225 2404 1268 6010 168 4064 9796 631 8227 574 1148 8459 3186 560 6627 1664 509 922 5525 3449 2745 6887 6589 4671 5052 192 2615 8590 3852 5397 8158 3736 8606 4313 373 4905 6718 8568 2982 2286 1563 281 3362 8698 3636 880 2760 4970 4834 8030 9633 3430 5853 692 6115 9532 6720 2309 7600 1598 444 2113 5467 8689 9792 4557 2911 6605 7193 6878 3912 2001 7763 4776 5325 4638 
41 3000 5460 6226 2093 7750 2362 3409 5589 6543 1064 2772 5079 4813 212 3212 2311 9697 3151 2384 9234 4539 9704 1132 8834 9888 1073 6055 9100 2620 7870 180 114 3185 1264 1781 4266 973 7262 1306 9593 7816 4110 6437 6245 9606 2822 5274 6073 6042 829 7645 5348 8501 8760 4538 594 6033 343 5660 7560 9484 5431 5118 3306 3741 6156 5233 1417 8104 6205 8470 347 4778 3224 7497 4877 5502 4345 3368 713 6287 4836 1833 2196 292 9882 7773 3141 8820 9485 7753 806 435 6490 711 2976 8213 7743 6766 8185 5110 
42 3000 8360 4149 9051 7459 9138 4263 8739 6593 7076 4867 558 8586 9029 1383 668 2130 8489 6333 3927 4528 5480 6895 2850 5814 9592 584 9701 1003 6132 9067 1709 458 5398 91 9406 8389 5085 7546 8094 9471 5810 9644 2432 3594 9767 5230 4153 8731 2500 8219 2903 1936 7811 146 207 8464 5782 858 6557 9017 3931 7320 1627 5116 1488 544 7615 2596 6796 656 5706 3228 7842 72 5663 4465 5905 4811 8539 7312 2336 3926 2520 2324 8461 7067 1891 3726 8605 158 9119 1659 6248 9211 78 2549 3300 2256 2378 7610 
43 3000 2505 9403 6839 9455 2967 1024 2076 6853 8802 4059 2214 7589 917 6455 7730 9471 1912 9719 9414 9442 4106 9606 5465 832 690 4926 1700 8725 5 4475 4896 3459 2944 2099 9257 2245 3480 9873 5998 8912 2315 9412 6068 1780 3663 1302 5982 9656 5147 2662 6791 5954 829 2825 6170 941 7364 7150 3633 2110 3272 8949 8871 2674 1345 9554 3222 8189 4175 6493 4255 1297 2802 9804 3489 4601 8493 6465 7229 1659 7647 2956 536 6103 9820 5939 4311 8891 8877 1069 5514 3672 7270 9927 504 284 3441 5078 1499 6379 
44 3000 2348 3256 6174 7163 9119 6671 366 3270 5827 2443 3922 6758 1396 162 9661 5232 4624 7570 5463 4085 338 4368 9483 6876 8671 4155 8495 3818 7464 4482 9352 8407 7794 5036 3579 2163 2625 3949 5087 7502 8586 2234 1012 8734 876 6342 5682 1182 1285 8841 7703 8429 9353 7234 179 7690 6643 883 4046 3305 4146 6076 4543 8364 2807 9204 798 4451 7176 8073 8541 9514 2190 1336 5950 3864 3069 6054 2611 4295 8348 3376 1607 6326 6030 2350 4739 4580 2857 1859 859 1275 6720 672 7338 2843 2182 5636 4656 4683 
45 3000 9131 7979 4117 4024 4557 7747 8687 930 7457 6360 6961 7412 6859 7297 251 4681 2976 4904 2803 8514 1483 1329 5133 2756 919 1579 498 935 3215 6703 4480 6011 7346 5102 7704 8249 6109 1965 1675 1210 6024 6820 7748 5876 362 9228 9212 2897 5299 2581 6509 2958 9190 6043 5572 5279 4974 4608 9289 4232 5699 7278 2096 4092 3179 3378 7689 1904 9764 6987 9864 8483 3251 9496 6484 7529 4903 291 6565 2880 607 5565 496 3879 5149 5249 3375 8872 9618 8069 1474 6825 1931 4735 1831 7078 487 9243 4963 7208 
46 3000 944 8313 706 9028 6121 8946 7183 2711 9025 4110 2887 9033 9006 6543 1903 9744 1030 694 2244 6064 8084 2774 7316 5308 6705 8946 509 5625 5629 1631 2912 8875 7568 3939 4152 1625 4116 2233 6359 4266 3775 6807 1254 8262 3104 701 368 1519 1001 6626 8380 1886 6104 2033 9579 8770 7316 2286 7458 2886 7460 1979 7427 4125 55 4365 2654 7554 9219 8916 3025 7535 2696 7007 7241 9969 8008 5723 8030 2672 1735 9794 484 3866 1911 1655 3527 8805 3559 9626 4504 4515 7340 4222 6896 2672 1326 2587 1161 593 
47 3000 5912 1056 8695 358 1834 5831 8926 6060 1327 1795 9528 9169 2399 9446 9757 2034 6236 9953 6923 9504 7729 8340 5972 8668 9124 4795 2207 6735 6801 4105 7126 7022 1178 3214 7383 3080 9734 6902 6885 938 3166 1603 2000 9476 4664 7330 9901 8919 2313 7736 31 7458 4621 8300 8689 5998 9171 2634 6750 1029 4400 6916 499 5620 4499 2449 5603 8540 7441 6345 4193 1509 6135 333 5085 4562 2701 7693 7117 9550 5873 8315 5615 1760 1529 1881 1982 9660 6338 9176 6412 2772 4542 1519 3733 7666 7857 8324 2367 2082 
48 3000 8499 2782 6426 7175 5339 5670 921 7891 3178 7284 106 1456 5150 7500 8939 4001 8249 3954 7676 5308 1982 8354 9583 1681 147 911 1777 6940 5735 2898 9191 1546 8954 7335 1662 9843 8388 7799 4148 5433 5267 5351 68 4667 875 3602 7765 8273 7075 1894 97 1096 9961 6605 7151 9971 6636 590 2083 9721 5115 731 86 7274 7351 3629 475 3915 5387 9406 1904 5652 636 3642 706 1713 6281 7432 2359 1169 2803 5572 6072 7679 6632 2865 2504 2361 1928 8554 4603 4788 5480 8885 1568 2109 4733 7786 5943 6297 
49 3000 8944 5677 3828 9516 3456 6404 8221 7622 7100 2300 5483 1779 2727 7363 4927 8210 853 8568 1533 6066 6444 5302 1787 3421 8812 6920 2650 1392 4647 8428 3641 6392 4168 4296 2058 492 397 387 1313 9923 1566 4017 2401 1695 6642 2138 8487 8345 3981 7651 2624 804 3102 3831 8587 9398 9594 6896 4846 2965 3138 6680 1646 6105 8664 5451 1233 4546 628 4838 1184 8646 409 892 877 5010 6844 7272 1080 6237 9873 6548 6667 8792 7324 9640 2454 9000 4807 3374 2168 7170 8749 6164 534 9840 2542 1826 8491 146 
50 3000 5820 1505 1534 6321 6863 3738 1174 8315 8126 2637 9532 2541 4887 4197 7051 4745 7028 727 3339 1005 3935 3414 1131 6848 2527 3003 3380 4501 8407 8606 3472 8258 142 4635 8566 7977 6661 5864 6057 702 7785 606 3167 411 7881 2031 9664 5882 2635 7589 3693 6693 8960 6578 749 7342 8015 5821 5762 9493 1368 3478 8315 2348 264 979 980 1142 8033 3080 788 3763 5615 6053 3814 5501 211 3987 2895 1918 7066 3225 8467 9843 4364 4925 2535 6493 1260 5740 5755 6720 9032 6627 7656 8385 5357 9782 9977 5846 
51 3000 1714 3698 3132 1589 3910 6350 5797 5966 5736 6500 7632 5071 5739 3133 5113 6734 7129 3017 502 4642 805 6383 3935 587 1507 738 8636 4834 7090 2793 9259 4619 935 8528 3352 773 7467 1370 5944 2460 812 8505 7265 58 6574 5310 3582 6146 6739 7913 1166 4633 7696 3874 3379 7997 1399 997 894 2662 9634 4261 5027 2490 1429 881 4212 405 3579 3487 3579 8137 4297 1439 7681 4094 9993 255 6324 9358 5175 9174 3538 1805 5478 6835 9663 8355 3816 5089 6566 5336 9657 933 5982 6988 1428 6566 975 2079 
52 3000 2042 7573 530 8652 7548 9237 7270 6898 8913 967 8292 149 6920 8861 9133 4002 196 6390 863 3565 6366 3201 294 8823 6330 2058 3325 8142 1664 3895 1405 9885 5150 1002 1123 2158 4423 8334 6920 685 8756 2942 6936 4799 8956 1535 1965 1566 394 6161 7555 8031 9156 8017 9214 1590 1323 9383 757 8482 5371 3678 5767 416 7699 3646 2183 9311 1280 7665 20 173 7442 4179 2207 2086 766 4255 8547 7337 7117 2272 2815 8658 4794 4724 2966 4603 8806 7157 4480 3037 8280 9226 6823 2763 6983 7879 3037 3264 
53 3000 6975 8668 2459 2578 5390 5176 6556 3291 4333 6583 7893 6658 3911 3345 2219 4851 8386 1006 3689 1329 5449 2127 3195 9336 8624 6349 9837 8518 2798 8574 5511 9672 2867 5276 2625 7618 5520 8931 4936 2192 4137 578 1516 7370 6820 504 3845 8512 7541 7049 6020 7736 421 3541 8102 7409 7136 3357 2573 1773 7437 3104 3932 6689 2812 3926 1407 7508 3252 942 4796 5068 7163 803 3431 9815 4390 7372 8267 4048 2365 5539 7100 2289 5393 3149 2903 9784 7047 1062 5294 9119 5698 1341 5125 4969 3168 3552 2193 6966 
54 3000 6506 9207 6088 700 2893 4316 150 6836 7664 72 8562 8361 5467 1661 6565 5956 4534 5197 3799 1492 4090 2774 765 9649 4873 5659 8416 7666 2792 5592 873 3209 5702 4225 1264 366 3308 679 688 3774 189 7226 306 857 1953 3102 6556 2204 4515 6433 9492 61 6498 4303 4249 4955 4758 931 5632 436 3042 3979 5835 5953 3760 8993 5274 7846 2891 1952 6558 8470 8008 9959 1576 3439 9431 45 1711 6998 4505 6107 1182 5521 5002 3960 3509 9127 7648 4529 1099 1432 7775 5151 7967 7415 6100 9009 5570 9418 
55 3000 8625 2696 1774 1266 9668 1892 2947 512 8009 5178 9168 8807 6175 5965 2571 401 2837 2556 8809 8758 8338 6328 1643 1308 3349 8041 658 2312 642 2271 2102 3863 9993 9971 2850 5005 6212 9150 7496 8980 293 3685 8566 8597 3693 256 9860 9730 5733 3401 2913 2940 4123 8700 6591 3219 8621 4086 9798 7861 7805 9278 7322 2459 8976 3338 8799 5028 1186 354 798 8248 1392 3252 2044 9834 3731 5728 1749 1038 1923 2305 1085 3265 4797 6518 7768 2819 4949 7222 3774 3778 510 3028 6182 8986 56 4857 1134 9177 
56 3000 635 6628 931 219 8913 4065 4240 8486 5458 1629 9441 4354 2140 7579 1088 3824 2657 7155 9500 8263 6189 3883 3475 2281 4176 9017 6131 9724 218 9089 3871 7794 3103 1596 8470 9298 2962 8809 2294 3019 544 9707 6637 2207 9616 34 3186 1208 2495 484 8615 204 8700 3006 2291 8086 6724 5246 7123 3450 8942 3095 3521 3720 9636 1380 6491 2390 6149 2670 5843 4400 3158 4210 9536 9627 83 2981 143 4511 1609 8878 4437 1797 1338 6026 6109 8410 8573 2211 1606 1445 8211 6434 9100 2297 3778 4603 571 8898 
57 3000 3579 3333 7027 6096 9972 1887 6842 4143 1775 2229 7222 5323 9791 7210 8793 8697 5462 6879 3318 2969 2643 2910 4534 7488 2508 1168 2120 1367 1575 2388 8785 728 2860 984 484 4073 154 1984 9754 5783 5423 6089 2187 7737 9338 2854 6010 9057 4928 1999 4807 3981 4354 2842 3357 7859 8815 1857 6596 1272 1571 8358 1711 2282 4101 8308 3352 6799 5375 6251 1975 7078 4259 5372 5301 8344 5044 5682 2913 3532 6094 323 3965 6162 1627 5 8025 1336 6614 5562 9040 4854 4811 8637 2423 466 9907 491 5272 5240 
58 3000 9804 8934 9705 3057 4017 3389 9329 6236 4205 8068 8829 5276 7818 3287 6680 6730 4880 4897 991 9199 7889 1843 8467 7454 4840 1848 6499 4684 5387 5218 8380 2863 112 6784 1645 1249 2929 5949 9534 3005 6614 4883 5583 9944 1457 4825 1341 5400 7035 516 7206 5227 7120 2761 6390 6915 7704 9112 2014 6840 8149 2676 7316 5635 5468 9046 8996 1683 1726 1364 3679 2742 4568 3503 7503 5689 868 1373 8837 4390 3510 2359 4120 5699 1292 2876 6823 3577 1946 4055 9544 1338 8299 5549 9219 2022 7543 7470 5461 6889 
59 3000 3642 444 2028 2040 2860 3799 1414 3167 2408 1867 2556 8417 2227 8425 1685 9396 9885 9249 6280 284 8612 2797 2167 5084 8444 9023 3727 2992 505 6303 7239 1896 4409 6500 7346 9990 8786 8144 6642 5530 4936 7743 8388 4697 3603 9212 2352 7595 4884 1440 3774 2375 1247 3964 5457 7480 3693 784 2978 2011 1026 2294 3032 4232 2260 5342 4895 8185 2141 1412 5013 8435 9808 2935 4719 2947 561 7719 1072 4077 769 1510 819 7695 5896 8677 7492 431 1653 1017 1613 5046 8275 4690 4042 3929 7926 5280 2440 715 
60 3000 5220 976 855 34 882 3880 2441 5384 8519 9442 5296 5120 4524 4020 1429 6583 1104 560 8846 8342 2431 2407 6768 564 3923 5240 3969 3514 4640 7126 243 4172 2818 6708 992 983 4516 9513 4940 6724 5398 2380 4976 9504 5631 6029 2117 1883 7915 5735 2597 8117 8635 141 8083 9532 2138 8191 9015 8017 8135 4190 1069 7649 2229 983 4751 4435 9566 1269 8106 4185 1617 7032 2563 8509 6072 7099 1897 8935 9874 2826 4321 9160 5371 1904 7697 5416 9591 292 7880 4968 6642 2281 182 2737 3248 8672 3958 6045 
61 3000 7391 3084 327 7484 96 6395 3007 5913 329 9291 2283 5582 3027 2956 2093 3376 248 7881 248 4183 5451 791 1767 4395 896 9712 5344 3529 8171 7149 2940 3967 1847 1394 2492 8836 6256 5967 3761 7996 5386 7163 7288 2166 5918 9748 6491 5168 3373 758 2875 4300 1390 1436 4375 8829 4127 7292 6820 6615 1792 6286 8522 8856 9293 5135 7991 2960 8015 3746 4775 3537 724 7778 3426 1528 9593 9325 589 1442 7354 5720 5216 6733 1576 6474 1907 3297 2068 8332 7374 1087 1406 8458 31 3866 8585 5741 2710 7071 
62 3000 5795 230 8500 3816 8327 696 9711 9009 7596 310 9965 1600 7297 454 9411 4951 2679 2654 3063 5330 2952 8643 2268 8539 6809 8537 9292 4650 1081 7148 5039 886 2515 8418 9888 2611 2676 7977 7656 2453 5972 3826 2694 7549 810 5144 97 4919 3870 9225 9045 4958 7511 6535 9267 3060 294 3895 633 9364 638 5792 5868 6623 3595 3808 6389 6202 753 4182 1275 2200 3266 3496 9353 3691 8000 2476 4414 5104 6819 7933 3554 4708 8978 2818 8635 1243 6658 4407 879 8661 3614 608 8583 8998 6954 4396 7955 3369 
63 3000 2042 6372 7082 1092 523 5443 3018 6932 1476 7635 2001 6472 5694 3027 2790 9611 3084 804 3134 2180 3194 2445 9357 5696 8866 3033 9075 5227 3014 683 7038 5390 8525 4106 4090 4472 1287 8290 9265 6676 6344 8308 4995 2492 7167 1255 5456 7195 8063 6302 8029 7463 9698 2882 7892 6124 7752 7001 5731 5029 4693 5665 8587 6045 4683 9446 3813 180 1605 3160 6169 4826 212 4680 8036 9129 408 1865 2752 7491 4647 7623 1084 1183 8466 3092 810 8098 4129 8947 9441 618 7411 4840 55 1614 7500 6951 265 8560 
64 3000 20 3677 4309 5787 3187 9436 8262 4851 7085 6606 8380 3027 6068 5578 2562 9932 4290 2946 4939 2273 4354 7809 3593 6714 9090 6207 1393 874 6458 3684 9959 2452 7578 5963 6758 6464 7877 7762 5312 624 1369 9724 8540 8832 8059 3478 5226 2802 4468 4819 9604 1803 7285 5020 4076 531 147 264 5051 5107 3540 9203 1910 7198 7824 8641 9095 6261 9389 7343 1324 9914 9930 7969 1934 2437 8852 7132 4341 1385 8793 3583 6631 2342 4279 4517 9278 1787 3504 9 5981 8091 3227 5570 7630 641 6802 2834 9394 7081 
65 3000 5330 8365 938 8690 1938 588 9763 3870 9179 4852 7669 9773 9560 6612 346 2045 9195 2736 88 2698 4581 939 1634 6105 2502 7346 1133 3121 3057 2166 8232 3330 5808 3513 1292 5417 9063 9329 5729 5660 2273 7448 5476 4557 1565 3778 7576 1566 8388 8611 9895 7982 1296 1054 1962 7929 849 1590 8934 7481 7635 2760 8685 1912 3431 7974 2024 1062 5474 8441 6031 2837 3867 8231 524 4829 2102 7455 7647 4060 717 3578 4588 4856 4071 850 9415 4842 248 7863 45 9063 4080 3238 6330 2231 3305 9432 5274 9093 
66 3000 7842 4671 9372 2931 2192 3010 8077 2181 966 2515 2384 5179 7539 1574 2554 3035 5825 3326 8944 623 5182 8226 5980 5708 8437 4724 9242 6191 3039 8073 5680 5475 5337 7268 6953 5970 7981 97 5898 705 452 6332 6115 3080 2711 9032 4683 4737 1978 3980 8002 1552 2635 7240 754 7759 9251 840 7998 8196 2739 6583 380 8676 9628 7979 2475 4483 4468 302 4253 6992 5356 8778 5665 8416 2591 4890 4364 4679 450 810 6538 6408 2087 1964 880 8056 7568 7710 5674 5151 5014 147 9013 9663 4886 1052 2139 3501 
67 3000 7383 6936 5903 135 2971 2228 361 4342 6036 582 7485 77 1660 4314 7005 6469 5523 1960 5371 1942 6931 3957 7846 6461 4970 6451 3719 1902 7779 3237 4646 552 4959 5810 6113 1725 3093 1553 2028 6511 4404 44 2435 649 8530 7491 4352 5517 7424 9288 5741 7259 3386 703 2590 4028 214 5680 9135 1360 7479 3780 1197 5665 7930 5233 2646 5853 8018 4126 4993 3079 1553 9711 102 8610 6478 5837 6033 9829 4772 8509 6003 4348 5478 1572 482 2259 855 520 2400 6504 5655 4429 5494 1371 9526 6016 5767 9113 
68 3000 2539 9822 6082 4698 3838 8520 3875 8678 3424 7352 1996 8185 7050 6683 2673 6051 4252 2687 4599 8057 9500 6157 3154 8301 6477 9434 3737 2697 5482 1470 8238 595 3951 1012 4621 4525 119 7906 9644 8070 9789 2533 4695 1865 6241 3370 4762 7710 3252 2671 517 825 1256 275 3534 217 6616 5541 4629 7175 4028 7406 5324 1891 2050 2570 2436 8212 1752 1803 5795 6503 8493 4378 9080 4647 6826 632 3785 7167 8524 2647 6311 2470 3730 3061 8179 8220 5240 1999 9370 4832 5898 2134 4788 7094 9131 1870 3854 3915 
69 3000 2595 6649 3219 6192 4955 8386 2602 2811 5789 3029 3756 4763 8612 6238 2559 7394 7031 7200 4229 775 4020 556 1660 8198 4324 6464 6893 2795 9988 8783 5701 2287 9005 1377 5304 1856 7095 2554 5212 5136 2611 7620 1187 3341 4562 9567 2336 2503 3764 7877 1321 8851 7125 5459 7703 2302 5039 3708 4405 8085 1917 5684 7302 6483 9839 7425 7938 710 5334 7381 9361 2902 9276 3968 5094 8241 9918 1257 1218 7200 9039 2779 1594 5913 1227 3458 6197 4675 6274 9675 2585 4557 4711 7444 484 2157 6456 8727 9510 2472 
70 3000 2590 5864 2 9888 265 4132 6989 7307 725 2431 7282 3390 462 2090 9688 7929 5493 3800 8346 5344 8763 2676 9198 6302 667 1438 9574 7464 2712 1719 909 9358 4285 3501 4584 2373 2561 2673 886 880 5528 6713 1104 5477 8141 8496 2740 3365 1596 8233 7849 6839 5737 3522 4507 9912 4579 7538 1397 3058 4965 5336 5524 6086 8338 8292 3059 9137 5647 6652 3299 1800 5373 224 5759 366 4682 7184 389 3188 3704 1005 909 4191 2929 5523 1277 4479 3742 8117 5279 2092 2072 1015 9243 9872 5168 732 7878 1458 
71 3000 1504 5628 3241 5412 3803 1589 6825 7460 5195 5837 4775 866 8487 8864 6226 4927 8572 4490 4771 1595 7951 8048 3047 222 5391 2690 455 432 7697 3822 3993 3116 4615 1664 2227 9555 6865 1931 2377 8664 7285 4643 535 2363 5115 1059 5001 9077 3397 8734 2752 5351 9501 4705 9027 5601 8780 6797 48 9984 1343 3058 8854 391 1963 9318 4269 4572 3102 4871 2992 8382 1061 6285 4809 6149 5259 9336 936 9171 639 9064 5484 2340 3187 7960 45 8885 8594 2272 1412 3244 4027 6439 2413 2061 3030 5652 5882 3305 
72 3000 3560 6534 1745 3519 9129 5951 7234 3188 3088 7945 232 237 6027 8792 5731 1653 6304 187 5427 3226 3693 550 434 7430 6168 4463 7121 9406 9799 226 6079 1096 1784 5543 4212 3479 6598 1326 9951 6949 5272 3633 1589 9806 7796 3728 8756 4881 8646 6258 7000 4281 5433 5567 5504 2257 687 128 7929 6206 6752 5102 6374 5786 3818 3020 8471 166 1074 2594 7596 3397 981 5649 6210 7906 6678 2182 2324 6118 2509 3547 9089 202 7673 3758 7510 9943 3003 8932 2288 8739 870 4838 781 7717 8208 2588 5097 7985 
73 3000 2665 2442 7310 1000 1885 5740 7795 7067 5905 4966 6698 1953 2687 1926 8521 1644 6768 4059 9841 5205 1037 8872 149 5784 1638 6496 5812 9730 5998 371 7166 3839 3979 6055 8731 725 2153 8155 2546 2317 1209 5389 4641 1481 6476 3769 4622 1761 1577 7906 8386 5259 5208 448 3964 8622 1037 9637 483 7169 734 4992 255 7133 122 1119 3997 6038 8456 9641 9163 1187 823 9263 1417 6291 3670 3948 9217 6209 3457 9233 1533 9823 8436 6657 8684 1031 3549 6321 6306 7874 8460 7574 2440 9772 8703 7819 7747 2906 
74 3000 9964 9447 8848 3706 5479 4897 4790 476 6564 9837 6634 3140 6266 4477 171 1112 6141 2996 1759 9291 6158 1108 7295 2187 7721 1739 4296 6160 9829 8840 7119 9796 8347 9320 5302 2402 8410 3102 5024 628 9953 1309 3699 3210 6360 2573 7688 3844 6243 7465 3142 2182 8344 1059 9964 2950 9563 3611 8900 3200 6107 9370 1754 7674 7774 3509 4726 2306 5348 7190 4882 5838 1133 737 9737 9572 2598 4957 9974 5235 9163 562 5283 981 2092 5735 3327 5505 7529 1813 1828 298 2645 7092 3788 8 4915 8762 5822 946 
75 3000 4526 2969 9628 7699 9898 2994 6575 7881 6337 5563 5416 5003 7819 5283 3133 9469 1883 7196 8897 7694 7666 7468 1157 9357 7049 2192 7861 2764 8941 4327 9790 8351 6676 8752 7025 301 8542 5453 8538 6291 1434 829 4905 5364 7632 7128 4144 3925 4700 3 687 9859 8517 4199 7462 4782 9428 7356 1111 4409 1521 1951 332 7052 5030 5348 7338 238 1861 7986 2454 5457 4247 9689 1827 1035 6522 4094 8267 3128 25 1216 5213 4840 1128 8128 3820 3477 2389 7770 3178 5910 6826 5883 3648 2077 5321 6068 3329 6600 
76 3000 7151 2968 7648 8533 3633 3578 2072 9233 4908 6679 7953 8357 9840 396 1486 7981 9044 7880 5807 4847 1039 1119 6199 734 1524 2872 8441 956 5782 6723 263 979 4205 5271 5946 1173 949 6433 4029 9675 5711 7882 8153 3393 8628 9603 1022 7122 8310 4577 1499 795 2986 7589 4814 4847 4786 2164 5910 3718 7143 5623 5904 7468 5318 2267 1676 1531 53 4689 8587 4576 4350 3201 6318 4513 3372 3398 7833 2607 7470 1842 1471 5727 8337 9865 6161 6717 8283 5508 9759 2892 2640 3578 514 2658 5286 3831 1661 261 
77 3000 7303 7281 9133 8655 8746 633 2399 498 3553 8842 8433 7275 7570 5798 8802 6545 9699 3132 9879 7309 6183 7152 6186 3507 8002 3900 6858 5641 1404 2335 5230 519 1555 5645 1557 9128 9318 676 8848 2626 1155 5494 1836 6470 2154 5068 9066 2656 2181 5077 8106 91 5157 3845 3895 3093 1464 2398 199 8009 3466 2653 4208 7958 4167 3717 4247 5711 8987 6329 616 4678 660 5417 9556 8033 7268 776 339 5962 3388 5884 5481 1030 4375 4833 4085 1680 3757 7384 8301 3852 3767 2156 2921 733 8997 7931 8092 622 
78 3000 3171 3090 5154 2932 9049 3169 5606 2306 1455 6544 3199 869 3430 8240 9144 8592 5506 1866 458 1796 8113 9668 1428 9765 7103 719 8196 9498 2402 7225 6481 8577 9792 8957 2413 6167 5806 5811 6501 2130 5762 8495 720 4280 4913 7330 8731 3745 2721 9191 9216 8470 266 2560 2343 4837 768 715 9359 7406 3240 3032 5302 6794 9269 4427 4844 5663 2913 2905 1252 2848 3734 5253 8480 5600 2944 839 6383 9954 2690 3556 9059 9233 8448 1871 6309 661 4557 7015 8235 113 2867 9290 2944 4988 4521 2499 7399 5199 
79 3000 4852 6511 1375 2301 1414 7940 4554 6733 5132 8954 6738 3188 4582 4209 1188 4113 3390 5912 1092 1328 764 6995 9151 5773 5142 2432 296 5377 970 8671 7529 1055 8606 1189 883 832 7348 179 9519 2083 1583 4358 6934 1911 67 2899 9305 5639 8326 5492 6954 3432 4186 525 8933 5040 6421 1396 746 2678 6534 941 5184 2010 3658 4000 6290 1281 2581 8095 6450 8555 4905 2239 6610 7093 3315 3874 9611 8842 8988 3923 6658 6062 2117 9981 6908 1069 5563 7615 183 4106 1634 9807 2816 9343 1988 4504 6608 8990 
80 3000 658 308 925 5553 205 282 7905 2198 997 3881 808 1250 3609 7016 5470 811 4351 234 4901 9513 3924 5027 6996 9380 9190 8267 5377 6833 8081 4762 3353 1802 7624 7944 1018 4982 5091 8671 5458 3195 2282 2168 4095 2892 2920 3080 1151 1771 3184 8657 7239 8527 5362 66 2073 716 4621 1819 316 759 8919 9335 538 58 2023 4624 7307 1245 9671 93 6407 8549 8839 484 3175 6298 154 2926 3967 5534 3411 5124 747 8765 6234 1668 8804 2831 5848 8461 7587 9902 3983 5282 4676 6601 4901 6472 2867 1247 
81 3000 6550 9734 391 9228 4840 3076 4249 6497 1044 9865 6680 1191 2327 2009 4753 3382 5398 1268 3076 2941 3290 8691 9639 5540 5256 2165 4780 6771 9803 2110 3275 4392 838 5279 9548 8698 6954 6694 6017 1018 3821 9707 4555 335 9725 4182 1082 8031 4212 2803 3278 763 9868 5507 1424 1452 7221 2045 2366 8411 2772 2663 6606 2585 142 6912 8517 2927 4350 584 9681 9892 9220 763 5355 7056 7903 9019 4060 868 6532 2707 299 8514 1000 4408 392 3918 6861 9481 1445 1862 2356 1752 3438 229 4568 7321 4438 380 
82 3000 8699 6494 8942 5646 471 3844 9343 7948 1653 6392 514 2546 8716 9917 7528 912 4608 3390 6497 1718 3657 1534 8533 9966 9597 5501 6845 4230 6724 1690 6947 2026 4171 8674 2 3310 3307 2260 9284 2100 8272 8673 9769 6220 9622 5867 854 5171 1111 2954 2187 6130 9592 7764 2643 8065 8042 2533 2405 3991 1719 7705 8186 1329 7435 3870 1561 414 5961 1821 440 1107 7554 737 3653 7544 607 4494 8664 1011 3429 6095 2415 933 9148 233 5287 4001 3735 3971 8194 1416 7158 5552 2790 4259 7662 1331 4821 6987 
83 3000 9165 838 577 9058 1794 9955 6490 4673 5527 2232 1848 647 6982 8313 4632 2408 9308 3501 481 8116 5220 3439 4787 911 3150 7916 7901 9280 6521 2806 3482 5558 6152 122 9956 2547 5787 6202 5108 8259 742 8018 3795 8795 9690 7606 8788 9333 9554 4629 4738 3251 3544 7058 5260 9379 2302 9982 3156 7360 8182 2541 3747 1157 2654 2983 1343 664 6827 1850 8832 1459 5108 3286 392 2674 1972 4471 7336 2987 1869 3176 7071 4749 2251 3453 5191 6224 9721 9437 693 1966 9316 7285 4315 1312 6903 5231 0 5002 
84 3000 4711 1772 9488 9926 9983 1973 30 1999 6749 1906 5226 7151 736 1204 8993 450 7385 3745 2655 3351 3015 6465 5153 9065 9091 6286 6389 6053 9631 5178 3692 9652 1733 3341 1404 1815 9223 514 3595 8988 9441 5410 9909 8102 3135 3272 4520 697 7493 1559 8228 5165 2292 3753 3672 7123 9179 1293 3670 7910 4073 3634 2682 1206 2687 6431 1404 7779 9187 7845 4478 8357 7968 2981 1337 4621 8551 6443 164 8332 3617 3017 4987 8569 158 6485 5891 7107 3749 6553 2358 1912 5958 3909 9734 8757 4868 3413 8815 974 
85 3000 8732 5401 8567 7323 2748 5117 1961 7987 8965 275 4939 8696 9305 6743 8507 2967 1721 2348 3947 2484 9471 8813 1155 5587 3521 1814 110 3895 8073 9163 5464 7053 9215 7117 4250 5603 6704 4815 6731 1979 8859 6830 359 9631 600 3859 6866 265 4589 1527 2479 9221 5515 7324 1262 8966 7493 5659 1576 712 4595 1051 5676 4170 4494 9430 2416 5413 5253 7574 3100 2877 5217 668 437 1479 6047 7988 638 4866 8868 6707 8626 5785 3550 3831 6380 4577 1108 6256 4395 5802 9229 8952 6277 2981 926 1274 6454 1471 
86 3000 6317 1392 1018 9459 7521 8850 1687 7082 6692 5254 2900 3675 7167 3075 2027 3141 7747 2584 2710 7450 96 6914 1330 8254 9270 5239 6595 6639 7369 4086 2253 994 315 6767 2936 3005 7753 937 3123 1781 6079 4280 9229 6096 4593 8315 4820 4758 4776 330 8954 5114 2691 3444 7645 9661 4514 4784 8454 798 5180 1800 8200 3697 167 6696 3806 7295 395 8988 6258 3419 253 6188 7700 4032 8753 2613 1644 6602 3806 6318 6313 7599 9626 4156 1104 4115 7254 4960 6181 3614 8216 853 5185 1798 1293 6679 1079 8607 
87 3000 2430 7565 5107 2337 7759 4601 8890 1890 9754 8654 9638 7140 6508 2295 8487 7433 4132 9862 1971 8207 2287 5642 6603 5739 2835 180 6597 14 1613 4713 4705 5721 3340 3727 6182 1377 9642 5644 5875 6572 205 1625 8440 7338 7051 2510 1679 9646 1942 3871 3008 1030 6907 9201 9045 329 7894 1216 8324 5561 1546 1296 7137 9916 5108 7036 8498 5881 9447 7938 4231 7484 5212 9211 189 663 2105 3710 4589 1768 1289 1995 9480 4175 909 511 5334 3038 4751 7897 8755 8156 4014 9426 3325 4972 2216 9552 3567 3690 
88 3000 3219 2607 2034 6528 2383 1597 9523 3083 841 5144 8418 3827 2904 2544 9151 1734 6587 6944 9795 2020 7263 6659 8778 17 4435 4601 721 7167 1647 5836 5405 5147 9503 3273 9861 8111 1825 1468 3582 3063 4928 8560 6868 8354 21 6328 2284 299 8738 8374 9256 7930 1787 6437 1782 5859 730 4819 9275 5282 2883 2948 524 3093 9344 6061 787 9136 6146 4011 2004 1571 8535 8206 6139 376 8371 6657 1642 8961 4655 7175 3041 3921 7181 8667 3656 2900 3318 579 1439 594 7906 448 7938 2870 6286 9592 388 9007 
89 3000 453 6911 6928 2074 8334 829 4933 7424 6188 9344 2490 9313 4133 8218 2978 5648 4803 7284 2789 856 5120 4878 2164 6885 1199 398 9161 2319 6374 4990 6742 9628 2354 354 2992 538 3494 5678 4452 9527 4203 2697 2591 5446 9468 8877 3393 1265 8510 8723 69 1945 1555 3214 8901 432 9744 7357 8206 1783 8155 5878 424 5405 1956 7025 7334 5430 5684 4501 8396 9214 5649 7528 2209 3951 5455 9025 1111 1427 4658 1921 8884 882 544 3586 1601 16 3024 8387 1587 4103 2671 8380 4510 3240 1866 2109 9595 7717 
90 3000 9076 1546 2966 1514 6258 7147 4108 3922 9388 1036 5459 9287 2107 8313 5124 4885 2505 6491 2716 6915 3021 3048 8319 4622 3469 1117 4576 2539 7192 3292 1912 866 338 3561 6863 3957 4264 7364 3550 6949 1062 9781 8263 501 2212 1834 7178 3671 360 4927 7197 4910 4218 3400 9913 1180 6593 5214 8699 5206 5541 760 8924 843 8640 9794 1290 6573 397 6491 8300 7124 2772 2634 3849 3222 8832 8921 5933 9456 9528 4394 2494 278 3596 4004 385 4120 588 4293 7455 5646 7021 7198 7769 6116 5653 1993 9946 1889 
91 3000 7891 5337 8622 1039 9314 9469 9043 8105 8324 8507 4779 6958 7929 2887 8560 1800 639 1921 6248 6284 6500 4477 3920 761 4239 7792 8087 7650 5547 4406 9033 4936 2479 7214 7279 7787 7981 2658 3172 8304 9545 2030 9603 3392 5982 907 7845 754 7329 6710 6515 3013 7872 4389 3670 9957 2302 228 2016 8914 4991 3781 7253 3243 2391 7932 9535 8958 8570 7075 8062 9474 3853 3424 8796 8477 6609 1450 5300 921 8148 433 2700 2149 751 5152 4781 5138 8819 4690 4195 5873 3155 9367 5806 6839 8362 5801 3153 8644 
92 3000 3374 91 8038 9768 5105 9126 3245 4428 5228 15 8376 8579 79 7651 8817 4034 3680 390 7829 709 3896 3864 1762 6995 1709 2910 8394 8253 3623 1632 8397 3438 7189 1581 9928 9841 9658 8070 6340 5962 9760 4599 7025 2507 2603 5423 1380 1509 7705 6226 5891 3573 140 2937 4356 3246 4824 8660 1217 2516 3907 8735 8032 2431 7310 3918 3057 2847 6371 1692 3968 296 624 5702 3698 3986 7704 3310 9402 9918 6370 1282 4543 3135 2660 9593 4116 8093 9168 3365 2978 7155 7446 2921 7319 7215 3532 1974 9251 4441 
93 3000 6600 3928 4519 7147 742 6320 3347 6793 9864 3373 4396 7100 5722 6681 1861 1299 9063 4018 5680 7503 3913 6272 4877 2201 4973 2501 4024 1881 8149 3122 2837 2776 4203 1214 8881 8733 5531 1953 3421 7210 6066 173 377 3399 4303 6047 8421 2470 9455 8898 6187 9942 727 9129 614 182 9719 8285 8410 3022 5956 7236 640 8508 5537 2484 443 9768 2913 597 3873 4014 5791 769 3859 1655 3161 5502 7299 3551 6445 9417 5276 6378 3781 6185 6393 6129 7419 3584 3240 9730 4249 6689 1987 4790 9460 9175 5094 7471 
94 3000 3307 2751 7153 8485 1022 4723 3854 7211 5838 3671 4072 3947 5140 3263 5086 278 9745 4187 913 7570 6303 4208 3779 3595 2823 6353 8705 7277 7329 5221 1222 1559 9633 1413 8213 4402 6242 4094 1877 7909 8381 1675 6816 5563 3148 620 254 7607 7789 2384 5376 4534 7104 8468 7789 8710 3972 3603 5118 4123 3001 7060 9716 4247 7312 2082 4504 8046 8433 3445 1941 4090 9334 3137 6106 2803 575 4173 7920 6833 9582 2523 3483 9551 3055 7173 5535 1667 2490 8309 8054 5982 2835 3625 3964 253 4262 2755 5977 8194 
95 3000 7077 9834 559 8596 9743 4182 5019 2570 29 9109 7723 8923 9295 8854 1435 7650 9888 3636 9780 1558 5674 2847 6839 6009 5686 6353 9856 6793 904 3929 5083 6127 4158 2823 6747 6769 3151 3431 9132 4270 6618 3113 1801 7344 3597 8122 7933 6361 5836 3666 5788 9974 3318 2089 3298 9857 2914 9179 5779 3585 159 8604 6774 5623 4156 4472 2016 6450 5604 2008 6519 9806 7948 6370 4792 8061 1658 9578 4179 5713 1631 5575 1323 1006 7717 3407 1758 5682 8375 8538 2623 2845 7445 2278 8500 2962 4055 9342 382 7982 
96 3000 5647 3536 7759 3583 4129 1566 3836 9543 5149 4969 3873 8234 505 171 6648 1248 3666 6676 9046 4138 8426 3367 3777 9290 683 2947 213 6923 3338 4493 8357 4206 4326 4138 5926 2505 7766 3887 8571 2755 8239 8542 3218 8955 8191 767 4527 9790 8460 4267 4486 8378 1926 5101 5128 137 292 1112 4364 8786 3986 9486 4955 465 5183 2437 6597 5977 3967 1018 1136 1165 7598 7046 913 5405 2922 3172 223 8225 1893 1055 9906 4057 231 7675 5066 5102 9193 9768 5905 2330 481 6381 1690 4599 4266 9557 7847 5903 
97 3000 340 3144 6169 740 2396 9730 8161 7612 5429 5697 1500 644 6261 4411 9632 9330 7199 7525 4479 6403 2806 4415 2285 3834 9808 9739 2576 6951 118 9119 254 6686 6992 2951 810 9946 4303 8340 8662 8107 8945 9153 8623 3639 6359 4210 490 4850 9187 3587 6757 8755 9050 3051 3457 2077 1447 6620 4126 362 3785 7247 6894 5232 6531 5626 4696 9750 7489 7125 8617 1918 9202 6851 4354 6302 9481 2824 1805 3772 5053 7295 7786 9377 8345 6173 1871 8339 7381 6586 5354 175 8811 2565 3342 944 4064 8852 9967 3618 
98 3000 8624 2834 6728 6576 4434 4600 3957 225 5422 5126 5404 1751 6154 2586 5958 7984 3612 6780 2479 6398 2093 1696 7774 4230 1241 6195 7674 5728 7198 2816 1261 7518 6877 4713 4196 2108 5372 711 5196 9499 6478 8490 5614 6940 6348 5895 2159 6794 269 369 2733 2535 2565 6511 5399 2871 9621 1760 468 3986 6041 204 5716 9917 3919 4512 4723 1044 5248 5995 8335 716 7443 2788 9261 9994 1992 6158 9778 523 6238 4939 2582 5529 8279 8092 4742 8938 4995 5384 4799 2624 3200 6201 2972 1781 3920 6478 4508 8415 
99 3000 9796 3763 6137 2969 5612 393 5669 4068 1943 4809 4706 6389 1938 988 4479 6659 1219 5999 4819 7774 908 5689 6242 1046 3782 8491 5168 6577 3549 7359 2254 1748 7248 9824 3866 7848 780 6178 6667 4814 7559 5786 5329 4107 289 1514 3374 9703 5866 2293 7141 7219 3405 3798 2876 1156 5396 7262 6941 272 1976 6404 9161 1074 8335 2490 9286 9446 5242 7518 6580 389 2698 5523 2536 5895 6711 2014 6719 942 9202 1534 5724 7617 1031 3335 5274 7359 8149 5199 5430 1332 872 5360 8931 8921 6292 2571 2660 4354 
100 3000 3794 4283 2234 1445 3716 2955 9718 6469 9123 488 4464 9155 711 782 7080 1809 4831 423 6515 6558 4647 7486 275 725 4406 8476 7765 320 6849 3378 6752 1665 3729 8848 2955 1138 9471 9519 2761 3047 7946 7432 9062 5621 2374 9600 224 5136 8350 3684 2173 8158 9998 1811 3614 1917 9249 2499 4364 2798 8239 721 6826 2969 4842 6086 570 5122 1321 9150 54 5345 6100 5846 5463 4120 8675 46 6668 5441 7633 4242 326 4064 1811 8357 85 875 4569 6677 9929 6386 1195 2910 644 2360 9430 3370 9404 1550 
