FILE: 1823UnifS.txt
100 100 0 
1 3000 7427 2856 7080 4514 6178 2460 4561 8154 5362 4854 2902 3669 2971 9444 8477 662 5923 108 680 5501 1531 1814 7452 9505 2092 5371 3935 5252 2599 295 4249 1007 1587 5806 6395 3290 5091 9953 278 7552 3740 6857 8867 6988 2971 2080 2464 9467 6367 6126 6113 2593 2125 6059 124 6889 2645 5251 3727 7104 7242 1248 1845 1649 7990 1775 5005 150 8682 8848 2355 9140 6926 1026 7825 5859 9354 3780 9399 194 9966 7990 1520 4736 1592 6564 617 2961 483 9186 3754 5540 4027 5188 413 4775 1586 4542 7392 7155 
2 3000 8465 6985 6836 4039 2997 9266 7385 468 6762 513 8454 2094 7923 5730 7634 242 7694 7420 1223 5094 9931 5333 7873 6993 3841 4330 5371 5884 9828 386 540 8865 8453 4708 2267 5874 2529 5982 7654 3500 2330 743 1296 6912 3937 1873 7687 9921 697 5220 6739 3161 7816 4344 2443 401 74 3391 4641 2974 2666 8086 3931 2340 5160 4857 9692 767 8598 8077 1239 141 5700 5439 2098 8898 4211 1451 7410 7083 3362 9054 4459 9536 3463 9374 6320 7197 8615 9588 8642 6542 2551 8923 9546 7141 7600 2775 2655 7342 
3 3000 6780 4956 3247 8076 9008 8067 7528 4798 7445 1991 5038 7539 954 515 4178 9091 8699 6078 862 1318 7851 2638 293 9588 4434 6675 1868 5330 7286 6303 7203 6721 5152 8523 1287 7492 6895 4594 6756 3863 4840 3524 1301 9599 1237 3695 8191 9200 7850 2609 9926 9199 8672 4758 5016 7608 5767 7621 7881 1465 8232 5782 1880 2527 4289 3183 5465 1073 6498 3486 1453 7838 99 8578 9433 4075 4475 5185 1293 9735 7742 9623 9870 9776 4467 665 729 8601 6501 541 7065 2608 6951 4056 7731 884 7267 5839 8389 4005 
4 3000 7456 5711 5788 973 9421 2184 5166 4276 3430 4078 779 3069 7702 273 9551 4485 1123 7575 7853 3065 9087 6714 1404 8320 2458 6465 8301 415 9664 5896 5166 3974 1908 4735 6431 16 1508 1869 6732 6014 3367 1964 6443 4077 9555 213 326 7260 7030 5204 9308 3998 8476 9919 5380 661 6266 852 9634 2242 9555 5259 3404 1165 4492 6525 2552 4214 7562 7664 4864 7598 2049 2937 582 130 7627 7599 6054 4538 3076 5771 513 6898 2119 6436 5976 4191 2389 7558 276 9989 7516 8331 3211 8263 2348 9548 5821 5315 
5 3000 1283 2098 2794 9839 9740 3587 7989 1101 8746 3084 3091 5254 2651 3992 9388 9763 9968 5044 2674 5971 7339 9425 1272 9779 6624 2017 7193 455 5113 4770 408 7568 8872 200 6254 6048 9204 3006 5959 9365 2236 9822 295 843 1642 7083 6354 3091 4474 7022 7455 5562 132 1795 6166 234 2454 5721 458 5426 4927 5659 2983 7721 9032 9499 3478 2035 5704 2787 4288 9793 9925 3468 9023 5242 8439 4761 4331 9881 587 6150 4804 5023 2280 2509 1003 2479 3083 1348 613 3361 6428 8181 2716 5022 2962 25 5197 6111 
6 3000 7004 7021 5270 9759 6138 2177 3132 4885 3929 9243 8737 5629 5760 8707 1701 8917 7798 1910 4329 135 9086 3302 7766 6946 6755 803 1276 1218 4365 4307 4644 9087 3368 2299 3701 9136 7702 6601 8981 8708 1502 5246 7494 8335 9942 3471 7631 4302 3199 2839 7188 9326 3541 8486 4525 1366 5547 4492 2834 558 9440 7374 7551 4273 7559 7714 6875 297 3942 9897 5426 8147 7047 9987 1021 8497 5586 1723 4574 741 7496 638 3126 8675 2024 6306 5996 4308 4942 2714 4060 9790 6891 6756 2151 7479 4841 4858 4587 8115 
7 3000 6685 7718 3826 7137 8952 3183 2238 9111 7643 7242 7013 292 2204 3149 8186 9305 2609 8666 9787 5956 9578 1437 4123 8162 7916 2482 9176 7016 2978 7821 9132 9963 258 8217 8036 2114 8105 7049 6565 5677 3563 6307 1932 7518 1336 713 915 4839 5875 9970 6006 8996 6596 9126 4694 7422 6219 7081 1858 3695 2233 3197 5305 5714 1485 2051 4415 2014 7896 6304 1921 6193 3299 7697 8812 9477 1405 6173 2356 1400 4896 7121 7260 8613 5632 6750 9941 1818 8000 5582 5931 826 5370 76 401 7741 9694 2372 1821 8271 
8 3000 4213 8164 8728 1156 9300 2692 9635 5732 1426 4870 6056 7612 5249 9526 8657 2494 8827 7775 6536 8098 1959 5515 9625 4220 7653 51 4215 918 6710 4836 1610 4822 5444 2345 9904 3565 6518 5071 8884 8342 2912 4646 8058 4596 5010 9087 7803 824 818 8167 3649 5510 9299 6910 3675 2186 6845 7214 9042 2616 6861 7596 7640 8102 2479 1065 870 8917 2405 1113 3542 1869 9877 5843 6908 5977 4756 210 4806 6288 8744 6393 2948 5802 3721 2294 1312 5537 3211 8155 9676 2710 6971 1307 6269 7046 8706 9040 9545 5211 
9 3000 6912 9598 3091 3371 8834 1302 3650 7877 7562 9798 2275 4072 2244 3421 8604 3222 1425 6699 8268 7582 9513 1968 3413 3572 6367 9123 6353 3091 14 3487 6350 2945 2489 1804 9513 2411 8797 6366 1830 8920 9005 7256 5315 1861 3457 2717 7287 4519 1113 7652 2777 4132 1015 243 48 76 6875 6699 9251 171 4792 4122 4204 5116 4088 1511 7292 1049 1279 8876 7493 228 7160 4487 1534 9841 7021 247 8168 8940 3986 5183 5570 3498 5482 7073 1875 9594 2822 2188 8819 4722 3927 3164 8527 7223 9160 4999 3408 3845 
10 3000 296 9174 9183 5424 2605 5898 1041 697 75 4479 2914 8233 3745 1822 9880 6489 3176 9049 3689 1999 1034 6245 1416 5680 809 5328 7240 7264 7657 1047 7345 7859 2359 102 7945 632 8415 8390 6442 9616 2257 6379 5698 6646 6592 2598 1439 6417 6861 5264 2785 9665 836 2025 5898 4481 1327 7831 762 5737 2029 933 1085 2653 6483 7001 7325 4474 166 1370 2845 4282 5707 9414 3188 928 1227 5040 8481 9092 1802 7308 8959 7465 4055 5181 3623 5059 3869 390 2013 5640 7227 8438 9110 287 4181 7713 3366 8074 
11 3000 5934 6741 7857 4881 5063 9552 4555 326 8852 9178 1736 2824 5762 9275 4505 2771 5017 3868 8449 3851 9323 5222 6413 2471 704 9840 8403 5321 9467 2581 4615 5055 6297 8908 1585 4099 7463 5258 1468 6589 3168 7540 4438 8425 9003 7754 4218 5457 549 8740 6732 9791 1079 7044 1882 4228 2409 3920 8447 4816 8856 4446 2116 1539 4329 4774 6638 7121 2547 7499 8097 3965 375 5156 2319 9205 4291 1839 5393 7895 9976 2951 7331 4316 5025 3072 8839 1409 4794 1955 1223 8333 1359 8649 9414 6150 5607 3745 8122 1633 
12 3000 2453 9743 1113 9201 9176 9555 3611 973 6889 3122 7825 4959 5124 2157 1603 1361 9550 3024 206 7012 2811 7726 1215 7931 8492 3033 2554 10 8208 7724 3645 7820 1819 7956 9685 1545 771 768 9047 2042 4560 5693 3809 4022 321 4510 3404 7362 5543 9115 1401 6535 3910 7512 5404 8173 4267 7940 80 6744 2707 1115 3314 8368 7785 605 5483 2747 8862 1322 1860 3221 7568 6145 8139 4957 2391 666 9093 1254 6391 6063 345 7977 8043 92 3273 6117 5199 6210 3038 2473 2180 824 9737 8463 9988 8657 2678 7053 
13 3000 9650 6247 7781 7821 8677 3569 8111 137 661 3779 7527 4472 7984 1085 7457 1835 7661 6745 6804 1325 301 3187 4973 5822 2204 6254 8022 5789 569 5578 7938 1212 1835 3073 5043 1652 3151 9558 3520 4434 6958 9502 63 953 8711 3897 5657 1107 7714 1251 480 5857 1087 6711 1930 7912 855 9310 5774 533 4164 7335 434 4472 6620 1829 4379 3025 8752 8203 6660 5223 5608 5991 559 7131 9460 6717 366 1291 5655 9889 1284 4274 1570 7124 2452 2367 8709 4395 3103 5380 7914 2396 1836 8580 7704 5043 9021 2751 
14 3000 5746 6096 2327 2375 3436 3900 5373 1943 3620 4260 9504 386 1434 1438 8697 3636 8265 7269 7587 5310 8843 8415 2615 5515 1456 1726 6314 7786 1291 7747 4701 4140 6895 2329 7815 8265 9768 6382 3360 6823 7080 3744 3489 8889 7503 7177 4703 3505 184 2488 877 5365 6831 773 9418 8625 6930 8794 537 8836 6079 7468 9652 3003 7463 8493 2919 7765 6432 9092 5880 5708 8227 4886 5243 9799 8812 887 3783 5939 8842 621 8369 3653 752 3374 1120 4894 8973 9564 3676 980 3272 4235 4607 7650 5213 8680 9935 8248 
15 3000 7753 185 6790 5033 7951 9902 185 8613 2813 8845 2919 5501 8251 2011 8607 3799 1180 622 7827 7009 4726 2505 7400 5965 6569 580 2797 8891 411 9483 3657 9587 557 315 2446 3734 9641 3510 6235 3330 9457 9833 1596 9250 4927 9499 2636 1925 1192 9422 2147 154 3825 8583 5880 8038 2173 1529 9955 38 5818 9992 1379 4155 4171 2635 1707 3245 9185 2925 3812 4448 1195 5127 1794 6747 7882 8427 4001 6654 6364 9177 9187 2015 8411 1265 5786 3949 8784 4614 4313 6900 6699 1800 2898 6826 421 2801 5929 7503 
16 3000 4972 7865 5838 4964 2979 8509 7996 53 8630 6638 8747 9109 4773 1792 6556 2779 3121 6518 6286 2945 7603 9863 6605 7789 818 8999 507 4972 3632 8967 8971 2944 7891 547 7731 377 2259 6257 7185 3728 1185 4473 5419 2914 6993 1672 4360 5130 5095 2808 9052 6775 2332 9805 62 3515 8438 8180 9003 8466 632 1786 7189 8501 1330 5687 7412 8685 8987 7151 8843 4832 2061 4773 5062 4191 6103 5720 5206 4254 3971 1103 8253 9686 9171 9471 417 7389 2323 8435 5679 9682 745 4414 9441 5612 1177 503 5300 386 
17 3000 5614 2470 4952 2927 271 2881 1220 1564 7677 3341 4203 7836 1888 4868 559 8426 6823 6388 5901 5220 7736 1356 331 3493 5799 2505 7085 8212 5822 4710 4316 8477 7090 5993 9996 73 7328 6638 9939 6155 9793 6439 8958 6062 3484 71 5140 2243 6488 587 7249 5320 2441 1035 5253 7271 120 4212 3977 2737 6154 526 9879 8458 868 4000 955 829 7248 6387 9763 1588 3025 9419 9577 1618 5898 5179 3666 2886 1867 4596 7691 8499 6703 4063 5241 889 533 190 6476 8121 5560 2668 9910 8325 6899 5269 7314 2258 
18 3000 6542 4968 1738 3986 451 9184 8669 9689 8768 1159 306 4602 9161 3445 2961 8068 3283 9533 7589 6721 6365 3594 3438 5800 9930 8352 4828 8577 7633 1081 1053 3920 4225 7724 9408 1971 7646 5140 1341 7961 4234 1477 1732 4140 7072 4664 1291 9837 7447 9036 2093 9640 9442 77 6221 9711 7652 7295 7553 2213 8021 5214 6657 7874 1811 2496 8819 6666 2687 9190 5201 6619 6935 2100 7112 748 6801 8281 3413 2116 6958 6663 1046 7019 4091 7795 8684 6288 9615 1714 3506 4729 5516 3947 1106 8681 3313 9627 8515 1696 
19 3000 6149 5738 355 8349 4008 1494 8116 6173 2049 6826 2560 5717 2080 9007 9245 8730 7137 7400 7181 4467 9208 6326 605 4125 68 6061 3884 3403 5245 1957 9541 3182 1110 1690 9411 8336 5092 628 8915 4664 9018 5328 4464 3950 5575 5160 3985 7147 7906 2049 573 5683 2319 8348 9272 898 4127 2834 6972 1600 6620 4830 5442 9748 3145 6449 7477 4266 2326 2966 6179 2968 6407 1317 7358 2625 2709 6713 5059 7143 8225 7394 215 3873 7336 7495 2425 8046 2647 8045 4854 5331 8953 6086 2263 2518 330 1919 2160 6324 
20 3000 350 4477 9077 335 5419 4821 1973 53 1244 7758 4763 6091 2420 1590 9965 5471 5150 5986 5485 1068 3077 7975 4511 9159 6256 6068 8549 5113 3241 2505 3567 7197 6300 3627 9279 8511 9755 8370 1543 7045 1444 4887 7892 3864 7318 5292 6181 9414 9147 8537 6372 7961 5368 1402 5427 142 5044 7617 5345 3657 4956 5112 4306 2069 9817 1383 955 1745 5615 6994 1800 6911 6073 7191 1741 2835 2243 1654 7720 7137 5218 2365 5505 9223 1973 9605 9583 7843 4330 6075 6195 6773 1049 9142 9485 8626 3039 1212 776 6785 
21 3000 1702 8222 976 5461 395 6263 6104 7876 9023 6330 5940 2575 1750 7186 5805 7853 7842 6364 1462 4320 5629 9284 7145 5584 9597 6502 6710 7053 604 9080 7910 2879 9215 2082 9804 1006 2173 6195 3277 6362 1984 7474 4698 2163 9633 5218 2691 9348 426 7958 8047 4136 2952 7585 6740 3713 1177 1594 6089 37 9651 3454 4029 1775 1857 1104 1516 4357 1671 3577 8055 8166 7951 5741 350 4839 2254 1176 4084 1706 9676 3166 8819 4350 2815 3821 6024 7283 8863 1324 230 2763 9819 5302 3301 7721 5829 319 1844 8825 
22 3000 1653 7502 7732 5659 6251 4285 1756 2036 5503 2279 404 5427 8044 3268 5762 4523 4231 3334 8543 4918 8234 5096 4239 2915 3246 8089 2397 7465 9831 7254 9022 219 7381 9562 2104 3716 8711 8760 272 7690 7769 8242 4569 3507 481 2043 3357 6716 8714 3964 341 7740 7364 4813 5726 681 4572 7782 487 255 5065 1939 3781 6850 6621 3848 3465 9708 9655 7321 9755 8238 9939 1283 2001 1444 4438 5771 8587 5488 277 6054 9964 9372 6830 4881 4795 8745 934 2849 9241 7840 5233 6903 9353 9529 9635 6953 6610 3511 
23 3000 5911 622 6563 2615 5403 6118 618 7238 9866 3230 935 7902 5433 2446 8455 5937 9707 2203 4057 2293 1972 4257 2828 4466 6534 7176 1472 1567 9188 7967 8834 7495 6805 1817 9554 2255 49 9964 842 1385 9216 5700 2383 3516 3198 8481 9361 6059 1574 6184 8616 9010 9824 5471 7918 6883 7671 288 8369 8773 543 8484 9933 6535 4163 6560 85 1095 2267 2539 5592 6884 7440 6960 7413 4392 5083 2002 8726 861 504 8728 6082 9082 9129 2459 3682 4339 9844 6266 778 9459 1463 2594 2200 8004 2310 3006 2013 5571 
24 3000 2944 6058 288 9232 1988 3289 3008 5091 5104 3349 5095 3964 7075 4240 6562 5195 7025 3688 1789 8580 6756 7641 1929 4435 2212 6889 431 1774 8074 1809 1696 4617 5469 5238 2849 6429 2812 3467 8650 2672 9773 5366 9513 1494 4363 9623 2662 2534 3152 124 6410 3856 4606 9443 7557 7012 5555 462 1922 218 780 6124 7990 9670 5731 7297 3696 8972 2364 8774 6321 6697 8105 3393 5524 2072 7944 4283 9491 8784 9647 5235 4214 6915 2096 9199 5893 3000 6754 4904 6466 8211 2255 1604 2255 4665 2119 1950 5749 9858 
25 3000 5593 2987 505 9225 1612 5272 9174 6822 5894 122 4655 4132 1150 4986 4370 7004 427 6940 7670 709 3573 4306 6358 3123 6824 6404 8346 6037 5522 1416 4427 4587 9952 2388 8183 4818 4310 1346 9008 9366 8789 1546 8263 1262 4799 7845 8550 5872 3301 5194 6120 951 6276 5261 6395 4830 1314 1178 2622 2722 9327 411 7651 1156 5391 5754 8838 537 2710 4455 6071 5828 9706 5460 2921 5361 233 4779 923 7766 6919 8992 6976 7036 7628 6861 3870 5703 5051 9081 3939 6155 9424 6150 5840 62 4362 4365 4453 5940 
26 3000 5827 9943 3907 4831 4220 1266 3737 4113 9590 9254 8159 9435 9981 5862 8469 4773 2890 697 8578 616 9862 5767 3656 273 4202 8353 1915 4306 1816 2001 9509 3090 5176 5650 8561 7497 408 870 8319 7705 7510 7238 9427 127 3689 5834 1333 2475 9827 861 2815 6942 71 9390 5629 1510 4548 9234 1295 9383 5204 4941 989 6546 4768 1918 8579 7451 8846 8675 6773 8822 1131 7196 6398 1589 1744 1437 8800 951 8703 3944 1375 4554 2507 604 6217 8803 3852 3511 1899 3292 4477 1964 8375 3370 1119 1590 5005 814 
27 3000 2610 1587 1708 2649 91 96 3242 8070 348 7700 6602 3512 2281 9039 1553 5825 6493 2564 4276 3586 8003 8401 4150 6532 2086 4350 3651 3121 3241 7 1384 6211 7276 9009 8231 6872 6529 9405 6628 6319 8201 2152 2972 5969 5826 7738 3145 5628 3858 924 1164 9795 5389 3620 965 2101 2983 5877 1298 7861 2648 5010 3762 4763 921 2846 3948 1677 5084 1089 5727 5582 6505 4824 8642 6632 7100 4132 8444 1336 8927 3839 738 3867 6898 1386 7765 5495 4619 2825 8299 2149 3355 6942 682 95 4120 7501 8969 9748 
28 3000 2895 3615 2208 7608 8960 8244 6845 6311 6367 4813 2247 2822 8526 1962 9356 4735 5920 6414 2469 4715 6944 3974 4136 3047 1874 8645 3190 8328 9951 9880 5899 6273 9600 7950 241 6645 1768 7441 3312 8317 6392 8872 1847 2459 1982 8448 5875 3837 8343 5923 5499 256 2411 602 792 115 7219 5460 4832 8087 3988 9387 9846 8936 7338 7561 6497 9441 3631 9945 6277 8462 2437 7903 7040 5120 1120 8951 1653 5107 2555 9628 9773 5119 5970 6489 2749 5413 905 5228 1651 494 4308 7925 8419 7922 747 8415 145 5244 
29 3000 5749 5785 6472 5054 2266 5995 121 8178 266 1626 547 4981 9446 9747 712 4800 5072 7914 6990 3502 6944 8293 2192 9172 1488 9900 1724 5918 6967 8978 2855 5802 1823 7490 7129 8905 6144 9742 5885 1507 6248 7126 8915 2395 2404 995 6236 7297 9669 3657 2996 1443 1851 7495 7502 245 8603 2215 2368 8108 5635 217 8797 5363 8055 90 3980 3326 6833 8235 1626 7479 8391 8607 5613 8784 7318 591 6763 3109 2211 4997 2751 8796 4639 8176 1124 2335 1230 4275 5459 2179 8892 5599 4641 676 3146 1114 5259 4126 
30 3000 9598 3065 7140 968 8521 1722 1999 8083 2576 8251 5216 5234 7651 5712 736 7621 6821 8179 9103 6565 7445 7984 8605 8316 1374 1091 9557 988 8297 592 1697 9617 2201 8325 4722 9345 964 4626 1932 6729 9068 6192 7012 9170 3438 2084 3935 2480 2412 7844 9985 6559 7823 7746 1913 9204 221 5159 5214 8047 7209 1051 6527 609 4908 607 9165 2486 2547 7972 1767 3656 181 9129 73 2915 9525 2889 1830 433 7925 15 4814 8439 5442 466 7991 29 5072 8771 5783 6102 6084 7523 5481 412 481 9001 7766 2762 
31 3000 2596 4916 363 301 1804 4282 4818 6966 8362 9409 6402 1040 2373 32 7136 829 5877 5547 1945 8477 8066 5392 7934 1900 3621 7536 6792 4838 4183 5101 319 5046 2937 1112 9077 598 2327 1365 4167 4323 4901 5422 2135 6361 7271 5737 2995 4851 7205 4895 1383 4733 3840 991 836 4689 1024 1119 1193 2196 3780 2997 9120 6712 7895 4714 1766 984 2638 2596 3540 482 6593 7208 6011 959 6633 7472 935 4129 2 2914 6413 1483 9534 4034 6160 6218 1993 802 1915 3297 9534 9282 8962 7632 4299 6375 4789 394 
32 3000 6125 2691 857 3443 3389 3546 7512 1892 6970 8080 2003 4785 7343 6507 9642 3912 4786 5487 8075 735 2728 1614 4691 1452 4209 3048 7142 181 1472 9252 7001 263 8677 8868 6538 3702 7739 5714 8621 8721 7299 2901 9743 5444 4805 5080 6177 9705 1735 8817 3252 4987 1932 1084 7753 2471 3069 5885 3453 9230 1242 8997 9761 4527 8682 844 3503 4259 4596 7494 3820 3508 9131 9777 199 7227 465 536 3626 9049 5020 9991 859 8223 805 9242 1834 4666 3877 1886 191 2153 7935 3765 6926 9622 7031 834 7171 611 
33 3000 1411 5163 91 812 6481 9051 1918 3757 4898 7280 2097 4629 1779 7477 2568 2190 3049 8617 167 8845 6898 7643 2151 8822 8377 4210 4854 4483 7110 3556 5463 756 8134 7501 6918 7694 5863 3565 5943 1159 1180 2215 4196 1630 1651 2240 2548 1137 4864 4238 8483 8320 4894 2248 6627 1612 1894 3487 2402 546 4810 6227 8798 5193 7217 5787 6282 3715 6290 8659 5820 8055 4888 4748 5032 7738 6775 7747 7469 1812 4952 3635 5015 8902 3130 7292 3416 5394 313 7250 927 1746 8517 8563 97 6918 3611 3801 2666 935 
34 3000 9275 2176 7593 5567 4099 6780 2211 3139 1789 9966 6501 3463 4515 6837 496 8901 9369 6867 4810 7543 7959 3654 4287 4518 9122 2781 4779 1431 4767 7823 3052 3915 8833 4457 9808 7320 9387 2718 5841 517 3832 7363 1313 7838 7252 6372 8158 9127 3874 7565 5606 7930 1658 3352 8839 7799 13 3599 765 6730 636 6630 6923 9716 1477 8345 3509 9435 3829 9465 8529 5060 2543 905 6077 9185 9366 7271 3733 2892 9410 8478 3099 8930 738 9498 3440 3024 7079 8232 8473 3312 3670 1503 6260 7897 6221 9180 2241 537 
35 3000 3002 6425 5383 4451 60 4059 7461 4251 9558 7063 5455 6005 1240 1197 7082 5414 7023 7748 9449 4128 8707 6398 825 4175 8820 6221 5548 519 4579 4806 2050 1748 4982 5503 4011 8877 1022 2791 4635 2286 9028 5777 4054 6777 7128 9815 9852 4757 4840 6256 722 7548 5787 313 3240 4818 3536 7063 1767 2144 563 5564 1480 6691 344 1103 4519 1023 2568 5568 9270 5037 1478 5942 2764 6019 7338 923 6203 6831 1016 5675 3618 2217 1708 4694 3638 3239 7771 2808 4401 9831 688 4295 1576 1489 2165 130 9515 6075 
36 3000 4336 3358 5536 6752 3110 2587 7317 7041 4632 3613 3430 4009 4877 9160 6992 9573 2358 6758 2439 9935 3974 4736 5432 3141 3968 6341 5883 4766 6021 1987 4107 1718 8465 9626 102 4179 2623 3243 5946 5654 4276 9476 1328 1165 8248 2365 2203 3550 6126 6223 2562 7905 7098 6626 9341 4135 1916 9544 446 7644 9989 8580 5902 8139 9594 340 2138 6566 1220 7937 9382 169 4032 2605 2192 5671 5456 3446 3108 585 3901 5303 9429 2646 4594 4758 3113 7373 8546 4247 3809 3746 4644 4311 5007 8021 4861 3967 3315 5661 
37 3000 2602 9201 859 1395 4164 9591 817 7400 3327 3055 6065 9612 9070 8717 958 2158 6412 7910 6228 9915 371 3290 7019 9195 3062 6086 4030 6552 3905 1473 7801 5713 2970 2062 6109 2644 7436 9526 4498 8726 1187 4347 9931 2067 7524 3682 7569 6937 5004 7362 670 1323 6406 2015 3619 2616 821 3309 8078 1416 8865 6325 2268 3469 1024 4050 3364 9726 9111 4003 3029 4521 863 2977 6064 1886 7650 9913 2183 9982 5321 6893 921 3657 8163 8265 9655 5129 5995 7885 4759 2799 4380 4489 5884 8178 7967 5194 3356 951 
38 3000 6954 7112 8706 2159 6680 7099 8320 5505 337 9628 220 6791 4814 2783 3963 1477 9657 2381 3671 359 9161 4216 4180 3386 7587 4434 321 1587 7498 8024 9319 7131 1227 5445 6323 1512 5465 7367 3057 1858 8975 7544 9599 5362 3435 3811 9279 1843 7401 7205 6713 4429 3396 9209 8949 8364 8126 7125 9747 7945 5821 7569 6984 1575 4695 8095 3175 4954 6543 6935 9133 2382 9451 877 740 6193 3634 1256 8851 4318 409 8079 2325 5962 4275 2266 4172 5418 8136 6029 833 3999 1635 1359 4583 94 2622 6652 9058 7358 
39 3000 1742 1458 7906 1011 154 9344 6563 2282 363 8897 7162 960 194 2844 6553 6080 9875 5293 7457 4733 2255 7113 2749 8997 6142 9422 2851 1000 2770 5210 6267 6096 5387 9090 3231 4183 1973 5162 2489 9128 1073 3014 1194 6331 771 1842 7940 8407 772 2694 8913 8994 7621 8844 7164 4689 3042 4287 5018 5101 5403 359 9595 1042 4305 485 1468 831 8296 3048 6436 4727 5715 2386 429 7490 8652 7915 7533 9065 42 1373 1145 3388 3874 2189 8249 5320 8538 985 6817 5709 3286 1192 6339 4569 7821 8798 1473 2392 
40 3000 5013 218 8826 9578 6740 8292 6850 4000 2853 6405 8876 6679 3261 733 9262 5600 3152 614 2673 7641 1331 7045 6480 8635 1682 9300 6292 1550 7761 9683 4604 2801 512 6390 2577 6680 9100 4512 4939 7919 4885 5154 8014 2370 8505 2681 871 5815 94 87 9606 899 2620 2495 4741 2189 8354 8776 1751 9358 8453 1294 4718 8494 5681 3780 3110 1530 245 7325 1679 3810 8763 4504 3492 9763 6350 1619 6080 6719 1838 9073 719 6841 6109 9865 4831 7181 3567 6210 7509 7866 6722 4285 8173 8405 3910 7104 8345 2127 
41 3000 127 5510 6553 8731 1001 7295 6355 4979 9874 4452 7495 3498 8023 8541 181 9716 7997 4185 2483 6922 83 694 862 9446 1894 1812 3826 3972 1086 3581 8702 8968 1197 346 1541 2245 612 8871 147 6642 4651 585 225 3837 788 1956 4662 6272 6987 2983 5929 7223 3167 3822 1605 8973 5796 9527 3034 9129 5599 2926 7100 5051 8406 5614 1128 6410 9110 7073 914 5876 8758 1922 1876 7921 4772 5285 3332 5757 4278 6289 5902 6393 582 9683 2033 3819 2753 5586 9656 312 8338 7357 8960 5875 9206 7591 2295 5789 
42 3000 508 2242 7201 6302 2772 2866 2557 8436 7112 6996 7862 9919 3573 6632 5634 5245 2592 4871 6940 3857 9592 642 47 6457 2690 1589 2201 9437 3546 5058 4525 7441 1321 7221 52 4045 9768 323 4874 569 7449 8055 2420 3006 1072 9042 857 7088 1961 8476 3621 1460 5638 7851 3066 8998 4545 2841 7243 6236 3880 9293 9800 927 562 7351 3013 7727 5322 3697 3935 2003 7919 1928 3676 1767 5478 1048 9804 7732 3952 2091 1872 1502 2719 2866 71 1872 2292 828 7007 9270 5157 4077 2603 8308 9744 474 2128 8471 
43 3000 7511 4892 7347 2925 3163 4583 802 5448 7990 2679 3208 5489 6329 9807 3988 1354 5161 3841 4918 1514 6818 7768 6911 4036 4829 5687 9915 4143 2881 6932 5942 9901 6911 8311 5219 6021 319 4487 5466 5798 2310 6464 4301 1169 9356 8217 4762 892 9788 1431 3965 6860 1513 8377 4877 8533 2847 2905 1221 5495 6488 9566 5501 8139 6598 861 156 6475 9026 2606 1839 7066 4639 7433 8814 8082 5795 6412 1491 2486 5929 8791 6070 9345 2265 9872 1324 3258 1663 7008 8501 1922 9577 3719 4348 1808 2149 1944 7267 1974 
44 3000 1421 2406 6590 5999 3679 3115 4982 2039 912 5983 3969 1011 5408 1573 2589 2904 7464 1970 9172 1211 6227 1776 6239 5486 3662 7232 8530 2032 1638 3465 4159 2703 2144 9856 8889 1846 630 3540 3535 1350 2470 1024 4491 3839 2552 7934 7381 3974 7996 6888 3841 7888 3991 3489 1416 748 2758 447 6591 2433 5643 9828 940 1348 8334 3421 407 6354 9194 1236 7707 6827 731 8124 7851 844 4187 8527 6802 1489 7253 9342 3250 1288 4905 925 3516 4767 3377 6206 9575 9135 7240 7939 216 3093 9629 4069 5313 3771 
45 3000 5572 1233 3230 1779 8461 6377 1346 4399 9640 6506 9711 6886 1121 6550 7821 1910 1422 5365 4520 7105 4533 9851 1029 760 2005 7200 7096 5626 8168 5266 278 845 8465 1060 8336 2017 922 7374 4769 9376 736 7525 7464 4100 7990 8228 472 2750 8492 587 8911 9821 7740 9223 6996 8432 8014 9517 9187 9130 8589 2978 4470 6826 9074 746 3758 5852 5879 5207 416 3148 1802 9740 3919 9566 8748 6592 6623 9307 3566 2870 3672 7477 7012 4665 6022 5774 5844 9293 6596 6292 8032 5674 9561 3460 1101 2822 2728 4095 
46 3000 3594 6467 3082 5590 9664 3804 5434 2221 6785 6361 4195 9580 6595 995 8284 7133 8862 9017 9151 8908 8569 3433 1930 2297 6134 4319 9719 4995 746 2315 979 55 6832 247 62 9073 3648 2872 865 3499 7988 4749 3607 4065 32 6240 4731 8350 2304 7622 9929 6458 1768 1342 298 4832 5035 2381 1615 8180 6711 6756 6742 9543 857 8138 1149 8471 5579 2597 1571 7335 746 1475 7780 5762 8826 2384 7494 3188 8852 8322 4400 9548 3515 4922 9306 4080 9373 5826 4419 2263 197 6174 751 870 3432 4232 8640 1157 
47 3000 9786 1134 1408 167 5949 8756 2133 168 429 5707 3557 6207 2519 1458 1110 1798 4387 8580 9062 2729 6287 3120 9801 8991 4905 3097 6238 4847 4820 5121 7330 7003 3092 9138 6734 929 6984 1307 4586 5281 4792 4989 2401 4469 9819 9872 1103 9334 7460 9219 2173 5962 5416 5232 1931 2614 7037 2556 8935 4783 7785 9896 4513 8384 4826 9763 6407 1056 9740 6345 5559 1599 4367 1507 6010 7533 9766 8907 7924 778 8310 6243 3747 1467 8897 5627 7478 9878 5293 2080 7075 6490 7592 150 9983 172 6812 8662 1784 4485 
48 3000 2607 3589 7972 2121 4104 9043 8864 7460 3873 6403 7618 7253 5014 1557 1390 9429 1371 273 5612 32 874 1697 1390 8279 2003 9974 6037 9740 3378 3991 6722 7650 6472 5253 7246 2345 1455 3874 7948 8812 6155 2703 8731 2382 8147 9564 5212 2532 9975 7635 8004 4824 7482 3938 5113 958 1283 5960 7469 6960 1348 6404 7578 9488 4725 6056 1298 268 6371 4781 2742 8648 3123 648 2306 2288 787 7170 7819 5964 4349 8682 8823 8502 1319 3831 3975 7840 8194 7200 1574 4207 50 9055 3211 1434 3254 3213 551 6388 
49 3000 1303 3043 5231 6528 3794 5580 1889 5594 8508 3779 4317 7408 6630 6879 4739 7814 1084 8905 6210 4735 8002 5285 8147 6353 1310 7597 4978 7424 447 6442 7924 3704 1202 2438 9895 4515 9679 5342 3525 3423 9388 1294 2316 7051 1458 8194 4923 2009 7980 9191 2550 9953 8468 4308 9482 772 9453 187 6736 3892 7194 7960 8836 7713 3520 9247 3718 7167 4793 274 5759 9399 4001 4121 1922 7579 5971 1094 1043 2833 5707 7217 6227 4305 9858 860 375 7335 1307 7477 4842 9775 6883 2483 1207 6414 8207 2248 6182 1546 
50 3000 5649 3218 9635 9644 5426 9163 5743 4176 9808 6544 7271 4535 467 8013 2973 1101 4934 4033 8121 8417 6196 2622 8154 6508 5403 7227 5458 305 7715 2721 9270 7212 1262 9517 8699 2781 9236 5825 8885 4528 5108 8013 275 3864 960 9108 1022 6152 8961 5418 2514 8890 5947 1276 8029 8026 1142 1911 4509 2384 6995 4445 7463 6225 3144 7013 8995 9933 3510 6011 8958 8822 6509 1466 9227 67 8389 531 1105 7768 9702 9109 5850 6128 4887 1595 8325 766 4990 8751 3779 8148 3497 3699 7744 3147 5309 6046 9069 4724 
51 3000 8823 4125 6067 9742 1149 5371 5795 4893 6454 4812 6455 6760 7421 1695 2923 3 9842 4231 5399 3663 334 2462 1188 5597 7175 9263 9596 5037 4272 9459 9965 3277 8251 7072 2820 2474 8669 694 4150 2588 1356 6979 2804 6439 4881 2270 1028 2889 137 2340 8109 8152 3063 263 7156 5227 477 2416 5001 1457 9045 2594 5228 4214 7370 4256 4326 4704 1206 902 961 9902 1797 4563 8386 2615 7346 2425 9961 9658 7600 1575 7812 8168 1567 1870 4603 37 8356 6938 8441 4467 1143 3291 904 8659 4257 7581 8190 6616 
52 3000 3398 1962 5399 6083 8978 7592 3931 3599 2580 6252 2016 7684 6555 91 8365 149 6733 9500 8949 5525 8263 9107 6899 8627 4579 1895 5537 234 9488 1452 4521 898 2386 2341 9133 2878 6599 8596 2673 200 846 342 1988 6839 3830 8542 6126 3028 1951 7870 8114 9689 149 7703 9858 998 5867 1245 171 5063 6138 2772 5927 2733 7806 3005 6334 4536 862 2603 344 5731 4908 3787 7171 9498 8750 83 9952 8241 3109 4196 2518 3027 6465 4005 9299 1141 4020 6683 8353 1768 9784 947 7513 9809 1799 7422 3671 7804 
53 3000 469 7145 5176 6001 30 8180 7362 531 3142 367 1201 9725 8596 8195 5081 8538 2163 1792 9706 1115 552 6053 6126 1474 8503 7880 6889 2309 9002 1558 315 1931 6620 2248 7902 9320 3976 7611 4855 7314 1331 7550 3730 3914 9300 2084 1222 1718 4693 7345 8060 5482 9477 9694 2037 7802 2870 7976 4161 2921 6555 3880 7934 8665 3016 444 1755 6500 7009 8673 4444 9719 145 2285 3897 9744 8611 580 8862 567 4006 9441 3844 1303 7308 450 7129 6876 5962 8138 1936 6829 4095 5354 700 2253 5859 6761 2466 851 
54 3000 1892 458 3425 118 8908 7727 558 8651 2416 900 8421 5582 2554 9361 9041 8137 3059 3662 4947 7319 3354 7772 5323 1718 3762 9448 5281 9444 3850 8729 8269 8183 3890 4557 1592 3385 9448 9529 5072 4570 9105 2760 2818 9761 5289 883 8132 8045 8245 7172 1537 254 3123 8782 1928 7776 195 2128 849 9486 8191 6376 9895 6808 766 5063 1241 6894 6091 5847 1296 3937 9566 8377 7473 8603 9660 288 8101 5588 6877 1321 5444 9304 5845 5572 1859 7686 532 1862 9072 4127 2581 2232 576 7534 2784 8566 7167 516 
55 3000 5662 7335 5586 5687 7188 2469 307 105 5620 6353 8429 7826 5471 8951 7712 592 4597 5046 7724 6635 4411 9615 4121 7615 3223 1327 6047 3674 2707 4159 6664 6625 7488 7146 6802 1256 7859 2251 1738 4765 5619 360 1099 4320 3040 5405 1886 2741 4954 6608 4630 2308 3971 8855 2665 6697 8817 1190 4538 1038 5799 3434 9527 95 3395 936 6299 4580 9968 7440 4688 5582 4609 6086 594 7131 1097 8523 4012 6874 4992 2163 183 4891 3852 5549 3876 623 566 1849 6782 7936 9824 481 8051 8297 7709 6857 7936 2093 
56 3000 4405 255 4577 8054 41 9811 3896 818 3656 8648 2634 6615 5289 6116 4493 7069 1191 8163 9421 1140 2169 5835 6012 5178 5046 1894 7031 1106 7257 5566 8070 2732 4556 5410 9323 178 1865 315 488 2444 7231 8622 8797 8085 8919 5369 166 4028 5628 7664 3473 2496 9828 8176 7960 6076 4228 6764 3763 894 1364 216 5558 7932 6312 123 9346 2453 2534 8876 2351 1567 836 3786 6045 9909 1459 9329 2309 3453 9300 7518 2699 1439 2244 6403 859 6439 2634 6683 8040 2535 1856 6461 1758 1628 8061 4111 7568 7877 
57 3000 6999 9275 3968 248 5983 1982 425 3209 986 9898 8530 5529 6848 3694 6271 7218 619 543 5441 4579 8027 5742 2159 3401 3061 2456 527 257 692 9591 9408 1947 2709 7790 2322 3049 6688 3552 481 1609 8075 1482 8936 2944 5408 4657 5858 1579 8654 3127 4938 1306 671 533 913 3365 1803 8854 8223 2753 7592 1279 2785 2662 9618 3200 6895 7030 9463 1338 7257 1231 5803 984 6135 881 4621 1374 5630 8772 2549 9184 5082 9931 3330 149 1598 4800 7410 8811 3703 553 4652 6392 8120 520 175 6785 9669 1751 
58 3000 3322 681 4299 698 9745 7809 5235 7027 6624 7313 2258 5544 1006 6243 4107 6263 1268 6180 4008 2581 1707 7981 8324 7591 259 4647 8332 8518 9333 2325 5128 9272 9779 9423 7652 1134 7978 3861 3842 1567 6057 8439 4910 1144 5227 4333 2745 8614 2248 2719 439 4078 9021 4517 5944 304 5302 8261 8841 2156 4541 6098 252 4155 2848 7907 5860 6162 1079 3545 2064 7186 58 3220 5257 7319 8911 5984 4227 7794 6533 6358 5686 9166 6177 9074 2920 7627 3171 1951 7569 9431 5752 6884 4526 3460 9041 8974 9969 1904 
59 3000 2123 3765 2509 9071 8266 2622 7469 8318 8262 6225 4287 7114 6889 6188 7043 218 2503 4807 8110 995 9752 2933 4933 840 5417 5962 9931 6747 7374 7965 3523 6984 6686 3924 283 4906 2819 113 8216 888 1978 2585 1157 2383 8577 3801 4305 2107 9823 7370 2871 4344 3436 924 3854 9383 8486 7112 949 6077 9359 2722 2567 2524 2845 5928 2995 4877 8356 1658 6667 4278 1263 5094 5569 1914 9362 3288 9768 2205 2465 4916 1060 4109 5111 8141 9753 557 2412 6612 4563 6011 9010 3588 5647 2149 1176 4181 752 1671 
60 3000 2016 5726 4493 235 9817 6280 756 6516 9508 1243 8226 386 7254 8101 9036 9226 8166 9300 549 2360 7144 3242 256 3609 2842 3404 3807 1980 4755 5587 6161 471 3437 3282 5863 3008 3840 1174 2450 9500 1778 6756 6974 9023 3516 78 5655 1132 8488 1620 6661 5290 5134 8282 9 8431 9866 7512 592 641 9158 9549 4329 8965 4759 7794 7448 9345 2036 7304 8884 6676 1436 1419 5807 2989 3079 6503 2275 3760 4468 4815 1011 2345 1334 5510 8306 2539 1598 3754 2046 9254 2461 7974 2864 7337 619 5228 8417 8494 
61 3000 5603 4700 790 6355 6246 9325 7020 9656 267 5528 2752 3547 6993 1104 9017 9024 3195 1206 2129 492 2051 2471 6716 1444 5241 5264 1874 8273 8156 4051 441 2202 8244 5891 1400 9348 6470 7064 5407 8899 1907 7810 3446 9428 9453 5203 8600 3324 667 4149 959 9352 7739 6505 5646 3333 573 8325 3966 6958 7010 5229 7688 4718 6161 5907 6446 8964 4874 3729 8265 3089 7326 6500 3213 2839 7736 4328 180 5744 6203 5619 6781 8678 7674 1199 2380 3544 4035 6559 4247 1079 9319 2231 6830 2791 8053 2276 4163 1015 
62 3000 6720 911 5387 7101 8349 7255 3410 7715 230 8198 6676 9281 4752 9395 4075 532 3372 4393 2964 3199 3701 1873 324 820 9721 1022 7036 5667 5122 5027 5280 3812 9773 2703 9069 8307 9303 8229 7895 493 7824 9027 3509 9433 3767 1755 9824 9473 8845 6430 5943 5923 149 8670 2306 8867 5355 69 9976 5095 1070 6692 3032 8164 4295 5695 4106 6580 7013 75 3025 106 3907 1533 8598 4199 3198 1480 3512 2563 608 151 2361 7838 6454 3854 2799 406 5859 339 9819 5323 2097 2297 3151 7382 3051 8981 7792 4293 
63 3000 807 5948 7658 7992 4368 2934 2364 4076 5496 9849 7119 9362 7673 899 5763 7568 8192 6829 6912 3122 3374 5299 3237 3099 6905 9374 3868 7277 1304 4151 9922 6319 2509 1502 3152 8085 7596 2945 7725 2064 5614 641 5130 1931 1555 6515 2195 6234 3440 9501 2250 7201 2536 915 9398 7672 6695 7951 5917 6159 6818 5298 2792 32 6447 4892 3362 6821 4478 3784 103 3658 1001 135 4525 4829 6267 7340 201 7461 2774 6273 8923 5328 486 5655 9973 789 5168 557 2530 4839 9857 9013 1196 5304 9446 6772 4648 3136 
64 3000 8404 167 7417 6859 1610 7110 4788 5119 8323 6217 827 7371 9270 4049 9537 2690 6860 486 9131 6697 8525 2222 9438 6628 3184 4388 2429 4508 833 296 5867 8465 5262 9311 87 2163 9891 2847 7901 2359 6737 8488 7616 4588 8505 2234 9199 6970 3799 8873 3543 2147 5468 474 4876 7336 2063 3014 6286 2518 2434 1118 8375 6744 3442 933 1034 2569 795 1124 8346 8611 3022 1994 6615 234 8553 2732 5517 8356 5941 6784 2378 6384 7197 5345 9574 5273 4258 8985 5062 6706 8575 7393 6030 4408 3830 7250 5675 3575 
65 3000 1775 8220 3106 8436 1192 7077 6368 7933 9993 9948 8599 9532 424 2685 7307 1158 7414 9361 6766 1250 31 8891 3552 6946 6082 9776 5191 393 9818 2978 1933 3179 2779 2914 1663 8893 7761 6578 7919 3807 5899 785 1052 5685 6888 7545 2498 716 2319 7554 2184 8577 2148 1824 9051 5610 4281 1419 4713 6134 7292 5334 227 1879 6261 6487 5999 9544 1742 5841 4814 6480 1848 4649 7983 4498 7470 4828 4623 1807 615 7452 4060 3066 5872 9376 1354 7572 4999 7978 5955 5567 4642 4036 3476 2673 7171 2718 598 2448 
66 3000 4649 2706 3098 7074 5916 3443 7000 6160 6810 502 2851 3679 3502 9084 3127 3027 8966 5639 2756 204 2561 7608 2774 5128 2756 1300 7100 1059 2961 7884 2441 2167 495 7515 1316 9213 8679 1571 8210 3353 2046 3034 8853 8079 4682 4981 2617 9269 1693 7204 8051 3381 3795 961 1527 3751 5023 1842 9020 5035 3581 767 1011 5761 5795 3110 512 9020 3214 5938 4221 1265 2816 3391 6797 9255 355 170 8263 5105 6819 3164 4535 9474 8025 1193 1072 2873 7332 2880 9656 5099 1482 2645 8291 2791 9562 4832 4232 5117 
67 3000 5096 5948 140 7581 1261 5039 3354 3956 9223 2182 8296 6344 9605 5110 2002 3357 7078 3958 2766 6429 8072 4130 1927 4249 1617 7298 8762 5317 3310 525 8520 8629 2402 3506 3574 2487 2017 3945 7693 1430 2487 1045 3450 1296 7817 7134 2747 2402 5281 7410 467 855 8130 7809 1253 7984 1435 1005 9407 7899 1052 529 1922 3177 5709 3016 4631 8667 2225 8576 1486 3425 3847 9290 6957 773 1718 5828 1566 6484 9460 2203 532 5086 896 8634 5554 4301 889 2544 9709 7599 9301 7686 5482 4885 8091 1382 5919 1308 
68 3000 1522 9899 8901 4188 9507 1944 4549 8086 4070 284 5753 7975 8940 1493 1819 558 2259 3821 5250 3698 2429 3196 1649 3976 7073 7338 2745 2376 5125 8008 2544 8094 2047 1381 6608 469 8165 6538 4459 9043 139 2093 5103 1747 5548 932 5684 1206 606 3089 3262 9173 1007 6740 9712 9092 5880 7327 9756 6774 4888 4799 2114 9212 8439 8988 3778 1514 1025 3102 7419 1957 7688 5347 1912 5175 3610 8675 5986 3465 6828 8652 5008 6225 4073 9455 878 7506 9736 7994 5060 1700 7956 6159 4737 7348 7837 1187 2081 9072 
69 3000 1786 4163 6662 7637 6979 6638 973 8130 9952 5377 9082 6273 4311 5228 8409 2852 1579 120 4630 6280 5154 2182 9702 3278 7404 8992 3019 7686 9879 8945 5685 7391 6650 4752 7919 9395 778 5058 9582 2987 3900 4192 3829 1063 8946 35 3885 9551 5976 15 2951 4973 1149 5232 7227 132 8810 2702 2070 7912 6703 5729 1262 3220 4318 2397 9424 3040 4348 2199 7534 4618 7282 775 1584 1771 9121 2788 4355 9320 2216 2918 323 5648 9234 4986 3680 3383 248 9195 9495 8212 2950 7505 7982 5805 5992 7129 1909 6883 
70 3000 5452 2152 7124 396 4422 3279 6205 4834 5724 5704 5241 7658 7749 5110 3728 2863 3423 1786 7606 6656 2296 2874 5402 1271 5756 2741 7513 6895 5372 1476 8606 1735 4353 1509 3147 195 2146 2358 4050 9186 2144 3501 4460 2563 2526 5370 2650 3680 229 8473 49 6074 8029 643 2399 2275 4762 2403 4026 739 8659 468 5248 907 3817 9362 2897 6386 9782 1168 3976 6263 4269 3395 2434 4532 9000 4976 9069 7659 8666 390 4555 258 3024 1907 5593 8909 2105 9958 4191 4084 4556 1633 66 208 9106 7303 6169 3845 
71 3000 9155 5362 7340 1 489 5102 2083 6565 2120 7708 7470 6860 248 5378 7168 333 5357 8570 2591 1359 2424 1372 7178 6178 4263 5002 3794 7950 7984 9423 5260 9942 4592 3095 8000 6835 1693 841 8826 4158 9338 9846 4834 5845 8988 3779 6434 9921 5604 5036 3502 2311 2859 5113 4657 8769 1480 3103 9664 4943 715 2315 4962 4552 2918 5021 2313 5701 1268 5326 583 5310 605 168 643 1673 1401 8435 3397 5146 6841 8210 931 6950 3047 2148 797 6106 2410 967 3409 4497 62 5070 2572 48 3460 4294 9136 8034 
72 3000 5103 5776 7774 518 8373 9955 6881 3906 6499 4687 1602 4631 4644 7496 9988 2961 5127 5942 2269 4936 5754 6121 3260 2424 1290 9280 7884 1302 8044 6569 9828 7770 1588 1907 3320 2782 7593 2985 8029 4604 5796 377 7094 9498 7090 4798 8279 531 3738 2464 8243 4508 2712 8596 9950 7033 2161 9037 3193 5687 996 9999 8245 1344 1610 5936 2639 7599 5715 5537 1070 8327 3307 5848 8419 3370 4755 4521 5911 2344 6019 179 388 6569 6986 921 6712 9135 2939 932 3294 3078 9142 5240 745 7693 8559 2580 3652 2967 
73 3000 2691 6391 5486 2136 5544 3941 6621 2372 714 3568 5493 3586 1608 55 2875 5368 4778 8124 9278 2041 6389 4058 5482 5846 1809 5445 6185 8250 8323 9055 6779 9383 973 6826 3260 5592 1522 9997 5244 5125 545 1345 2131 1943 2644 5558 2372 7653 4787 7736 5881 1561 7773 6 9552 8864 822 6270 5922 6953 9291 5078 4940 9847 5511 622 8874 754 2754 1859 334 2752 2323 9755 3432 7601 3766 2656 8051 2671 8216 9786 7252 6006 4856 2867 7799 9507 508 5867 3815 237 2351 2866 3555 9856 3756 4058 9310 2184 
74 3000 3253 9869 437 8878 6624 3203 9506 3244 2112 9814 1581 2170 8765 6802 6624 6187 7901 9235 5018 7646 7694 4891 6220 7036 893 7136 543 7409 5659 5913 4052 6943 9534 6867 6596 9624 6524 8593 2957 4058 7321 8000 7133 400 2636 3815 9731 5413 9671 8200 8503 5656 1704 6497 1996 8787 804 5104 6325 3002 3673 7466 5081 4590 610 8197 2356 3615 7601 5329 8895 7730 1531 680 1375 4107 8530 8353 4803 9496 5431 1354 8050 8408 4365 6340 2498 9426 474 6488 3820 9635 2748 2497 6880 7186 7995 1699 3763 1972 
75 3000 7929 5315 4927 4444 9382 3822 3478 2540 7648 446 2574 6745 2944 2790 5954 3276 4 2572 1586 5387 790 3505 8448 2806 334 7284 6431 9292 5703 7716 9362 8319 8085 2957 1159 6886 8012 5892 5112 7447 3691 2623 6276 7973 2474 9098 7008 133 5447 5849 5615 5606 5143 870 8130 511 6384 608 3217 7968 246 9089 197 8780 1146 5158 200 242 7060 7857 446 3076 2861 9914 1641 6488 6785 9371 8510 1352 20 9325 3444 1519 9420 5801 3285 3250 3349 3748 9220 2775 639 1160 9813 1976 2687 1322 7157 2197 
76 3000 8664 3183 6152 6175 3858 9847 6902 8102 1139 5201 252 1807 5548 8654 6431 7062 2011 8014 6833 4021 6179 482 8922 5774 8396 1771 4255 9032 785 3355 9637 2936 7463 7838 1397 5992 7884 2453 2792 1125 3302 679 4531 8869 6359 1991 8431 8670 3803 9728 4194 8321 2326 7091 9307 1524 7530 1264 2069 3569 6015 5659 7748 5146 596 288 7854 4275 8640 259 2542 6368 3536 2397 6141 2413 9278 9989 5804 5278 8186 5657 3288 4149 1741 2353 9855 7087 4555 2480 4299 1712 1454 5140 4097 4011 7701 1501 9691 5272 
77 3000 2327 8297 1885 7142 4605 9447 2377 4811 3632 5803 7406 8322 1048 3019 4535 2002 6876 7547 2551 2023 8484 762 4489 2084 2679 1201 3791 7218 917 4942 3578 5731 7646 4094 9054 9256 1773 3421 3033 936 1246 5088 4595 1738 778 1531 855 4880 2680 6454 1876 8393 831 3951 8686 5806 7764 5748 4439 4952 4882 6579 8686 4901 5799 7680 4780 1021 2803 8410 406 8162 6447 5997 1228 1961 8264 3409 7668 8278 6606 5352 4812 757 5611 2388 5434 6503 7288 3183 6146 9898 6737 4878 6683 4528 487 1585 2297 3248 
78 3000 7959 1007 9290 6361 6061 9185 3662 7926 6896 3371 2893 197 8605 3021 843 6175 9335 8917 5777 298 4324 413 1522 7242 6118 807 1741 8862 7910 837 7337 9248 6 302 6979 7906 9415 7807 755 1070 2561 8634 6951 1134 1128 740 1950 4209 1019 8878 3261 5812 4451 6840 5673 4669 5165 7832 529 4651 6770 2967 8132 4831 4206 7889 3269 7671 8333 7516 3865 5328 3649 8913 2762 4086 9126 2288 2616 6919 2176 113 3930 4171 5743 4369 6206 2366 8516 1919 2217 1142 8268 8003 5414 8308 8323 7858 454 3029 
79 3000 7144 6466 6849 7135 1048 6426 5744 4552 50 3944 9823 8865 6819 2964 6331 8996 8778 7405 3229 3017 3310 1537 8475 83 6106 8475 2417 488 2621 6802 3330 3852 2672 5313 6064 5426 8148 5889 3820 530 3851 4489 3054 7107 1463 273 1506 6410 6631 2852 9350 1808 9187 7650 3472 5723 6484 9411 4872 4683 9863 3812 9192 2514 4243 7211 368 1639 835 4520 7407 2519 2981 5200 4291 1208 5120 7382 3002 5037 4878 113 9676 6425 8283 3727 3880 4809 8103 8342 1012 6704 5314 480 7834 3887 3685 7813 1117 9707 
80 3000 7500 2035 9427 3515 2391 9858 8017 3226 9305 2133 6863 6000 1596 1094 1814 7054 5239 5735 8866 6590 2166 5297 1569 4860 6736 898 1551 5345 5324 5274 2171 6067 9031 651 5298 9017 9531 4741 1214 7723 8031 4866 1635 2922 7361 199 5872 6379 7192 2139 103 2813 2372 2804 9776 9962 4394 1658 5138 6761 5984 248 9885 9653 8817 5084 2942 7024 4354 8630 3364 1758 7812 8425 8362 1925 5249 4332 4457 9586 3782 3906 1759 7727 4924 5894 1365 5322 1051 1851 5890 508 4993 5890 3118 1903 2745 2553 2778 8033 
81 3000 9310 2803 6450 4894 7661 8150 588 1633 836 2897 2677 4361 7147 4504 505 8080 8522 2095 4569 6748 1972 3069 3602 1458 4177 7854 3226 6750 9206 2772 7726 5042 9350 1039 4954 9189 9093 1885 4360 3170 2199 7798 8138 890 1925 9900 5509 3120 4367 1437 119 2553 4918 9405 570 6986 7862 4294 4068 631 9087 7960 3205 3549 1926 9619 5859 9206 6121 9970 8222 157 9912 3440 950 1857 5256 8559 8443 4595 6161 6448 1250 3546 155 7449 1587 6963 2874 5865 2000 2482 5778 2833 7136 1553 6989 7320 8647 2003 
82 3000 5258 5247 3218 8718 7054 6728 3717 2450 6778 1449 3477 6752 105 2160 3691 3038 446 6294 3949 3764 8539 5720 5881 3737 5166 4607 9939 9551 6989 5423 5301 7142 5518 3058 2894 7476 9199 7065 1550 352 8630 2037 7279 6340 4900 6099 5678 6840 1054 7532 7451 2260 6684 9515 7066 8333 5641 3000 4534 541 6879 7707 303 6684 8416 1245 3295 7554 4425 6356 2054 5750 5451 6289 9021 2607 1748 8297 7940 3261 9744 5254 4387 9826 1634 5403 9415 2704 8092 228 6339 22 4109 451 635 5189 7964 149 2966 2575 
83 3000 3306 9004 5337 1329 4378 2673 371 7302 4348 1282 3712 3114 6779 6052 9553 6334 216 4038 9284 5787 5906 1009 3277 5992 8630 2435 5780 9717 676 2613 2951 8663 8921 1915 4006 2274 5052 2154 5500 4671 8903 84 8726 9708 4922 9017 243 4157 1756 8576 5531 9017 4973 2558 5765 8948 2895 4937 7720 9829 5566 3979 6795 4439 6843 4493 3170 6272 9609 8201 1078 1464 4114 2231 1213 8853 9437 5743 6253 8168 8081 4670 9513 6329 3681 4593 6725 1889 1852 1737 938 7585 4147 2087 544 1028 5150 8642 435 3508 
84 3000 2690 6779 6275 6927 1182 7754 1907 8861 8089 320 9877 5740 3515 474 5088 4160 2920 9331 1577 312 2955 9114 2416 7547 434 7280 2742 2053 4418 8765 5908 6667 1433 6355 2760 2810 3807 9180 4040 542 1140 9340 5910 6747 4886 6644 8613 1444 6076 1488 8239 2216 6154 5848 1636 6774 940 2400 4434 3635 7724 1769 2198 935 5476 7897 4704 3360 8192 1541 3343 7206 1354 1895 1648 3561 1519 6332 8945 9617 9041 8281 7132 8099 3900 3217 581 4828 4679 2788 9166 4399 642 7056 4412 3997 6959 4870 8777 5325 
85 3000 3038 2365 8051 4664 3995 9577 6885 1056 5242 5194 7442 2615 201 9427 1176 959 1145 5002 3734 3768 3163 6287 2981 5468 1250 6531 157 6040 519 3243 4148 7954 9545 1681 8894 1226 6827 6477 3915 6604 379 1384 7961 6873 446 7143 5791 6294 5340 7482 8076 8155 408 3237 4426 464 123 4599 9540 9748 3296 1481 2487 2994 1414 2018 9106 7704 113 9188 7535 78 3758 5556 6860 1327 3164 6145 8897 2101 6435 9435 3091 5051 2927 6482 4544 5510 338 8163 5169 307 4927 551 7964 4693 4848 8407 4419 7407 
86 3000 6617 6801 5038 3853 4703 864 2996 7413 4244 3650 914 8880 6882 2141 760 4014 9732 1362 6881 9230 7472 6629 2152 5403 7553 3921 7250 9800 8547 8376 3065 6146 1603 909 6220 2799 5043 2963 7727 9065 2075 9376 4761 9627 1632 9380 5566 7107 2339 5719 7482 2747 9599 1900 8095 5220 5811 7557 9514 7563 3711 1954 5777 2232 2834 5602 3376 4292 9102 6 4909 2720 7545 5538 5859 9842 8137 7430 4492 8889 4760 9896 4892 9684 7296 8380 3106 2446 6841 9925 6426 9729 4044 1671 5787 6475 574 7472 1301 8203 
87 3000 3707 2649 901 7313 4044 6854 2127 7521 6347 5071 7020 6421 3510 6734 155 6163 3640 2974 9793 2265 280 1993 2155 546 5745 2556 8828 2186 7586 5613 7289 6906 8184 4046 4560 4279 7458 541 3985 3164 8714 3582 5132 9263 7601 1574 6817 808 4206 5087 3263 2362 8268 7228 3373 6764 7516 2138 3132 5176 9135 1614 1135 5274 4359 9850 7243 7554 6179 6315 4354 9768 189 6743 3310 9477 8549 2259 922 4741 7072 6622 1124 2924 5443 1595 9248 7629 557 448 9431 3754 2984 9568 5135 679 6558 8217 2808 3574 
88 3000 1093 6393 8654 2831 8223 833 8538 1622 365 9131 1015 1587 2812 1983 3482 6636 8944 3563 1451 4890 8571 13 958 8731 9397 6067 4084 2996 1608 9800 7612 1275 5590 5492 4803 351 2767 4631 297 2760 9565 5030 8142 7468 4503 8076 2946 8684 8409 4097 4152 2794 7758 5863 3445 3419 1137 203 5275 4596 8835 7754 512 2090 5559 829 3222 2827 6272 9416 570 2450 5161 5300 5847 1006 7722 4304 4622 6752 5978 6665 4020 8091 6820 5528 5125 3627 3468 3567 8505 353 64 7732 2866 9958 9387 2120 6832 3256 
89 3000 3690 8968 3840 2754 8668 7782 175 3326 544 2572 6118 1027 6288 7234 226 27 6957 9037 6730 7666 4153 252 6067 7641 9623 7890 8532 1312 7964 1582 1051 7137 2472 9567 7089 8231 4098 2817 9671 8049 3545 7284 7543 4194 6480 4269 4439 351 1871 8919 1492 6347 3457 6848 2758 6331 4337 8882 3866 5088 4679 3932 3801 2467 2568 9990 9798 5943 7966 3247 5380 1300 9803 5344 1502 1439 6190 8739 829 3312 7763 204 5145 2980 4143 2448 5872 8798 3532 3862 7727 2722 5420 6388 5500 9745 6431 1518 3952 5450 
90 3000 9286 4415 847 1701 4892 6157 3103 447 7558 4109 6067 5656 3334 420 5920 3376 1475 8644 5203 9914 9035 8484 1471 8150 8575 8665 9068 1968 9011 7930 4031 8812 9571 4162 2117 375 6890 1627 9954 1403 5223 6347 9322 6632 9785 9598 4550 5844 3216 9527 3047 7052 5171 902 8956 7807 5034 2980 9927 4634 7759 5505 7019 590 2834 2829 7734 945 6372 6157 2163 6994 6323 3919 2264 7989 818 266 4266 1197 9630 1689 4199 85 8767 1771 6540 628 8185 4051 5994 5743 2627 3023 2398 7845 5590 3259 8745 9535 
91 3000 6414 6653 2336 2405 497 7792 9062 3974 2633 7453 803 2744 3481 4223 5954 1387 9150 4245 3080 8050 3917 9093 7692 5791 6066 1762 2151 137 6852 794 8692 4767 2593 2519 5581 5321 9884 1434 6388 1335 3933 8689 2392 6296 32 8719 8106 5830 8145 3979 9932 4007 618 7825 7939 7777 3026 5503 759 9526 8133 3274 3622 7764 2985 5659 9506 5928 9121 810 3411 9320 5917 4004 9765 163 7048 9269 2950 787 78 9126 956 4935 9177 2462 2155 7198 960 524 5205 574 3448 1043 2080 2150 8166 478 4218 6912 
92 3000 5349 4387 1800 9678 2288 5926 6155 5157 4791 2466 5282 6132 1776 342 2508 9770 2983 7722 8260 2054 9817 5605 4972 341 9310 6941 5110 4047 1212 3879 2324 3457 8206 3133 5726 6655 9246 9485 7294 4587 6025 7401 2396 4238 2564 780 3445 9948 7925 821 6674 2841 2051 2025 2042 8386 4733 6311 6257 2079 7700 5267 8932 3250 9829 514 1859 7002 5492 2211 1416 4263 6015 5667 4088 9977 4270 6094 5125 9403 2390 1476 318 2559 2611 3563 897 6772 1230 6995 1566 7368 5705 6546 1649 6476 4859 2497 9368 9965 
93 3000 2228 4131 9251 2498 2523 1353 2651 722 1218 4439 1406 4572 7268 1903 4610 6704 8948 6498 8521 58 2816 9333 9583 3538 5803 2121 582 5821 433 7549 9924 7292 3155 7777 4033 101 5814 1054 2882 6347 236 6469 8644 4389 5948 6821 7472 3275 1015 9611 4394 5305 6003 6168 1351 6712 1072 8895 8340 6470 6191 6636 7696 3232 4474 8176 1494 382 8650 3860 2074 9225 649 5339 5698 291 4318 3445 9322 2771 1261 4179 501 2074 9805 2843 417 5512 7087 6274 29 6109 4270 3226 9355 4532 4886 2859 9866 9153 
94 3000 6297 1363 24 4229 4284 6703 3925 6213 767 1492 3081 8188 4640 3984 1322 2424 5737 7197 2824 1062 1923 6161 3257 4923 9310 3285 4069 441 5593 1854 9883 4723 6517 7655 9025 8731 5467 8715 7181 8591 6183 3179 4169 5026 8600 5303 3842 917 7811 9574 7118 6985 6159 2961 8132 5598 8450 5279 3510 2707 295 7692 4775 7904 9574 9327 3873 2605 1024 2029 1825 6359 3956 3223 505 1282 3094 6916 7541 4614 2542 2815 4344 9404 2868 3578 7260 3319 1327 177 1847 5578 5194 5400 276 2006 8232 5472 1863 8224 
95 3000 280 9800 6714 955 9973 8840 2510 7454 573 102 4402 3074 8942 2263 8046 6942 7629 7416 5749 5773 81 1443 5749 5801 8991 2509 4619 2839 7754 7682 2789 462 5064 7681 3206 6312 2623 9748 3103 6541 5988 8641 8909 8358 8527 5757 4270 721 8516 6380 1207 3144 9351 5047 4388 2625 2887 9048 8535 8715 5904 48 8947 6690 9699 3828 5157 8868 2796 8163 7705 4040 6790 8812 8042 5027 5309 3642 1561 4366 6107 4874 3741 8117 6274 9453 9433 7799 583 7546 5257 442 2947 9161 5131 6782 1013 8895 8925 7556 
96 3000 3880 8802 4234 7949 2930 9394 1286 141 5802 8758 962 3999 3476 9802 5958 5880 490 5629 5053 5569 8280 3032 517 1333 1644 4115 8637 3111 8333 6035 3368 3814 1763 8882 3113 8767 6860 1667 621 3261 9020 6446 6020 8242 6201 568 2966 4116 4138 7042 7919 2684 4680 3037 2548 7198 7261 6499 9259 550 3483 904 9843 1576 4835 8120 7259 9491 3531 9410 531 6448 6477 4550 2780 8220 2358 9077 2372 3013 1855 9658 7201 8392 984 7588 2083 6347 7561 408 9292 6472 790 1655 2208 7278 3983 8732 2093 5620 
97 3000 393 8902 7998 4261 2186 3411 9785 7555 2523 9734 4284 5254 781 1945 4568 4441 893 9215 2353 9590 2807 2431 3531 751 7081 8943 6819 9855 2597 5435 5536 5151 7399 8922 2504 3762 2660 5870 8082 2371 9771 9442 1310 6026 555 4869 4190 5079 608 2948 9091 239 5763 1661 9272 5759 1681 5922 2535 744 6564 5446 8006 8583 6998 750 6032 4511 6914 7269 1215 1289 9679 7605 8555 3015 3314 1897 2738 7054 8830 6316 530 4103 1693 9690 6308 6369 6417 8246 712 3879 4275 8482 2424 8914 4143 8165 3065 8569 
98 3000 6461 5451 5228 5434 324 6128 3629 6405 3699 8995 9381 9615 6760 9348 7401 9494 8360 609 6935 9954 5614 4070 5209 5696 6618 6759 4210 1641 6285 7447 584 496 5315 756 8668 8429 2281 9416 6638 8883 8846 4631 5789 4509 8101 4574 2938 7222 6029 1011 5948 6388 6100 4047 2382 5131 6980 4995 1283 4764 3374 7374 8072 7352 9989 6027 2578 6395 8627 4373 190 5634 8396 9771 6133 5984 9052 7022 2873 597 7463 9987 641 8044 7200 1333 1089 3619 1252 406 4064 8779 7862 9226 7511 8699 9498 6606 504 7958 
99 3000 4938 402 9392 4343 4486 7882 7082 788 8315 4223 5438 5431 7925 9129 811 9793 740 1582 2688 5095 7821 2709 5473 6685 4700 6782 3385 6597 5354 333 8490 4238 9289 9408 1851 5196 1756 4931 7805 8170 7091 6204 1365 33 5179 2528 8751 9011 1047 2947 1035 5997 7576 4121 928 3980 1339 6322 2675 5606 1572 7552 5082 8861 2258 5796 7676 879 7344 9385 9973 9878 9081 5497 3888 5214 9489 6777 9256 5569 4947 6084 2489 5258 3906 9359 8352 8661 7731 6624 4863 2786 4666 1104 1325 7947 6920 6470 9473 6577 
100 3000 888 2210 7757 159 487 7129 8738 4284 3619 967 9622 1840 1765 4146 5907 4314 2700 5638 8162 1228 6326 8969 1933 7700 3648 6331 763 122 8852 833 2350 9976 4528 6874 7825 5761 9 8631 4148 3055 2832 6691 9643 2699 3329 2787 2645 7101 2345 2677 3280 4678 2076 7135 8366 2406 32 1074 9441 6507 6129 792 3915 1261 2902 9342 9347 5933 8850 31 850 9837 4891 8039 1614 5517 3964 163 6562 55 3732 2692 9125 4509 2432 7402 1145 1465 7833 5675 5904 726 9328 748 4274 3118 3149 8082 3994 2423 
