FILE: 1923UnifS.txt
100 100 0 
1 3000 3402 9606 7454 4942 172 9828 2716 252 8489 3895 5778 5086 459 985 9204 699 6189 1556 8746 9263 9942 1150 8555 4238 9407 2330 9526 8865 8110 4736 758 2793 935 3270 4147 6818 2782 4405 2101 5760 337 618 8376 9456 6982 2950 2046 1880 817 1684 4590 8393 5815 5162 105 1113 6098 6713 8652 2407 3340 9713 2712 6517 7294 768 6786 9304 9446 1023 101 6119 9788 5598 2455 7801 6727 1143 3180 4794 105 1521 3231 9397 7358 1621 403 6135 2789 9289 7672 251 9970 5387 4653 4332 7273 1974 2198 3053 
2 3000 6520 8619 107 6046 4761 6833 7966 8901 9175 2625 9118 2283 5099 7189 7745 9180 7179 5712 9088 271 3649 4306 2787 7428 3732 5067 9342 5331 8167 9260 9708 1219 2863 8627 8005 2758 5676 4819 7361 4036 6309 6956 8875 9690 9342 7312 3708 7144 384 5121 8297 6987 5348 8511 2698 1466 2858 4565 2045 1105 9771 7501 1143 9458 9832 4983 2185 5970 5453 2555 5590 6985 2611 6198 3963 4855 8880 3014 9196 5195 4581 34 2671 2251 7057 1154 8607 2394 8082 2191 524 5746 4380 4069 829 5922 1284 4123 3536 7901 
3 3000 9511 5540 104 4026 5064 4911 8398 8120 2259 7916 4786 7737 9877 3135 9347 4528 445 3981 4215 2743 2634 8755 5043 5846 6788 8836 5592 1267 3577 4983 5447 3267 5772 1772 855 3939 3150 155 8693 2328 522 8142 3553 1673 8881 9611 7963 4786 9683 1241 5722 7541 2249 7569 8366 497 4292 4177 4758 8647 5568 8997 3805 9285 4654 1747 294 8004 8852 1490 3860 2819 7214 2315 1075 6410 6698 7147 660 6492 1439 9682 1831 4318 5158 4442 5756 1290 6685 4963 154 3716 8614 101 7000 5671 9077 8465 3372 0 
4 3000 6651 978 5415 7437 8382 1558 5426 3850 937 5929 2075 5613 4885 8551 3741 3102 2094 7685 4978 2318 6263 8569 6105 4628 6573 4731 5920 4642 4462 7424 7541 6206 3531 3179 7370 6522 2569 9494 7184 8398 1706 8641 9348 615 1689 9598 5155 6424 6289 8109 6295 171 7821 4866 9438 2038 5802 1823 3954 916 8729 6621 2751 5401 8974 5153 6239 2917 821 2247 9424 6959 1611 471 2116 2464 6023 7070 2274 9313 3475 9024 2470 3943 8653 6229 9479 9100 5160 2812 6991 1709 2296 6555 1453 8865 4962 6462 1037 1963 
5 3000 6682 8439 7722 8936 5760 9103 2518 4629 4555 7715 3798 9297 1885 6240 8768 5224 8554 7531 8054 1468 6002 1633 3419 6737 8085 223 8600 377 5978 9164 3276 1502 6197 9193 156 6234 1760 4722 5194 3075 6456 781 929 6406 2252 8070 2952 8106 9820 6143 9489 7297 2187 4722 4127 8218 1516 3124 1641 6216 9003 7822 6970 1876 7912 8132 7300 3257 9719 15 7281 6270 3395 8016 7369 3170 7807 5321 5285 9182 7245 1940 611 7241 72 1015 2503 868 507 3255 528 5162 3521 9496 8633 5926 2871 1380 2231 6910 
6 3000 2244 167 8419 5179 9543 3669 9317 4618 4284 1307 8531 7543 8124 7294 746 4454 8515 1947 4437 1904 5479 1116 7713 8494 1515 3746 7279 8995 4619 7559 525 6596 4443 2863 746 3271 1570 4487 5476 8278 9914 1836 7955 4780 2252 7079 1719 4590 8872 1454 8317 1043 9352 9703 8146 9991 7465 2632 4421 8925 9201 7792 259 4221 3923 8289 8901 6512 8645 9718 7046 4181 5431 5220 1319 4987 1924 8667 7858 5804 5001 5971 5032 502 7547 4515 9279 5932 8355 716 4073 6056 5162 5703 2008 4188 792 9131 23 3368 
7 3000 2438 1111 7729 4856 4065 2269 8887 4753 1935 1932 5987 8751 3261 4434 7970 4997 7982 3550 1063 5097 3668 5058 2748 3231 3547 7415 8850 3402 7656 574 3749 4807 7120 2913 3726 5331 1551 6293 3423 3172 9580 9246 5434 6583 2507 8278 3020 1746 1077 7306 5949 8765 5385 5217 9461 5792 7901 1550 6359 1267 9624 303 2220 4295 9360 1872 3739 3137 6120 3104 191 1835 4654 5483 8024 4956 4098 1439 8570 465 9754 8781 8887 716 7989 3256 5725 1580 4268 9232 2612 9687 4303 8505 73 7798 8327 7237 8967 8302 
8 3000 8505 1011 6954 4834 9452 8015 8084 2025 1891 353 5510 3370 9430 3473 7331 7228 8463 3735 5553 937 1195 4083 8185 3067 1799 7864 4447 3785 5693 756 3113 3356 1938 825 3977 8760 8768 6716 2440 8442 2244 3954 7228 5179 8028 9380 1229 7081 6288 3713 5460 6705 9724 2227 6155 8310 4722 3567 4981 3221 5627 6676 2377 3328 2151 5858 4021 2706 9898 3959 418 7363 4013 3679 9613 3109 5965 7001 3035 1554 3448 2752 4459 4227 3403 2287 2097 4822 8177 3298 3813 9574 4799 1746 5461 5747 7378 1918 2353 8263 
9 3000 2636 4617 3844 4442 8556 3463 1053 6876 6164 9332 7698 4427 4424 2912 4063 1342 8274 5386 4089 4507 9773 7244 5583 8810 2378 5213 3567 643 8350 7318 6734 9523 9277 6063 7044 7833 9731 9742 2437 8698 4042 1873 2670 1979 6200 8753 8287 8395 2884 5147 2705 1768 9617 8090 7429 9395 35 8827 394 546 8300 2867 7429 3078 4617 8169 6845 8190 3896 1451 7154 3290 7520 2621 7903 2988 8257 7337 3644 8225 8278 7692 1022 3510 316 1021 8989 2298 1940 6834 2144 483 2960 1876 7201 8019 5950 3310 2573 8668 
10 3000 9906 26 1092 7869 7019 2074 5847 8736 2578 8224 9148 6175 7999 1646 4617 9138 6977 3723 2402 984 4762 5983 7519 7985 562 155 1314 5939 3071 6357 6053 4922 9121 9402 2640 2154 5457 3231 1453 3000 3645 3474 6311 88 8094 8130 1565 555 7209 6382 2307 1421 7672 5522 7720 3081 1840 6015 7532 929 8276 4685 1613 5104 5397 6015 2687 8359 8256 1589 2173 2060 8442 7647 9149 303 7107 769 2442 2166 1119 1683 5843 2074 2339 7198 6447 8300 26 267 6118 9581 6358 8165 6078 9870 5091 8800 4621 1203 
11 3000 3334 5147 7958 4695 6449 7805 4175 9665 6082 5685 326 876 1313 4811 2648 3912 2934 5261 9903 8671 851 6222 9836 987 4613 9172 8774 2374 7062 9193 4332 7901 1112 4402 1259 2185 9651 3508 402 3513 8566 1501 791 6088 2900 3453 4861 400 6126 6458 6787 1725 2549 9689 3950 6738 2836 2578 1528 8270 2667 1130 207 8171 4510 2352 7028 8309 2528 6817 9344 9690 602 9340 1915 9707 3486 7793 7121 7506 1084 37 8302 7489 5851 8979 6224 927 3322 5756 8665 5713 5762 1045 3136 4230 8948 4497 2714 9346 
12 3000 2064 2291 5014 8538 736 2825 4273 6137 3180 518 6566 3697 9480 7746 8149 8494 3991 4903 6920 145 866 8579 7012 5357 2706 7875 6506 794 2345 8833 8271 4076 7741 6992 3927 2899 13 8080 941 2283 4589 6812 2834 9938 5483 3834 2528 9768 2701 771 8803 3484 2762 3421 5896 356 2356 3056 6208 5080 5121 5858 6148 3777 1541 481 5096 8114 1977 3727 7496 7548 2819 4362 8066 9698 5763 5047 140 8841 212 2394 7137 2536 8805 5154 7142 6364 6070 521 629 6804 197 8572 1297 2230 7947 4816 35 2026 
13 3000 2674 889 2014 3837 5480 3353 6898 8942 9490 635 2188 5743 7258 8083 9684 1392 1291 1151 5076 1535 7704 6709 658 8185 2992 2471 1169 5713 3941 4560 2757 4975 648 3190 5071 5555 2677 6470 6471 6138 8334 2345 2372 3002 7071 8647 6709 6645 5015 1286 6524 6525 3616 552 9683 3938 1426 5554 5715 3005 9006 6773 9777 9804 6945 6752 9743 9606 7018 8900 6422 2252 6464 4425 6894 5648 5383 7399 976 7386 7271 7932 814 4487 2663 3489 3594 1280 5920 8319 7387 5387 5124 1015 106 1854 5108 199 1606 5393 
14 3000 3611 8327 8890 751 551 3624 4454 1210 427 147 7748 5206 7854 5961 9770 1076 6204 9453 780 9928 9393 3764 1135 6637 6777 9347 5261 8968 1184 4653 8737 4822 64 4937 8515 7602 9764 9190 6253 9718 2936 5203 4788 4199 9059 2746 7720 4446 8095 4880 2128 2099 7264 7387 4411 3034 948 6330 9253 1487 3717 3739 1712 2296 6483 1415 2434 1272 5774 2870 5994 3700 6140 3377 2361 955 5681 8161 1489 5250 4694 8706 1027 2509 7455 7185 7166 3359 7120 9023 8598 2254 3752 3577 3607 4720 5476 2948 286 2728 
15 3000 2750 8912 9876 8186 5774 7979 3230 4566 5015 4579 403 6645 4858 2367 3367 8376 384 3658 1851 8889 7274 6988 2307 6608 4834 2793 9997 1498 2150 7221 4210 5435 7362 4065 6602 706 70 4821 2659 6625 6856 6873 6289 4283 9945 9798 7536 9416 8972 9803 3418 3405 5893 2285 1896 2394 3008 2508 8960 4534 4114 4419 8845 5362 8781 7577 7372 1288 9759 2213 8411 1223 3499 2415 3473 6319 3812 7434 4421 7847 8639 1119 9317 3186 9960 9474 1378 9951 6819 6346 1071 8234 1473 7227 1329 975 8676 1195 5888 2463 
16 3000 8074 965 750 4951 9739 1080 8780 3407 2816 4212 7414 8384 7304 5602 9500 7011 8957 5617 7265 2123 7311 430 9407 9500 6837 833 1301 3240 1217 9168 8350 9258 748 4389 2440 6902 2870 5239 1538 8703 5815 1566 2400 8244 5388 3752 6417 6160 4867 273 8574 4251 8030 3382 9543 7738 5312 2920 900 5625 3074 8244 3460 9204 6014 8293 8745 8667 2688 9766 3572 7859 4167 3432 7771 7145 5811 8566 5020 4411 2171 5503 6815 4177 5021 6327 9557 4851 4505 3674 4764 4097 3417 7671 2419 2330 4602 990 7427 4338 
17 3000 1487 2034 9209 9030 1729 6246 4413 7304 3991 5542 2761 8043 7853 5869 6005 2242 6828 2887 23 5244 4524 5782 33 7121 3915 9196 8929 1165 9747 3289 8752 508 4063 1916 5274 2871 4857 8944 5717 3436 7850 2679 9590 5838 1394 8429 2655 1288 4496 9184 4019 5821 7976 4428 6343 5666 8740 7069 9190 738 7180 8501 5482 6267 7711 1785 1094 2536 2411 2960 7570 2759 7807 475 7958 9072 4777 2746 5780 6658 1571 3843 7120 5987 9970 7298 5836 3197 4560 8037 1904 8579 5134 2437 2881 3207 2224 6514 8495 3679 
18 3000 5746 2231 8361 4990 6783 1926 2817 1527 2485 878 6894 6192 4097 7986 7402 7646 8112 4578 3148 5681 545 1347 8271 4717 4342 3407 8713 5421 9899 3477 1804 4454 8721 3192 8979 2345 196 2533 1618 9481 1500 7388 10 233 619 5236 5443 5202 2509 8954 5419 1586 8366 8749 1993 1681 8035 2221 3241 9500 5530 2546 7845 5517 7693 4778 2812 9541 5968 292 4312 1713 1304 9336 1642 1623 2182 1717 4317 5559 5769 5610 2287 1878 2193 4489 9271 4501 1946 2191 9229 4536 6411 6093 5946 20 1519 8425 5750 3796 
19 3000 4517 5701 3350 9503 3880 6281 803 5703 2332 6050 9602 8122 3001 2232 5891 24 8695 5317 8807 706 4307 9127 1942 2120 2339 8994 7933 3619 1556 8069 6181 4825 8764 1760 3683 6630 3710 285 9007 315 7112 9360 9372 4795 1809 9006 870 1990 7042 481 1801 325 5852 1340 9141 6345 5608 8619 8132 4467 1663 145 4993 4845 4129 3965 2763 9373 7777 5908 268 5801 5068 5270 4206 9982 2304 8618 4362 6244 8905 1727 1955 5888 9811 9639 1092 3803 1013 4843 3369 3219 8197 3588 5575 8574 8532 314 541 6512 
20 3000 5563 211 1100 5003 7245 9901 7177 588 7091 6252 6007 3753 8452 3305 5469 2423 1919 7335 558 3584 5848 38 2970 3029 15 9835 3816 3229 2392 1307 9468 9326 9050 2754 516 3262 7187 1879 3864 6016 1278 9595 7942 7982 2355 1962 1046 7460 407 240 2803 7282 9909 9078 8761 9552 8474 2821 8105 8525 8629 9940 4494 1594 2721 5598 29 8421 940 2324 2342 8172 2473 8832 4806 4899 9783 6946 9885 1029 6007 6663 5589 8987 5490 9336 5069 942 7431 8981 9330 6680 2664 1713 3072 9596 3559 3303 3655 820 
21 3000 7049 4862 3186 1459 783 6649 3739 2971 2405 6 5689 5659 1953 7415 9181 5291 7387 684 8719 7853 3246 7251 880 2410 2417 4622 5152 2111 1045 2930 7905 3303 6558 5614 9474 2783 8816 8231 4378 3165 4392 5389 4658 6378 3976 5807 6343 5287 2895 5495 9039 3439 4773 9066 8643 2933 8306 9167 3186 417 7163 4039 1794 1210 3012 3203 6782 1546 1678 1263 8863 8946 2415 9844 5494 717 308 7650 2338 566 1807 8644 7853 3355 3372 8362 1009 7965 3253 8344 2124 8295 6394 8692 6836 2384 2457 8754 3185 9653 
22 3000 6978 5932 1832 6283 5641 2619 9398 8704 1683 1252 4930 5220 6420 7502 9489 5755 2900 1575 8865 9723 2677 7653 9419 2024 5721 1448 7044 7166 3437 5888 9260 1509 4823 4923 423 3641 5743 5461 71 2869 1333 7427 4383 5841 1529 1942 772 1294 9713 7640 5601 2924 4498 5090 5020 383 4627 9368 8932 8398 6997 728 8083 4018 7819 3421 4276 1989 6888 2619 3714 8241 4990 9483 3459 1520 4427 4339 1029 3125 2670 7992 7106 4784 9136 1155 1380 4651 5093 2013 1513 1422 6683 1899 5230 6585 1075 9111 5529 4791 
23 3000 5749 840 9028 2350 887 3231 7424 3849 4910 9565 2085 6903 3127 6567 1767 5021 9511 8846 3449 8608 1603 1442 6302 4079 8538 523 8777 1113 2199 2180 8821 8016 1493 9374 7215 5224 9755 6982 4040 6920 5274 4992 8268 782 4943 9802 474 5851 1043 3659 8679 8532 1138 2218 7312 6712 1108 222 9301 2007 1296 5314 1290 130 5792 9967 1975 9394 4828 1547 3571 7326 312 494 6402 5416 4475 6630 6615 1991 1652 3594 7020 3204 3182 1400 1056 2163 5438 7121 9878 6171 976 3696 2576 2100 2815 6868 9511 9888 
24 3000 1838 236 8782 4157 7320 8445 5815 3961 579 8488 6079 657 1757 9148 925 3902 9716 8548 6548 5772 5073 9841 6083 3009 6345 5014 4816 7392 9232 6825 8522 4235 9017 8860 4934 9005 6092 3716 8332 2069 4614 9312 7255 1567 4278 3320 5343 4406 5223 5724 5302 5382 6057 9507 5994 4426 5010 9452 2649 1974 4213 9086 210 2466 7098 5728 9794 5963 8925 3682 8280 7896 437 5536 1031 6938 4636 1607 7727 996 6686 7488 1332 1335 6936 9740 185 4826 7080 9697 3215 4312 9428 5399 8277 7109 9313 1653 3623 1621 
25 3000 612 8214 2485 2096 4405 6097 796 1485 751 2008 8027 2449 3586 901 1151 6473 8754 6665 1735 1114 5161 933 6151 5374 9047 12 8924 3193 1394 9943 9185 5073 8448 9687 272 7822 5376 2430 2439 2427 3042 5020 8695 46 7906 5522 3773 6136 5057 8904 6217 2693 4361 847 3597 8625 9740 9673 851 8248 1574 6410 1745 7909 2229 2973 3469 730 4708 8471 4348 9479 4429 3642 4682 7567 4130 3413 712 8168 1890 7581 1709 1468 2288 9623 192 32 677 3630 5260 2303 586 9365 9066 4222 4249 5445 6401 8973 
26 3000 6256 654 7412 4858 332 3371 3438 1289 9238 9134 5981 2910 7796 6317 8788 1843 9048 9947 3072 8063 3527 3631 5852 7888 1661 9617 1411 603 9303 6977 5895 3207 6380 7916 5019 3283 8672 2207 4916 9993 2713 9745 6093 3203 3822 1237 528 723 7250 7006 1879 3684 2461 3925 8828 31 533 478 1545 6144 4687 9941 1276 6584 3936 1693 3059 1968 9867 646 1566 4958 6539 4808 64 4389 3512 964 2506 7512 2000 8484 8749 363 4148 1259 2890 6262 5433 7758 4730 2436 194 9211 4371 4760 283 5919 9920 631 
27 3000 6839 1687 8340 9963 5197 6382 9406 4311 2911 6620 2799 4114 906 4567 8323 4065 7758 4881 9238 6611 7095 9767 8732 3573 8121 2159 9505 5889 9276 7030 6491 1488 5006 827 2688 1288 5670 9029 8132 3310 564 1828 1983 4933 4076 7940 7738 3257 4962 6540 1574 3606 8749 7316 3812 6145 3262 8658 3507 624 7274 3962 6160 9258 2289 6066 4562 7711 7440 9809 2758 4228 7516 2712 3133 6874 4117 3790 6633 8907 9930 483 6099 2278 6130 3716 2736 9244 2911 1082 5700 2122 3134 8150 4815 1155 9108 7901 6413 513 
28 3000 2489 8282 2295 2406 7312 7894 1826 9341 6136 9801 7147 4482 9330 3459 1514 154 7469 4777 766 4462 6864 4304 7912 6034 8214 3531 847 6898 8382 9329 3192 3471 5301 6508 8259 5687 5996 8499 6138 4238 7741 6160 3918 5947 2334 4715 9020 7265 3499 8810 5666 5891 7416 5696 4468 517 6371 6539 5143 8703 5532 5850 2351 2867 2857 9050 4662 4412 2114 8147 6646 5970 9039 5551 4086 1770 610 6000 2319 6140 7452 6625 7701 122 9362 5132 2196 6224 3962 6109 1092 1286 8478 5461 3840 7478 4640 2966 8018 1423 
29 3000 6711 2964 6425 1440 2638 3160 7288 2918 8329 1561 7611 1808 5060 1533 9633 6248 9996 4985 420 6310 9845 3679 4583 1865 7639 8660 111 8585 2632 7818 7342 2062 3331 1571 1051 54 3644 6673 5664 2857 2162 8147 3598 1798 4557 9344 6726 5860 9113 128 968 6428 5377 3182 4004 156 5935 8445 6114 9966 1316 5666 4146 4170 8020 5092 8601 3716 9666 6276 3852 7554 1277 5006 1481 6140 6674 8369 6744 3051 9009 7933 8165 4733 4416 1055 244 8376 8786 314 9302 7901 7674 1070 2445 8090 9322 7150 9652 6829 
30 3000 811 4653 8991 5476 7345 3885 4961 7363 4644 9418 9951 4411 4478 8275 8837 1880 3319 6233 6691 1242 4113 2266 9625 1169 1189 1092 8751 6663 8282 3868 7278 6298 9687 6991 720 7590 4535 9033 239 496 4199 5803 9111 9032 2816 3525 2312 1023 943 152 9235 5970 2335 4797 9534 1050 3843 5292 2079 5231 8445 3869 7057 1528 1399 975 1177 7363 9518 7198 6017 3069 3572 3333 9486 8507 3816 8557 414 7816 8647 6748 6265 2279 6372 908 3981 1322 118 5730 3943 1636 5857 8276 7064 4422 3558 6790 5001 761 
31 3000 1463 7628 3496 5110 3494 319 8841 6927 9775 745 7470 413 286 2455 8668 2383 1643 6095 416 8265 6997 6966 8355 6220 9061 712 7876 9385 6268 7123 9330 6251 2041 2071 6376 9150 7200 7571 7440 885 5487 9960 306 9469 2220 6209 9833 1000 6070 8356 8791 659 3962 6062 1831 1824 9104 7300 2568 3322 2139 7158 3803 4800 5421 4775 859 217 420 8401 8045 9471 8246 8577 8249 8137 3305 9446 5649 5348 71 8189 1558 9782 2995 2578 3382 3790 9529 6664 6718 5636 6277 4582 560 9875 8274 2488 5647 5841 
32 3000 1388 8618 5921 4277 7849 1467 3124 2073 4898 6102 4505 5142 6567 8594 3666 9414 8580 8575 4524 9960 6383 9925 8400 8232 6290 9579 4238 7442 9768 4458 1939 6052 836 6534 8832 9396 6589 6005 9258 9430 857 2612 7290 2599 977 5067 2568 5835 7699 8612 9269 676 8209 708 8192 5514 2285 4835 1976 5969 1575 2434 3438 3377 1996 2958 7041 1419 9262 2064 3477 863 7540 7912 7392 2437 1223 5606 8215 7823 9833 9751 4132 8779 6052 5135 9170 4387 6870 5536 3413 6422 7864 662 6345 2847 600 1202 3311 9438 
33 3000 3163 2015 5107 9527 3804 3436 699 1872 7722 710 3057 6657 6966 1553 8126 9612 3458 1829 6909 4255 5152 9368 688 2268 5304 5892 9361 1991 4882 7076 2906 5045 8086 733 5975 1074 1006 3121 5601 621 3396 3377 2047 6118 3579 6076 2764 1016 6472 1914 9486 7021 4738 6516 8439 9473 3067 7371 3687 839 5573 8890 3591 2332 6326 5590 405 3661 3003 3403 2986 900 3664 9105 2634 2485 6656 7883 2061 3333 3638 9012 7477 7091 5736 9665 3805 6505 2821 6847 3023 1919 5906 7455 5629 7890 2679 6460 5226 7940 
34 3000 6154 3216 6242 7427 6447 5892 4771 4535 5678 4034 2530 9404 6001 9247 3958 1368 754 4001 6425 4331 8737 8568 3573 260 1613 6082 1783 811 4439 5715 9762 7067 9316 3996 1260 7418 2164 4235 908 3550 2629 4089 3185 4573 7107 1241 4505 9258 4899 7209 8436 6417 7484 9283 4035 3393 927 580 7316 2686 1401 8229 5840 6695 3845 9679 6426 590 3734 7134 5996 3309 1990 109 5539 6679 3000 6118 7196 2663 5777 9476 4479 8729 8233 8240 5613 1347 4580 9262 9994 7609 5861 1375 7786 4979 3600 6701 2630 9159 
35 3000 6579 85 7488 89 743 6655 3606 6066 2225 7500 2604 5990 3498 3486 1692 9736 2653 7186 2006 6650 5805 2936 79 2171 2613 5025 2426 2574 4937 3996 3260 7844 8618 1088 5333 2672 8372 786 3900 5575 5827 1511 3808 6141 667 4426 9712 402 4915 369 9416 4332 334 4914 335 5462 8951 1552 9087 2632 6715 3001 4206 3860 270 639 1984 2336 6859 2064 5434 547 7351 6774 6383 2521 2393 9980 680 4197 1688 4538 6545 1922 6399 1007 6026 9076 4672 5831 9595 810 291 7651 3855 6924 4456 1738 2391 2860 
36 3000 686 2549 9723 8825 2841 4411 8404 7034 6282 335 9233 7085 2143 8941 4593 9451 4733 9524 4916 7104 2069 5233 8275 5261 9521 4382 3097 9253 6596 9882 4005 525 6835 6801 779 751 844 8047 450 4086 2443 8175 2511 7534 7948 5326 7261 9446 8569 1277 7267 6137 5938 9632 1954 6639 765 2129 5320 5564 4610 3069 6778 4108 4790 1882 5117 9165 2403 3803 5594 579 3483 8687 152 6511 3275 7940 752 6937 3638 9575 5845 5268 3574 1401 9958 8098 2878 2327 6413 3074 8917 1798 3161 4889 6532 7351 1749 9411 
37 3000 1064 303 9415 5919 4509 9556 4294 7483 4792 3532 3765 9454 8173 231 5911 6089 4771 5413 4114 5294 7218 8913 4765 1499 2438 9065 8104 6649 6544 5269 2191 9329 2872 8670 9987 2009 3128 967 9577 6415 1671 1350 7502 7025 2907 1553 5231 2690 1825 9041 8747 6380 7644 8321 1263 3056 591 370 9060 5665 1808 197 455 9262 6371 2527 7888 3254 9449 5607 3138 1776 5580 3142 5664 2181 1072 4352 4068 1664 9530 2158 684 2011 511 9488 9297 2462 1299 3711 5979 717 1806 9196 3055 2051 2606 7997 6193 6559 
38 3000 6078 8660 4618 4532 690 3155 4453 9950 8400 1940 5185 2104 5182 7137 9251 5340 4678 3849 4756 6934 4979 9585 1313 3086 8522 1825 9005 3038 5123 3703 478 1327 8122 7812 6153 8149 3671 8139 2569 7862 3124 126 3846 5599 8575 8851 6274 2023 1502 5338 6028 6189 4552 990 13 6548 6438 146 9819 65 9965 769 8820 9462 3190 3249 2384 8595 3692 7341 1215 5946 5976 7222 7815 6243 2004 4674 6078 213 4841 393 4002 2443 5439 3425 9529 7386 2535 8719 9509 3474 5679 2816 1794 5370 1389 7656 448 4337 
39 3000 2424 2508 4090 6731 189 4037 7356 627 264 4477 5492 564 1051 7949 2067 413 5559 4888 9813 4376 6297 4604 4591 6106 3310 5969 2478 5955 5326 6218 9985 6340 4036 7890 7396 5247 1495 3882 5231 7844 650 635 3839 6232 8991 9440 6110 7316 5331 5876 3316 8799 9705 7363 4076 3304 6401 8850 6446 619 108 6622 3133 8072 5199 234 9834 9022 8127 2569 6706 9483 2957 8020 2948 2870 18 8803 4522 2869 7676 9388 4990 4435 7243 9055 9480 2909 998 2582 1776 1269 3343 9053 4530 5500 5082 8789 2606 8087 
40 3000 816 8406 9543 9639 9481 4005 7143 8633 7989 2473 8190 9289 8014 921 2285 7561 5892 4241 4816 5262 5646 789 9043 2309 5139 6197 1316 7091 5355 5301 9413 4970 2796 2206 4006 4901 5014 8464 3251 4175 9261 9386 503 1292 4265 8475 5153 6959 5136 9982 6598 3207 1389 9593 1324 641 8102 3238 3129 3810 188 4020 6455 4701 9799 7278 2859 4363 6854 3769 599 2650 2692 977 7350 6095 6848 2546 6045 3906 6955 5838 3838 2084 1774 7618 4195 5672 7341 7863 2107 9126 6251 1693 2434 4810 57 9433 1365 9615 
41 3000 4794 4794 1012 9712 9640 1182 7120 3415 8684 6133 9912 2182 5834 3869 8052 9735 2844 5986 5731 9305 462 256 2890 9005 2715 7569 8551 5324 4302 6982 7289 4751 1130 8911 8816 3517 3962 6436 701 5469 5192 4734 4205 8067 8754 8638 3251 6502 3144 8321 6510 5944 7574 3105 2616 1913 1248 3395 8508 8774 5767 735 894 6360 657 5994 838 4717 2015 5675 1482 6974 4293 6347 8876 340 5198 7203 5952 5227 3720 745 9607 2494 1282 1593 924 8818 6021 3419 8505 190 185 4002 4943 3537 669 8416 6404 6468 
42 3000 2656 335 5351 5145 6406 1470 6375 280 7148 9125 5166 1252 8117 1882 599 8360 6696 3408 9952 3186 3703 4390 7244 7099 5788 2595 4700 7871 961 1049 7340 4423 7244 4350 698 9701 4451 3101 1654 1666 9087 6466 2407 2419 2378 2854 7561 5444 1422 8733 4339 984 3466 5556 5926 9532 3308 4823 7929 3455 3828 1267 7973 6738 9635 4157 8410 2858 3848 6738 2163 778 7997 3785 1690 9068 5050 7286 1070 8152 5568 255 1224 679 6978 8664 8251 18 5978 1498 4894 6880 4066 8942 5128 4066 6187 8691 1877 9333 
43 3000 2517 380 7855 6395 3360 8143 9527 4043 7177 1299 4202 3389 1741 3160 246 3238 8409 7963 422 3586 9530 5929 8358 7240 8968 6449 8131 9562 5758 9388 6988 6342 878 4523 1180 9797 7159 9100 4933 2685 2304 3517 2533 557 5048 5133 3542 2127 4430 201 1139 7766 2197 3928 3584 6124 8331 8659 8809 8879 9704 183 2130 3603 1851 2167 7090 4762 3876 8718 9422 2835 6476 5063 4140 1562 3098 6358 5752 3313 4210 4625 1604 2586 4710 3805 8338 7626 4449 2946 1488 173 1884 7511 8193 3332 856 8809 3035 7570 
44 3000 494 1557 7006 4836 8238 9560 9598 808 5997 9523 4015 5264 9420 2984 5517 576 303 6371 2881 8336 2116 9184 2994 4097 8654 309 8565 245 5813 2448 8967 7000 6495 4676 4200 1529 8635 3131 1983 5199 6353 9813 7969 8945 4228 9527 9080 6766 4708 4935 9979 7347 8629 9744 2653 3806 8872 11 9135 1561 7141 3580 7336 4331 3862 7638 17 8256 1212 4398 6873 4139 9273 4912 9752 7824 5306 1000 994 8684 6157 5309 4894 6251 3781 9500 2292 4954 3896 554 8292 6995 7761 5206 3095 3344 7076 2502 5971 2859 
45 3000 2013 4486 2343 9534 2365 5007 4005 7867 1823 6652 2461 6360 5383 5803 5390 9139 9868 5826 6237 5695 7583 8373 6924 8764 3092 2822 3694 316 3121 3829 6075 5680 9584 7017 8968 5786 5735 2784 7864 7542 5449 8231 7180 2324 5618 7228 1731 2602 1684 8593 1313 6684 6290 2403 8420 1586 1055 4426 9085 4028 1479 8679 6844 9560 4969 8115 9827 9800 1993 3427 969 7814 353 9985 1355 1604 2594 2894 6681 5734 6525 176 6847 1075 8874 4080 8668 2676 2069 517 1718 5759 4132 6613 7291 9841 1714 6401 493 982 
46 3000 6244 4622 5458 2151 3207 8662 3685 1730 4544 8611 5503 126 4185 5447 4665 4523 6694 7340 6058 1752 9054 4092 6545 9287 5563 9692 8929 4365 5864 3000 9045 1234 6097 6555 5971 6520 3179 3510 5371 2731 2201 2691 5961 9868 6959 1779 9094 5181 3607 8618 1478 1031 7431 650 1017 893 2753 2476 5773 3475 5962 1534 6057 4961 1659 1911 9645 9388 1940 6278 116 7136 8796 5944 8319 1555 9643 9046 6959 3704 5969 6849 8317 5229 5118 8189 5085 9355 5187 2026 4335 10 3055 8126 4606 9068 5537 5876 6120 1721 
47 3000 3659 1213 4120 9976 63 1681 5340 4276 9531 9619 7587 3246 2640 3470 2463 1563 2537 7207 1200 5954 4845 7901 3630 9315 687 1400 269 2959 2838 6136 7534 6985 5007 5063 6085 8778 4233 5711 2287 9624 6418 8374 2803 9461 4974 2415 2304 9750 2606 701 4314 4467 6210 2164 5172 9229 4902 2478 1121 8537 1171 2876 8526 1149 5153 7076 7211 3572 2040 6346 6926 1690 2599 2682 6935 504 6832 120 8731 2006 747 4171 1878 1175 6266 9374 2973 96 4247 4984 7738 209 642 8781 6234 2678 5768 9001 1200 6888 
48 3000 6715 4396 9519 7067 2869 2416 6807 7030 4568 5522 5131 3050 4878 5613 3842 4857 4493 6591 3548 4756 9766 5040 3198 4877 3859 9037 298 2539 1021 5085 4252 3755 3990 3171 2829 4846 4523 9950 1747 2191 7042 54 7393 96 5420 5526 2659 6791 2875 3377 5910 8552 5004 1270 3075 1946 5929 1330 2855 4200 7582 2077 5070 1703 2099 8482 2122 6620 7355 157 3581 1644 5611 7654 3905 2863 5293 6909 3278 758 5894 1792 1574 9326 6005 4797 5446 3320 4460 5845 8545 3627 4621 9224 4854 759 1774 8641 5159 6479 
49 3000 3662 409 6634 3541 4131 4756 5557 3566 9916 5258 3152 3037 533 6396 4552 7418 1315 9243 888 3404 9560 5268 4506 9286 3808 8275 7306 3455 6247 4456 2206 1016 8237 580 7733 8537 8961 296 5737 6923 7209 8572 2231 2407 6273 4250 1358 5672 1979 732 2476 9102 3835 4784 377 2145 9313 3477 8626 4818 1251 9239 6025 9322 8375 3042 6204 9787 8958 5710 333 151 7593 7350 2968 147 5098 4915 1006 9429 1541 7886 5786 9817 2392 2079 8296 5671 7806 1579 7516 2379 5017 8801 1881 2989 3872 2670 3873 2945 
50 3000 5479 4932 7735 2966 3988 4588 311 36 1490 451 5010 6530 6046 1830 8896 7456 2841 7339 2903 5829 8457 1829 5177 6167 8279 1451 7536 6109 7022 6835 5067 6165 2382 4399 8831 7585 1812 5786 1714 8354 2430 5419 7383 7317 4040 6185 2380 6421 5287 3248 1335 1088 2935 5975 5309 8711 4269 8001 3256 5275 2621 5411 6611 102 6023 3047 7010 8725 8987 8941 7128 3881 7402 6879 4639 4633 6567 7076 9315 3618 2339 4992 3232 2413 5411 8264 4116 5040 8719 1761 1802 9576 7963 772 7832 7909 5262 2310 8160 3603 
51 3000 5932 4552 9002 7895 8389 4391 5792 3819 7172 3124 5278 8449 9103 258 733 3272 2555 5445 296 2683 9862 8542 8440 606 2843 7789 555 5241 1454 6125 670 1935 5567 5616 2289 4175 9871 17 2356 2716 1901 5453 8344 2821 3187 9230 8475 9632 3536 6767 5053 1671 8430 6653 932 2457 9556 3836 9108 253 8457 926 5429 5938 3312 7631 4440 9002 8833 8317 8343 1668 9297 7687 9090 1136 4699 4594 3598 9958 24 3976 2086 4532 7655 6906 9543 1719 2897 8786 316 3598 2630 5650 5826 329 7086 8596 5406 1154 
52 3000 4755 6351 268 3514 407 5947 592 300 6246 1536 5740 5219 6190 1321 7597 6295 3271 2611 7035 7485 161 5013 3505 8431 2828 1731 7748 2326 7311 9008 7637 1910 9622 3680 7144 3598 8774 8858 8425 9716 2935 7742 7040 8880 8703 5550 287 4490 3509 9579 8674 1347 1143 7388 502 407 410 3106 9585 1644 6905 1866 6086 5051 7914 2364 485 9761 444 7542 667 1289 2375 3395 2136 6909 6733 5911 1358 9145 9101 6120 2221 7396 8137 3286 5633 7679 9233 6210 2226 500 1289 2668 8204 6855 6615 6965 4305 2344 
53 3000 3962 5622 7893 9423 4671 1184 8168 7772 1951 4152 4510 2792 3281 3045 7942 2225 5940 2579 5723 901 5655 9979 9058 3612 8382 9411 3941 6101 5207 4542 5118 4190 373 9221 3180 1023 2432 6292 4773 2437 8525 4522 5944 458 1781 3664 8600 4924 1845 7641 100 3229 8532 5848 5971 8196 8605 2594 5748 4069 5672 4656 1936 641 3221 6963 2103 5492 765 6405 4092 4369 3126 3768 4363 9673 2832 3789 9458 7086 5647 3343 589 316 9223 7752 1354 3968 4877 5214 8578 4538 2493 9368 6275 9537 8551 9970 2739 4736 
54 3000 7278 1709 761 9536 4924 1138 966 466 7168 1728 8280 2803 9642 7060 1516 317 1584 2128 6095 3146 2618 2771 9881 3788 2652 3238 2146 1222 4909 1865 5664 3158 2078 4890 1920 6404 5589 8380 9456 5367 8021 8294 5329 8666 8624 8665 9708 3886 1974 7910 3583 447 9749 3261 9608 597 5632 3326 6065 8536 3339 8772 3954 7662 7771 1133 7209 5941 9291 9743 6033 9404 1123 6796 3370 3767 9889 530 4491 4177 9249 6535 9706 3087 6689 7183 210 6245 3415 9194 7044 6822 7387 9314 3186 7654 9467 8123 8764 1614 
55 3000 2699 1974 9399 108 4707 3045 7666 9698 3231 7529 7690 6845 4767 1937 2853 783 6357 7535 6639 4512 483 2902 6598 3921 3097 4613 1435 5037 4772 6047 1225 9388 4983 4321 754 7507 9506 5352 5981 551 944 7034 3633 44 2386 553 3913 5752 4175 9815 6346 1676 3820 9011 8740 176 9014 8293 9278 4215 3794 7589 1731 7730 7814 8533 3800 4131 8751 4527 8579 2917 7825 8919 9145 4428 8462 1318 6274 2710 8062 2022 9282 6517 2906 4580 9984 8427 6182 6476 9790 2093 9139 7935 9920 7609 5362 8858 4738 5009 
56 3000 8174 3881 8222 5889 1168 5557 3552 3151 1854 5667 5826 8875 8438 4652 7898 314 9725 9171 9343 4017 8148 7786 8549 8075 5916 4771 7931 2489 4296 2043 2269 7670 6010 9224 175 1058 768 1820 8681 1868 3918 7536 956 3963 8222 704 7145 6847 8760 4844 8331 4788 956 3346 3630 4066 1732 8283 403 8339 3786 7337 7595 2144 2989 8866 2202 2516 8920 5082 8858 8734 8513 3361 2554 191 2835 5677 4474 2394 6992 6159 962 1081 3150 6779 5610 4469 6695 1155 4474 3625 5502 6488 4416 960 2344 3620 4566 6855 
57 3000 418 5216 909 4401 1995 2077 4008 2276 197 7567 9838 5736 3904 178 3749 5738 5776 4207 7563 6190 3411 8573 9783 9313 3614 3743 8935 9147 9809 6794 30 3166 2558 4595 4160 2025 3222 5120 1207 7434 727 6874 5686 8151 1478 6460 5707 4102 2379 4255 5068 8631 6988 8224 8469 8871 4792 5851 9850 4235 3614 4199 3859 3041 5135 8092 437 7261 3551 6425 2539 5383 7346 6596 6970 3418 4198 7066 8348 4012 9004 8044 6200 3699 5033 292 5170 8265 8206 2060 8365 6252 4493 4147 3816 573 443 3080 4067 8261 
58 3000 6840 2427 8894 8340 5473 2229 1141 7818 9044 6557 5687 5813 4194 9199 1534 5796 7655 7463 7025 5962 5526 4118 8181 7728 5678 7447 165 2353 3278 9432 1876 5681 9446 2063 3659 1020 3028 1773 8150 129 5500 1994 4236 2345 8997 3841 4148 1827 7460 4923 3673 2929 922 6273 5497 3693 2901 7410 5669 7472 934 9521 3189 2675 227 6768 2724 641 432 5726 449 1630 5549 2936 3011 8949 6955 595 9617 1197 9556 357 7252 2633 1063 5273 9016 1676 4395 9847 5593 7523 3206 8220 9833 4897 540 477 4477 6919 
59 3000 603 7085 2989 6101 3672 1445 3524 3469 4115 582 6018 5810 1551 3950 2401 1041 5120 365 9939 1706 892 3068 7699 6597 2390 2902 6135 502 4242 9626 9807 2072 8963 1348 3221 9821 6851 2081 9790 6246 9021 7427 3927 70 3550 8389 6259 6619 4763 3299 1967 6312 5625 7883 2251 1286 3279 3440 8919 143 7692 3151 2102 816 3431 6515 1095 1570 4571 1904 8321 121 2718 7252 6419 881 8163 8858 8464 333 4160 8322 1301 523 4326 7604 2014 683 3170 2208 7514 6976 9745 2487 7252 368 4426 3081 9064 2627 
60 3000 8812 476 8131 436 8751 8681 9072 7648 497 3044 1155 5652 9984 2182 6643 1870 5228 8041 2251 6378 1857 4078 3744 6653 1761 1569 3644 445 4870 4047 2078 6770 4057 9856 735 5034 3165 2835 9961 2275 8159 1132 8971 8541 1402 4128 9192 380 9062 7504 725 2463 1634 6423 1935 7331 7595 6833 2168 3264 181 4909 7589 280 7289 4605 146 4255 4505 3340 9662 9167 1255 5807 9050 7468 86 5906 2652 8584 9062 6805 7701 5531 7298 9116 8915 9662 3606 7215 6213 3541 8280 3666 5547 1936 7990 1783 2877 942 
61 3000 3815 6316 1252 5226 2395 2255 1032 3399 205 1766 3222 1511 960 9252 5941 4673 6142 4532 4009 6801 8651 4151 1666 8493 9586 816 8404 3017 8142 952 7942 437 4642 388 307 9859 6685 8161 7054 9802 8429 8456 9604 6690 2988 658 710 1480 7961 7541 9044 4403 4088 1575 6916 7837 7020 9357 1111 7301 2228 4172 6855 581 3028 6678 4902 4969 1733 3712 1755 2642 3928 5222 2999 4150 5878 9332 9770 46 5052 5518 8345 622 3773 5923 2853 3790 6001 4786 1120 1070 7231 6003 3630 1716 7521 8811 5615 4960 
62 3000 7645 1592 2275 386 8372 3814 7109 6422 2864 6085 3387 6961 2207 8336 8739 6112 4065 6132 2865 1068 4450 5103 8381 3101 2633 3507 4779 6683 9164 2907 5521 6738 7030 6987 8251 4003 5930 8480 8134 8533 9676 4228 4323 1317 6724 8367 9551 4028 3820 3635 2840 6889 2786 805 5345 4674 415 6242 9318 826 1502 7591 197 9705 4995 7583 1822 6957 3273 5967 4775 8013 4549 9571 7843 4706 8395 485 2609 23 4397 2370 1168 969 3929 4889 6964 9569 5061 6270 8759 1985 581 3986 7718 5766 9147 3565 7628 5217 
63 3000 9571 5524 8235 4892 8214 425 1709 1221 9517 2063 2238 2252 9652 8771 8736 5525 3300 2855 689 4064 3553 8152 7117 502 4944 5715 8661 9327 9594 7620 2807 7248 6494 8898 2213 1698 3904 7600 6186 7451 4884 2974 5264 1369 5943 1774 8934 5273 8817 2700 6471 6939 5374 8948 904 9220 5638 8901 6103 7290 8944 4931 6996 4018 8211 338 2912 3462 7351 4407 4037 2491 1791 5590 1014 530 2127 2815 7651 7432 901 4922 6762 9474 2506 8219 9135 3479 6207 2166 5618 9061 2302 3185 2336 8994 1393 6592 9032 7713 
64 3000 6788 6657 526 7931 33 4785 1314 5387 9562 5829 3274 1716 2472 2520 6512 5447 9430 8025 3323 1122 2696 6634 5283 6543 7278 2568 3465 8141 5209 6908 1774 4479 2946 2659 3417 7862 1905 7932 489 4095 2105 7252 6693 344 8950 990 3172 1138 3131 2926 7482 2491 3650 5929 5676 4140 3978 5764 7521 9928 1329 3033 4840 6290 9059 3225 2973 8878 2202 4904 5367 7308 6114 6019 1296 8031 8255 8332 6694 5327 3089 9984 8125 426 114 6172 9870 8759 5011 7961 4143 5321 3923 9216 4431 8175 859 1665 1957 69 
65 3000 8219 8074 5273 8182 446 3566 2972 1996 807 5044 9529 9292 1289 8759 4267 271 5632 5987 3444 9801 5482 6842 5471 7786 9661 2206 9248 7664 6578 3789 5634 3028 9750 2316 2033 2370 6459 3828 110 1954 9524 4123 6628 6812 2211 1311 7421 9867 6251 6497 4473 9172 3000 2594 6141 3291 7714 1249 492 4786 6949 7909 1768 1846 9092 5001 9974 8025 8009 3241 3598 122 9829 1067 5443 4168 2838 2201 1600 9555 513 1326 3533 1277 7672 7902 3294 302 9750 8094 1865 2071 5204 4834 621 3115 1037 6003 5922 5804 
66 3000 1455 740 6825 1217 9640 3875 5924 138 2653 8489 3318 2178 9466 6595 3700 3018 2106 7951 6567 9786 9941 6989 9567 4547 7075 7876 4958 5927 2882 7696 9203 8860 5654 7761 5679 2457 9377 3045 522 6002 3639 9736 1590 3077 6652 929 551 3801 1409 428 8100 5210 4955 4682 2300 9743 796 2844 43 1873 4422 4952 1643 2847 1962 8240 8550 3557 1960 1574 4190 5539 277 8003 7928 94 8119 5450 2161 5531 3188 5518 2531 2540 3962 422 1264 7690 7097 8049 3638 5046 7951 5144 7568 5919 4239 8612 6326 6734 
67 3000 2810 4961 4377 5028 9550 7850 6346 3571 2409 3782 9107 2610 7551 5906 6999 244 8634 5955 162 916 9213 4303 6008 2038 8264 8145 3805 8732 8840 7813 2395 6706 9846 1203 1035 3249 941 6337 3358 6349 569 2046 4466 1944 7105 6778 1142 9288 3139 5531 5194 4451 2874 4915 9916 1939 2656 6329 9679 4438 4624 7278 2647 689 3488 799 6616 1480 6432 3026 7978 3771 6142 8868 3812 2937 6958 5820 7100 3139 4147 5898 5061 5824 6315 5695 626 6342 923 4568 7017 8693 2948 942 5470 8400 6655 6747 6070 3502 
68 3000 505 9977 1719 3678 5175 5368 5224 7493 4716 3216 9510 7764 829 6302 965 5065 266 4956 5901 9339 5358 236 145 9651 7668 5242 1752 2056 4769 4545 6849 5593 143 1749 8595 6413 6212 5171 9275 16 489 1653 5512 1630 4855 8493 6607 4701 7961 3506 6006 7521 757 3205 5889 7966 5144 9113 4883 6373 5748 2191 8904 6533 4828 5405 5120 4816 298 4400 9044 7411 6882 6316 4744 5702 393 6718 8187 9764 5132 4657 3704 9980 4416 5849 3576 6792 4232 3989 751 8568 13 183 4686 7601 6542 504 307 4230 
69 3000 977 1677 105 9082 9004 4891 9344 3450 4115 7726 4408 7782 11 4219 4259 8309 6128 3040 5031 1784 6289 3808 7744 8359 484 1519 9145 2577 9769 9106 5670 2496 4295 8126 535 6933 4461 7562 3953 838 5190 765 6470 8785 3331 502 5434 6598 8188 2152 4581 1096 5173 5005 6752 7961 2580 1697 9735 7739 1490 5774 5223 9956 8797 7370 911 5369 3362 7017 5707 6334 5287 7581 8074 5301 8324 4318 7492 1440 5393 3058 9051 5382 7242 6514 1163 2092 4222 8715 6404 1867 1188 7566 5479 9452 5528 5531 4308 1294 
70 3000 8313 8440 4247 904 8578 2425 5422 2361 722 8977 3199 1926 5036 8131 7769 7796 1353 9772 6866 7969 5829 3071 1606 6240 845 4044 5452 6327 8032 1233 6303 4112 4422 9517 1710 8016 1732 2043 7215 7492 8759 289 7817 9649 6912 2243 2560 3994 8862 8713 2249 5308 322 7763 290 4638 4944 7268 6655 8420 2354 5599 4971 5727 9297 433 2735 3636 3918 5684 4653 726 3166 6565 9109 8699 3317 2768 7750 2129 3629 9775 8201 6326 3120 8290 9908 3339 468 1798 3103 6076 7040 2252 889 545 3044 3873 4461 6231 
71 3000 6807 5096 1439 4590 7176 8616 7341 5670 9045 9579 165 2855 2009 1892 8110 5739 2142 2649 412 1124 6897 4696 1309 2134 3134 7314 7134 5468 8272 5025 6526 6768 4569 4526 3773 4115 6521 9751 5275 9652 1391 5049 9133 9326 2861 6499 7866 766 7810 1338 4252 9271 6216 5522 287 1937 4181 9410 9281 9902 87 1572 1070 8713 3873 724 357 6830 9434 5782 8175 2237 150 4051 6478 7198 7542 7533 5857 1122 3043 7355 6379 1560 2906 6335 1550 3328 6226 9661 5406 5750 6098 3701 2731 8034 3890 2936 2391 2763 
72 3000 6647 5019 3804 7518 7618 3959 6527 4624 9909 1428 2972 9024 3261 6199 4245 4270 3950 1698 9112 6646 7815 1692 6086 7418 6411 4097 8647 3197 6289 2911 3577 4444 1392 8272 2427 2085 8588 4644 6107 2259 6320 7121 2600 9190 6384 5868 7801 6180 8830 8670 9486 4736 9991 1625 4397 1808 3635 7946 8457 5169 5240 4897 116 6903 9402 8853 6807 5031 357 8480 4543 3257 5633 6047 628 8835 2832 6859 9498 8570 9529 6812 1687 2937 6300 8083 5914 8327 2875 2933 4301 7417 7414 5642 709 7669 8910 2571 2207 7948 
73 3000 2718 340 3661 3272 9203 2141 5446 7677 5524 2170 4288 5219 529 8185 7228 9093 2787 2189 8715 8877 1741 9243 815 5907 1980 4395 6557 6771 648 7738 6392 4928 7967 7598 7788 458 890 1840 7942 7932 9881 7300 9620 2406 8812 7348 123 3544 7997 7567 3375 7863 338 9563 5141 9107 608 2902 1362 6738 7848 5163 9625 2561 899 126 3751 5470 7051 4078 1506 4318 3822 247 5448 8910 3862 1363 6885 9132 2974 338 2971 2190 1276 9078 6915 7983 7468 5413 1324 2599 6242 8158 4670 9941 8808 297 874 1463 
74 3000 6542 291 2025 4050 7768 1509 4221 6012 7659 9790 6528 1201 1264 9127 3078 1261 9660 5473 8276 6001 9229 8675 5146 1885 4064 2533 6790 8658 1490 2985 984 4090 721 4414 7889 6847 4638 4083 891 7489 4688 4690 566 7590 8912 5057 1773 6982 3099 8934 3864 9130 5063 1936 4027 4624 2045 6598 3749 2805 1239 5562 8408 1505 3447 2884 9986 4924 9853 3468 2909 9622 1930 623 3013 8642 4462 1750 9632 3756 1700 2147 817 5835 6639 6944 1670 3346 3418 1164 5811 8973 2851 7901 9972 4363 1075 4636 1704 2999 
75 3000 1332 7662 226 1190 8867 4650 381 7199 8959 5329 9732 8488 8070 296 8774 7083 8126 7948 4275 3079 3915 9541 5739 6254 3620 2376 5001 5819 2464 1105 8933 8287 9495 7162 5294 3471 7482 6331 1685 8603 5948 4418 7647 581 7317 1068 9872 6342 6195 1695 543 1354 1769 7541 8798 6241 3341 3860 5322 1527 8971 6226 62 507 7262 4968 3063 246 2258 7727 8439 695 1475 140 1456 1941 7048 4648 8752 9577 15 7434 1676 8199 7713 3473 2750 3024 4309 9725 5261 9640 4453 6436 5977 1875 53 6577 985 7793 
76 3000 177 3398 4655 3817 4084 6117 1733 6971 7371 3722 2552 5256 1257 6912 1375 6143 4977 8149 7859 3195 1319 9845 1645 813 5268 670 70 7107 5788 9987 9011 4893 721 405 6848 811 4819 8472 1554 2576 893 3475 909 4346 4090 4378 5841 217 9296 4878 6890 5847 1667 6593 3799 8201 274 364 8227 3421 4887 5695 9592 2823 5873 8309 4032 7019 7227 5830 6497 8161 2721 1593 5964 313 5184 6579 3775 7949 8902 9472 5105 2571 5146 4841 3550 7458 827 9452 8839 533 269 6701 7680 5364 115 9170 7720 282 
77 3000 7352 9312 4637 5628 464 8261 2354 9124 3710 2764 6379 9369 4526 240 269 7460 4052 1963 5223 6738 785 4371 2793 660 7355 8502 725 8795 429 7548 1926 943 3738 2542 6551 9384 4227 6165 7219 9246 1336 4681 7353 7005 9401 7994 2645 7103 3180 7832 5645 6695 6506 4057 3478 8519 4065 9097 8678 1895 6299 505 3163 1843 7431 1643 5314 6331 6619 491 196 1646 2234 6577 2899 5888 9261 6043 4997 595 9825 4820 4143 484 6847 9944 6782 1326 818 8982 3992 5943 9706 7600 445 8324 1976 5238 6502 5875 
78 3000 2748 8923 3425 9790 3073 5202 1717 3547 2336 199 2588 9526 3781 7802 2542 3759 3165 5968 1096 8799 535 1157 1616 4719 5133 895 5286 8227 3417 4450 8193 9919 220 1648 1545 9646 3023 9802 5010 10 9360 8772 3182 7987 7343 4150 5168 4674 9317 8565 7306 3154 8635 1119 9003 4502 9562 4949 1699 1895 300 2902 962 2869 9143 1351 1693 9680 3753 2126 6478 7807 3565 2573 7043 2572 5307 3736 8848 3883 1662 6670 8802 9108 3039 6867 6103 4071 2476 6823 6199 2170 3669 6716 7884 1627 2124 3217 3510 858 
79 3000 9435 6422 2323 1968 683 4911 6935 2372 4968 8935 2908 4542 9057 1719 1473 3878 4166 8898 5367 4705 5856 6079 7798 4392 7069 4517 4538 5599 4271 4933 9132 6649 6737 9438 1245 21 8947 1599 8120 8978 6119 4619 9174 2303 2859 7647 3707 7181 4935 211 1747 185 4187 4775 8011 6405 6546 7427 8998 6689 3192 6683 3200 3017 4829 421 4446 1997 9089 945 8364 6482 1057 8161 1972 5322 6925 891 6393 1233 768 6303 2694 6789 4449 7474 851 8549 644 9070 1840 9301 8993 1153 2851 8432 5382 1121 5626 424 
80 3000 4342 3761 7929 1477 4576 9434 8128 4253 7613 384 2919 751 9584 5173 8159 3296 6126 1236 2832 3667 408 5567 6142 339 4282 3529 7725 3858 2566 5786 988 331 438 3358 9579 3053 3971 812 6969 2250 3780 7564 9175 2952 1803 7318 593 986 1199 5620 2967 7100 9382 5543 7479 9208 4167 1497 9959 2763 3050 1162 9232 9248 5610 5545 8578 2803 9037 7166 321 4967 6784 6366 3548 7553 344 5737 4947 3638 4152 2688 2771 6690 3613 120 3927 7812 6255 5241 4194 1114 6004 6498 1560 7205 590 8634 2689 4819 
81 3000 2069 5872 2509 559 483 3225 6928 6770 629 5928 8673 7531 1967 7000 6256 2779 1645 2921 6062 556 653 7448 7566 7377 3099 3543 1672 6729 8609 3434 2177 5692 7862 6800 361 9680 1233 7076 2703 5321 576 5889 1722 1445 4125 5617 9937 8209 4522 70 6961 4343 9969 3303 9716 2520 8503 6544 5770 2852 5402 3257 9804 4514 3710 2325 3201 5484 7891 9355 6762 422 605 6117 6544 6659 2610 8099 2827 8321 5791 189 2200 8577 9310 491 2782 8 8888 2249 2555 3102 9200 3914 835 2877 9409 7320 2857 3626 
82 3000 1817 3999 7494 1790 3637 9612 8092 6952 1904 6506 6440 958 1494 4402 9855 5164 6284 9198 1401 5810 3422 9907 3228 7508 735 3713 3033 4872 7254 9157 3655 2259 6866 7441 5787 1642 5092 1870 3816 8603 8989 5401 4789 6460 179 6332 502 8508 998 2110 2714 8391 3777 1265 1490 8600 3241 3467 6662 7092 2039 7709 2420 2039 9396 8619 5029 4694 2889 890 3667 393 3348 1842 4388 7671 2889 2101 7217 5512 6059 4412 6359 8719 4121 572 3543 1407 2449 6485 4485 8629 1060 5350 8479 6119 8265 8967 1111 8164 
83 3000 7448 7170 97 3599 6963 5390 4252 9931 3169 332 5577 5581 6575 3790 4474 259 1125 4575 8088 3458 6592 8579 1767 1073 4111 6953 3659 153 4831 2421 2419 1767 1689 3709 8056 2002 4317 8107 5893 1083 7064 2150 3657 620 154 429 1698 8980 3958 2523 6325 4782 6402 8058 6271 8518 3487 9891 2284 2297 2949 5416 9844 7722 1033 6003 4997 1881 2391 4551 3325 1468 3120 1176 2034 5032 6902 7015 5170 3348 4292 6164 1956 7910 5112 5734 8260 7554 3984 4036 1182 3204 8979 6889 6773 745 3398 2052 869 2014 
84 3000 670 1786 3062 3928 2381 3534 3784 5723 9428 8733 4528 4330 6294 9745 1182 7870 8454 4917 498 7273 2895 1762 9679 6029 1777 8274 9095 8052 9205 2353 8125 3682 1134 9369 4117 3805 8392 7847 4484 2095 2838 3269 1912 5392 6637 15 2705 2191 4660 1416 8249 9268 17 7942 9600 6425 2701 3507 5199 9360 1375 9904 1715 664 8266 9363 8005 8940 7197 5237 2208 6054 4740 808 1959 2501 4488 6222 7726 903 4464 3544 9277 7630 7643 9949 5272 2548 5608 9024 5974 6887 5326 203 9091 9238 9049 6327 8739 9677 
85 3000 7343 9329 7535 2004 5241 4037 1809 4124 1519 113 9944 6535 1097 2111 3845 8951 569 7656 3521 5051 6856 3760 4808 5349 8979 1249 203 8185 2965 7323 2832 8855 9874 6244 3539 6849 6950 8140 1099 1228 1899 5937 5563 4116 292 426 4717 2322 6091 3436 3674 7089 5302 9151 7590 1962 2753 3539 7503 8783 1997 1911 9298 1817 8334 4607 5796 9994 4972 803 1970 7280 2298 443 3283 1176 281 4301 7156 9336 4001 2162 7556 4317 2303 9132 2709 6444 9569 71 5943 4812 626 2151 9652 6406 8769 5540 2384 3342 
86 3000 6917 2211 9059 8246 1886 2877 4305 7744 1797 2046 8927 4084 6597 1207 9493 4887 1717 140 1053 1011 4847 6344 2973 2551 5836 2604 7906 2962 9724 2665 3878 1299 2890 5051 9505 2593 2333 4988 2330 6349 8071 4472 293 3159 8672 445 6313 9455 9902 1108 6011 380 6506 356 8544 780 7109 330 574 4327 2243 2107 3354 767 5500 4507 2947 1289 7809 1025 3560 2020 4838 4889 4017 5651 7522 2247 7340 1175 5714 3474 3471 1768 4966 2604 5108 777 6427 4890 6670 5844 9872 2489 6389 1153 9854 8266 1523 7799 
87 3000 4984 7734 6696 2288 328 9107 5363 3152 2940 1488 4402 5702 512 1172 1823 4892 3148 6087 7615 6322 8273 8345 7708 5354 8655 4932 1059 4359 3560 6512 9873 8091 3027 4365 2938 7180 5275 5438 2096 9756 7224 5540 1823 1189 8152 638 1955 1969 6471 6302 3518 3695 9629 5255 7701 3198 7137 3061 7939 4790 6724 1932 5134 631 3609 2664 5989 9227 2910 4692 4478 2052 5166 4276 6431 8291 4992 808 7255 7715 2855 1248 2767 1674 9977 2680 3163 2219 6364 2998 107 9351 1954 9711 6946 6387 900 6881 2049 3458 
88 3000 8967 180 5273 9133 4063 70 7552 162 9889 3117 3613 9347 2720 1423 7813 1538 1300 182 3107 7759 9879 3366 3137 7446 4358 7534 7447 8824 1569 3764 9819 7402 1677 7711 9745 2592 3709 7794 7012 2457 4202 1501 9417 6581 8985 9825 3607 7068 8081 9820 9048 7659 3729 5289 5108 979 1543 5587 1275 3911 4787 2559 501 1088 1774 5597 5658 6519 6399 4821 9137 3329 1787 2395 5555 1636 7072 1951 7602 4543 7301 6156 4999 2261 6458 2390 6593 4354 3617 6556 5571 113 2223 5016 7795 7046 2489 4647 3275 7506 
89 3000 6927 1025 752 3433 9001 4735 5417 9227 4900 5801 9747 2741 8444 6250 7473 4407 9110 791 671 4476 3186 5626 9971 8397 8047 5383 7904 304 9554 8174 5360 4646 2590 8779 1186 5924 4703 9956 4891 6571 2888 1871 2494 2942 3491 9662 5485 9438 5232 9115 2916 749 5359 482 6615 2230 8929 407 9527 8393 1204 1986 7177 9529 3181 2955 2262 6456 249 1994 2365 3386 3957 3161 794 8926 6925 8452 548 5197 867 8487 1406 5078 7743 1311 142 7580 4039 9336 3867 1342 8168 4395 6489 6249 996 927 8309 3182 
90 3000 9497 7284 8729 1887 3526 5167 2098 6971 5729 7183 6675 2025 4560 2527 6715 1866 445 797 7690 2912 5048 3919 4624 1679 3681 6212 3560 1396 830 2568 6151 6758 8804 4763 7371 6792 9516 5889 6359 5858 9384 2913 381 2764 7358 7361 1921 8018 6072 4127 8898 9194 6124 8404 8000 4434 3475 746 1154 4062 9977 250 5115 337 7028 5865 4179 5318 2346 5824 6025 6864 9874 5204 678 2756 2804 1611 2600 2938 9733 8985 5904 9893 3938 9538 2695 7137 5782 3809 4534 5840 8233 8848 7027 9574 5527 4526 7543 7181 
91 3000 4937 7969 6050 3770 1680 6116 9082 9842 6943 6399 6828 8530 9034 5558 3348 974 7661 6570 9912 9816 1334 3710 1464 821 7892 5733 6214 2623 8157 7182 8351 4597 2708 7825 3884 2855 1786 209 9604 4365 8321 5349 5180 9200 4082 6531 8367 906 8960 1248 3350 5001 3363 1261 2208 5596 3750 779 9501 139 1276 2768 9992 2285 3579 3387 9477 2898 9673 4545 8760 9166 7982 4584 734 1850 7487 7089 601 654 2008 7820 9212 7722 7604 9772 9529 9258 3100 6358 6215 5275 3742 2719 8354 7461 7970 5155 5283 5179 
92 3000 7324 8683 5562 9587 9471 2727 9065 5886 4353 4918 2188 3686 3472 3033 6198 5507 2286 5053 8691 3399 5739 7345 8182 3686 6912 972 1826 9841 8801 6126 6250 3476 9222 4685 1525 3470 8833 901 8249 3211 2290 203 7767 5968 2525 6136 5510 8386 8144 5416 7457 2110 3961 1112 9728 3527 4643 3962 1297 1642 1492 1799 9832 4069 2348 7111 661 1157 4613 2729 8863 8231 1405 5631 4477 5967 835 8878 849 8888 8410 1670 6092 1982 2561 7532 7679 5451 3293 624 155 7581 3963 171 5978 5738 6186 3021 9486 5489 
93 3000 7856 4334 3983 7849 4304 6387 1956 4651 2572 5505 8416 2043 8815 7126 7359 2109 8834 8978 1362 2614 1719 2394 4289 4875 6634 1740 7140 9761 2717 1976 7012 1808 2107 4340 9184 1469 6096 155 2343 5485 4406 2766 6912 5379 7593 7595 6522 4081 2574 324 2602 668 1278 3208 2088 3241 2424 9505 8270 9918 6425 6036 4752 7956 3411 3868 2544 996 4388 7123 276 4437 5507 9910 7538 8927 5476 1387 1344 1990 6078 8941 5725 7769 5829 9500 4440 4895 6754 8964 6818 2488 4291 9763 6722 4275 313 6543 4639 834 
94 3000 9287 9974 2895 9973 7546 8683 3996 5215 5696 9313 2090 2429 4139 4704 7559 4571 1728 208 4735 4555 7544 8114 2736 6251 5798 216 9434 3606 3857 8487 8543 7888 3400 3896 9837 3060 4692 3335 2486 9272 3985 4683 1521 4489 4052 9985 7429 4228 7833 6765 8860 9436 5213 7454 8474 2486 2928 6956 1902 1292 7589 8324 9835 1562 1836 6573 3242 7165 3614 613 1710 8629 8577 3308 4904 9761 5614 9658 7161 2394 5501 3108 5205 9257 2681 9982 8984 4972 164 2044 5639 5174 7553 7175 6589 3759 2201 8190 7749 8255 
95 3000 3483 9765 2869 3314 203 3499 0 2338 1117 1095 1081 7224 8590 5672 4658 6233 5369 1196 1718 9988 4488 40 4660 5594 2295 8666 9382 8885 4603 1435 495 4796 5969 2540 9665 5856 2096 6065 7074 8812 5358 4169 6016 9372 3457 3393 607 5081 1196 9093 6625 6314 5383 8004 5478 5394 2859 8917 1291 3844 1650 1491 1120 7756 5242 3185 8297 1285 9988 4318 8890 8273 5632 1254 1292 1992 8960 7706 8942 3019 582 4173 6158 5228 4831 5499 7107 9915 2791 6554 7890 8040 8448 6045 1762 601 7972 8448 7469 7131 
96 3000 2112 4068 710 2315 1732 7222 8735 739 6456 2547 8051 9763 6447 9432 5268 511 7315 4582 1060 6999 8134 2697 7258 3376 2606 5282 7061 9298 3328 7578 8379 3421 9201 3626 300 5028 5955 9447 2671 3767 9802 4351 8823 7530 4212 369 1406 8442 9816 9817 1352 6989 7435 972 9969 4259 4230 1887 4153 2313 2980 2322 4731 2687 4486 3802 7921 3005 3095 7802 9926 1730 5356 2054 4647 1036 1795 4983 4522 7800 1817 8262 4495 2726 1737 7500 9099 7591 5928 1047 2679 615 1099 6929 2725 9956 3700 7907 6339 5337 
97 3000 447 4659 9827 7783 1975 7092 1410 7499 9617 3770 7069 9864 5302 9479 9503 9552 4587 905 226 2777 2807 447 4778 7668 4354 8147 1062 2759 5075 1751 817 3616 7805 4893 4199 7579 1017 3400 7502 6634 597 9730 3996 8413 4751 5528 7891 5308 2028 2310 1425 1722 2476 271 5086 9441 1915 5223 943 1125 9344 3645 9118 1934 7466 5874 7369 9273 6339 7413 3812 660 157 8359 2757 9727 7148 969 3671 336 2607 5337 3273 8830 5041 3207 744 4399 5452 9905 6070 7582 9740 4399 1506 6883 4223 7478 6163 3520 
98 3000 4298 8067 3728 4293 6215 7657 3301 2585 1975 2864 3358 7479 7367 6110 8845 1004 3109 4439 1390 3510 9136 6443 2644 7161 1994 7324 745 7555 5372 2077 9907 3473 3753 6799 3139 4750 9191 8122 8079 8267 1215 772 5965 2077 9853 3252 3718 7650 1789 1653 9163 241 9635 1583 9366 7390 4339 8230 2098 5541 707 4543 428 4788 6060 7542 433 1746 2006 2750 2044 551 9349 6754 3005 1973 6111 7887 5967 671 8687 5035 8701 558 6121 4575 7436 8299 7508 5429 3329 4933 2524 2251 2050 5617 5076 6733 6499 7500 
99 3000 79 7041 2646 5717 3361 5371 8494 7509 4686 3636 6170 4473 3911 7269 7143 2928 262 7165 557 2417 4733 9730 4703 2323 5618 5072 1602 6616 7160 3307 4727 6728 1331 8992 9836 2544 2732 3684 8943 1526 6622 6623 7402 5958 69 3542 4128 8318 6229 3602 4930 4774 1746 4444 8981 6803 7283 5381 8408 939 1168 8701 1003 6647 6181 9102 6066 2312 9445 1252 3367 9366 5464 5471 5240 4532 2268 1540 1794 195 692 634 9254 2898 6780 5382 1429 9964 7314 8050 4296 4241 8459 6848 3718 6974 7549 368 6286 8800 
100 3000 7983 137 3279 8872 7258 1304 7759 2099 8114 1447 4780 4525 2820 7509 4733 6819 568 854 9810 5898 8006 451 3591 4674 2889 4186 3760 9924 855 8289 7948 8287 5328 4899 2694 383 548 7743 5535 3063 7717 5949 224 9776 4284 5975 5067 9067 6341 1670 4387 1198 4154 2460 3118 2895 816 9649 4517 216 4019 862 1004 9553 962 2598 8125 6744 6378 913 1646 4329 3683 232 7766 6914 9253 280 6456 4670 9832 1142 7924 4955 3054 6447 2206 2056 1097 4673 1879 5066 7461 8587 7903 3876 6869 2795 8585 3295 
