FILE: 2023UnifS.txt
100 100 0 
1 3000 9377 6356 7829 5370 4166 7196 872 2350 1615 2935 8654 6502 7946 2526 9931 736 6456 3004 6812 3025 8352 486 9658 8970 6722 9288 5117 2479 3620 9176 7266 4579 284 733 1900 347 473 8857 3923 3968 6935 4380 7886 1923 994 3819 1629 4293 5268 7242 3067 4194 9505 4265 86 5337 9551 8176 3577 7709 9437 8178 3580 1385 6598 9761 8568 8458 209 3199 7848 3099 2650 171 7085 9743 4099 8505 6960 9394 245 5051 4941 4059 3125 6678 190 9309 5094 9392 1590 4962 5912 5586 8893 3889 2959 9406 7003 8951 
2 3000 4575 252 3377 8053 6525 4399 8548 7335 1588 4737 9782 2473 2275 8649 7855 8117 6663 4004 6953 5448 7366 3279 7700 7862 3622 5805 3313 4778 6506 8135 8876 3574 7273 2546 3743 9641 8823 3656 7068 4573 287 3169 6453 2467 4747 2752 9729 4367 71 5023 9856 813 2881 2679 2953 2530 5642 5739 9448 9237 6876 6916 8356 6575 4504 5110 4679 1174 2308 7034 9941 3828 9522 6957 5829 812 3550 4577 982 3307 5800 1013 883 4965 652 2933 894 7591 7548 4794 2405 4951 6209 9214 2112 4703 4968 5472 4417 8461 
3 3000 2243 6124 6961 9975 1120 1754 9269 1442 7073 3840 4534 7934 8800 5755 4515 9965 2192 1884 7568 4168 7418 4872 9792 2105 9143 997 9315 7205 9868 3663 3690 9814 6392 5020 423 387 9405 5715 629 793 6203 2760 5806 3748 6524 5527 7736 373 1516 9872 1518 5883 5826 379 1716 3387 2817 732 1635 5829 2903 2211 5729 6042 5019 312 5123 4936 1206 9494 6268 7801 4330 6052 2717 8745 8922 9109 27 3250 5136 9740 3791 8859 5850 8219 784 3980 6870 9385 3242 4823 276 6146 6268 458 887 1091 8356 5995 
4 3000 5847 6245 5042 3901 7343 933 5687 3424 8445 7779 3372 8156 2068 6830 7932 1720 3065 7795 2104 1571 3440 424 806 936 688 2997 3539 8870 9260 8951 9915 8439 5155 1623 8309 3029 3630 7120 7636 783 45 5318 2252 7152 3824 8983 9984 5588 5547 1013 3283 6345 7166 9814 3495 3416 5339 2794 8274 9590 7902 7983 2097 9638 3456 3781 9927 1621 4080 6830 3984 6319 1172 8005 3649 4799 4418 6541 8494 4087 3874 2276 4428 988 5186 6023 2982 4010 7931 8065 3705 3428 7077 4778 9696 9467 7576 3375 6252 8611 
5 3000 2081 4780 2651 8032 1779 4618 7048 8156 364 2346 4505 3340 1120 8489 8148 685 7140 17 3435 6966 4665 3840 5565 3695 9547 8429 7 299 6842 3559 6143 5436 3522 8186 4057 6419 4316 6438 4428 6785 675 1740 1564 1970 2862 9056 9549 3121 5166 5264 1524 9033 4242 7649 2087 6201 577 526 2824 7007 3080 9986 956 6031 6792 6765 1122 4479 3734 7243 274 2746 6865 2564 5714 1099 7176 5882 6239 8483 3902 7730 6419 9459 7864 9521 4003 9257 7931 5163 444 6964 615 811 4550 6831 2779 2734 9265 7708 
6 3000 7484 3313 1568 599 2948 5161 5502 4351 4639 3370 8325 9456 488 5882 9790 9991 9231 1984 4545 3673 1872 8930 7660 42 6274 6689 3281 6773 4873 810 6407 4105 5519 3427 7791 7406 5438 2372 1971 7849 8326 8426 8415 1225 4562 687 5808 4878 4545 68 9446 2760 5164 920 1768 8615 9383 773 6007 7291 8962 8210 2967 4169 288 8864 927 2726 3348 9539 8666 216 3814 452 1616 1477 8262 5611 1141 868 2507 1303 6938 2329 3070 2724 2562 7556 1769 8718 4085 2321 3434 4650 1866 897 6743 3405 5458 8621 
7 3000 8191 4504 1633 2574 9179 1355 5536 395 6228 6621 4961 7209 4318 5718 7753 689 3354 8435 2338 4238 7757 8678 1373 8300 9178 2348 8524 9788 2335 3327 8366 9650 3982 7608 9417 8548 4997 5537 282 667 5598 2185 8936 5649 3679 5842 5124 8652 6280 4643 5891 8535 4174 1309 4228 4161 9583 6019 859 8839 7015 7410 9134 2875 7234 1693 3062 4260 4344 9903 8461 7477 6010 3268 7237 436 6791 6705 4784 9529 4611 441 514 2818 346 9762 1508 1341 537 2881 9293 8548 3235 6934 9744 7855 6961 2102 6113 8333 
8 3000 2797 3858 5181 8512 9604 3338 6533 8317 2356 5835 4965 9128 3612 7421 6004 1961 8098 9694 4570 3776 430 2651 6745 1914 5946 5677 4678 6652 4676 6675 4616 1890 8431 9306 8049 3956 1017 8362 5996 8542 1575 3262 6398 5762 1045 9674 4656 3338 1758 9259 7272 7901 149 7545 8635 4434 2598 9920 920 3826 4393 5756 7114 8554 1823 651 7173 6495 7390 6806 7293 2857 8149 1515 2318 241 7175 3792 1263 6820 8151 9110 5970 2651 3084 2280 2883 4107 3144 8441 7950 6437 2627 2184 4654 4448 6049 4797 5160 1315 
9 3000 8360 9637 4596 5512 8279 5624 8456 5875 4765 8867 3122 4782 6604 2403 9523 9462 5124 4074 9909 1431 33 2520 7753 4047 8389 1303 780 8196 6685 1149 7118 6101 6065 322 4575 3254 666 3118 3044 8475 9079 6490 26 2096 8943 4790 9287 2270 4656 2642 2632 9403 8218 5936 4810 8715 3195 955 1537 920 1808 1611 653 1040 5146 4827 6399 5331 6512 4026 6815 6352 7880 754 4271 6136 9493 4428 9121 7510 2569 202 6474 3522 5150 4969 6103 5002 1058 1480 5469 6244 1992 587 5874 8815 2740 1620 1738 3492 
10 3000 9517 878 3001 315 1433 8251 652 6774 5081 1969 5381 4118 2253 1470 9353 1786 779 8397 1116 9969 8491 5720 3623 290 316 4982 5388 4614 8486 1668 4762 1984 5883 8702 7335 3675 2500 8071 6464 6384 5034 568 6925 3529 9596 3663 1690 4693 7557 7500 1830 3176 4509 9019 9542 1681 2354 4200 4302 6121 4523 8436 2141 7555 4311 5029 8050 2244 6346 1808 1502 9837 1176 5880 5110 9679 2986 6498 6404 5241 435 6057 2727 6684 624 9216 9271 1541 6183 145 223 3522 5489 7892 3045 9453 6002 9886 5876 4331 
11 3000 734 3552 8060 4509 7836 6059 3795 9003 3313 2192 8915 8927 6865 348 792 5053 851 6655 1357 3492 2379 7221 3260 9503 8523 8503 9144 9427 4657 5805 4048 748 5928 9896 933 271 1838 1759 9335 436 3964 5462 7144 3751 6796 9151 5504 5344 1702 4177 6842 3658 4019 2333 6019 9249 3264 1236 4608 1725 6478 7813 8298 4804 4691 9931 7417 9497 2509 6134 590 5416 829 3524 1511 209 2682 3747 8849 7118 2193 7123 9273 662 6678 4885 3608 445 1850 9556 6107 3094 166 3441 6857 2310 2288 5249 7307 7059 
12 3000 1675 4840 8915 7876 2296 6095 4934 1301 9472 7914 5306 2434 3837 3336 4695 5626 8432 6782 3634 3278 8920 9432 2810 2782 6921 2717 459 1577 6482 9942 2896 331 3662 6029 8169 4253 9254 5392 2835 2523 4618 7932 1860 5854 646 3157 1651 2174 9859 2427 6205 433 1613 9330 6388 2539 445 8172 2335 3415 7536 601 8981 9186 5297 356 4709 3482 5092 6132 3132 1875 8071 2580 7992 4439 9136 9428 1188 6429 4033 8725 3929 7095 9568 216 1010 6610 6940 4833 8219 1135 8214 6319 2856 5997 5905 976 7393 6998 
13 3000 5698 5531 6247 9854 2282 3137 5685 7747 8319 7491 6850 7014 6532 5081 1911 949 4922 5558 3347 1746 5106 231 6342 548 3780 8688 4316 5636 7314 3543 7577 8738 9461 3307 5098 9458 2202 3383 9421 7841 9709 5187 4681 5051 5431 3398 7761 2183 2316 1322 2568 7193 6144 4394 7437 9963 1998 1798 5656 5478 3847 6211 9119 5136 7269 1676 5107 6186 5284 9596 6183 9281 7320 2860 3228 4165 1307 8081 1586 3480 8886 5975 344 4701 3756 9853 4736 192 3131 2243 1670 5394 2334 9635 8377 5129 2512 5355 4192 8035 
14 3000 1477 557 5454 9127 7666 3349 3535 477 7235 6034 5992 27 4273 484 843 8516 4143 1636 3973 4545 9942 9113 9655 7758 2098 6968 4208 151 1078 1560 2773 5503 3233 7545 9214 6939 9759 1998 9146 2612 8792 6661 6087 9509 615 8315 737 5387 6006 7272 3378 8833 7697 4000 9404 7444 4967 3866 7970 4139 1355 9 3772 1589 5503 4338 1948 4779 5115 6647 6107 1692 4054 1867 9479 2111 2550 5436 9195 4562 546 6792 3686 1365 4157 997 3213 1823 5266 8482 3519 3527 4233 2919 2606 1790 5738 7216 637 7207 
15 3000 7747 7639 2962 1339 3597 6057 6275 519 7218 313 7887 7789 1464 2724 8127 2954 9588 6694 5876 770 9822 1470 7214 7252 3099 5006 7197 4105 3890 4959 4764 1284 4167 7815 757 7678 498 6133 9083 9920 4256 3913 982 9316 4962 97 2435 6908 6752 185 4689 6657 7961 5986 7912 6749 3844 3486 7965 9031 2409 8845 6311 6569 3391 2518 3037 9331 332 1501 3010 7997 5803 9703 5151 5891 9741 6441 4842 9040 914 3060 9447 4357 1510 7683 6969 5954 4854 8077 7829 9567 6248 2654 9760 5124 6931 9589 5846 7422 
16 3000 1176 4066 5663 4938 6499 3650 9565 6762 7002 1785 6080 7658 9836 9412 2443 1244 4793 4715 8245 1301 7020 996 2209 1211 2856 2666 2095 1509 8802 9369 7729 5573 3606 8230 7150 3426 3481 4220 5891 3678 445 8659 9382 3575 3783 5832 8474 7189 4638 7738 8095 1727 3729 6959 9025 1960 2185 7659 2798 2785 5516 4702 9731 9907 697 899 78 8649 6389 2380 8302 885 6273 2091 480 100 5518 1412 4834 4568 371 9904 5378 8668 870 3183 8697 2313 6687 8913 3850 8511 6088 927 5398 9047 8028 1477 9555 8291 
17 3000 7361 1598 3465 5133 3186 9612 7607 3043 305 7744 1318 8251 3817 6869 1451 6058 6833 9385 4145 5268 1312 207 9734 750 2031 5888 773 4117 3672 1867 3188 2538 1036 7839 553 5670 2386 1250 1495 717 5908 8919 222 5613 9304 6787 171 333 2505 7782 788 6323 3512 7821 7434 4061 7359 9926 4403 8739 8207 6476 1084 4076 4553 9571 1233 4243 7574 9534 5376 3930 2590 1530 6339 6527 3657 312 7895 429 1275 3091 6548 3476 3237 533 6430 5504 8586 5883 7331 9037 4709 2206 5851 8089 7549 7760 9677 5100 
18 3000 4950 9494 4984 5994 3115 4668 6965 3365 6201 598 3482 7782 9033 2527 1843 7224 2940 9624 8706 4641 4725 9101 3104 3634 8753 8462 2597 2264 2165 5873 2554 4989 3217 8660 8549 2719 2747 9925 1895 1001 8765 3300 8288 6326 4166 5809 9594 567 7571 8872 8745 3532 7291 7420 7765 3652 8417 7148 8928 6787 3038 9877 9034 3160 3574 7060 6806 2416 9249 1393 3423 6807 5673 6572 6172 2498 7563 5153 5221 9002 4581 4556 3527 6738 295 1184 9859 2715 4276 2669 4953 4342 7307 8240 787 1358 9725 7224 2985 5895 
19 3000 2885 5664 6345 657 3752 1068 3489 5233 2614 5275 6643 526 3921 5456 2537 1318 253 3235 433 6946 9407 1928 3278 115 4611 1926 1983 3834 7868 4180 2820 6467 6418 1829 7956 4924 2328 9942 9099 5966 5206 3393 4281 5639 8044 2852 7755 6834 6178 8912 3029 4967 9385 4331 9011 1793 7089 4404 9292 7334 6707 5460 4543 9942 5113 1480 8050 4481 3227 8850 4358 8634 3729 9223 1053 7339 1899 522 3666 5346 9584 6060 3695 7902 2287 1782 9760 9559 9378 1641 1883 1107 7441 1091 8887 4631 6733 8710 8922 6700 
20 3000 776 5944 3123 9671 9070 4982 2381 1122 2938 4746 7251 1415 4484 5019 973 9374 8688 8684 5632 6101 8619 2102 1428 6900 3773 3603 9083 1345 1542 109 5368 1456 1800 1880 1753 8013 4620 5387 6184 4988 1112 4304 7992 2100 7392 8631 5910 5506 1666 1943 9233 6603 4449 6755 2095 8962 1903 8025 865 3393 2303 4769 4682 1120 5626 9812 9104 5096 6265 7655 2883 9434 8873 473 7872 6964 7322 2238 2050 4921 6797 961 5673 8751 9008 9067 554 4042 532 1887 2464 6587 4280 4283 6659 566 4079 5394 6533 4855 
21 3000 2396 1502 5396 7458 1172 7035 1374 8066 5787 3682 5438 8742 2155 7645 2558 2730 6933 5004 5976 1386 862 5217 4614 9237 5236 2743 3595 7168 1487 6780 7900 3727 3901 9146 9144 4559 5459 267 5479 9967 6801 3305 4619 592 8318 6397 9995 1227 5364 3033 31 2743 6594 546 546 2153 5436 6739 283 797 4675 4625 9560 645 4167 5302 2047 8734 1685 8950 9671 9727 6878 3948 638 6595 8363 4123 592 9426 3939 4121 6887 2361 3929 2903 5993 8647 7644 5364 4019 3828 2969 2082 371 7046 9085 7189 4525 482 
22 3000 2303 4362 5931 6907 5031 953 7040 5372 7864 226 9457 5014 4797 1735 3216 6988 1568 9816 9187 4529 7121 210 4598 1133 8196 4807 1691 6866 7043 4522 9498 2800 2264 283 8743 3567 2774 2162 9870 8047 4898 6611 4196 8175 2576 1841 8187 5872 712 1315 861 8108 1633 5368 4315 85 4682 954 7377 6540 8929 9518 2385 1187 9017 2993 5088 4269 4121 7917 7672 8244 41 7682 4918 1595 4416 2907 3471 761 5063 9930 4248 197 1443 7430 7964 557 9252 1176 3786 5004 8132 6895 1106 3641 2515 1270 4448 6072 
23 3000 5586 1059 1493 2085 6370 344 4229 461 9955 5899 3236 5904 821 689 5079 4105 9315 5488 2841 4923 1234 8628 9776 3692 541 3869 6083 659 5209 6394 8808 8537 6181 6931 4875 8194 9461 4001 7238 2456 1331 4284 4153 8047 6689 1122 1587 5643 513 1134 8741 8055 2453 8965 6705 6541 4545 157 233 5240 2050 2144 2648 3725 7421 3374 3866 7693 7390 556 1551 7768 3184 4029 5392 6440 3866 1259 4504 3121 2799 8459 7958 7326 7235 340 8429 9987 1031 7975 8978 2882 489 4799 2951 6196 3320 730 7008 4205 
24 3000 732 4415 7276 9081 2651 3600 8623 2831 6054 3628 7064 7350 6438 4056 5287 2610 2407 3409 1307 2964 3389 2041 237 1583 477 3139 9200 3011 390 1841 5348 3853 2565 2481 7020 1581 9372 3965 8015 1466 9455 3258 4998 1641 4193 7016 8024 6279 7294 1324 4195 6908 7508 9571 4430 1840 4466 8443 3377 3730 7646 2048 2430 5262 8464 4160 5891 2954 5486 8589 239 9095 2769 7680 6538 1803 1329 8931 5963 3207 3724 9742 8450 5756 1776 282 4478 6653 7406 4490 9964 414 6602 9194 4300 9553 6506 1355 1496 3385 
25 3000 5630 3441 4464 4966 7198 6923 2418 6149 5608 3893 1399 767 6022 6815 7932 5941 7082 6391 5799 1518 6749 7560 5944 7624 1271 3620 9501 349 7266 8470 3943 5559 6944 6986 2362 826 6443 3515 5869 5487 7295 8494 9127 8831 1014 3198 8996 6401 6814 2614 6314 4435 2446 6432 800 2419 8166 8167 9080 3774 3821 2410 5839 4663 9066 192 8100 923 6705 2486 2625 3130 9152 1824 6442 9773 8026 2046 501 8570 6861 6169 6443 5901 6948 2385 6513 4361 6302 8179 6580 8451 1747 2579 2291 8381 4136 6526 8350 2007 
26 3000 6685 1366 917 4886 6445 5477 3139 8465 8885 9013 3803 6384 5612 6773 9106 8913 5207 9198 7567 5510 7192 1496 8048 5502 9121 882 907 6900 6791 1953 2280 3323 7585 183 1477 9068 6936 3544 1513 2281 7917 2253 2760 6279 3955 6641 9722 8971 4673 3151 943 426 4850 8460 2027 8552 6518 1722 1795 2904 4170 4941 1563 6622 3105 1467 7539 6484 889 2617 6359 1095 1948 2420 3730 7190 5280 491 6213 4072 5297 3024 6124 6171 5789 1914 9563 3722 7014 2005 7561 1580 5912 6457 366 6150 9446 247 4835 447 
27 3000 1068 1787 4971 7278 304 2669 5569 552 5474 5539 8996 4715 9531 94 5093 2304 9023 7199 4200 9636 6186 1134 3314 613 4156 9968 5360 8656 5311 4053 1597 6766 2736 2646 7145 5704 4811 8653 9636 302 2927 1504 993 3897 2327 8143 2331 887 6067 2156 1984 7417 2110 1013 6660 189 3540 1440 5715 3388 1900 2914 8557 3752 3657 9287 5175 3746 9796 8528 9788 2874 8527 600 7624 7116 1134 3448 4821 6479 932 7128 1460 689 5362 6047 7707 2992 1203 9339 3101 2094 2914 9359 8949 2216 4096 8300 3857 1277 
28 3000 2084 2948 2382 7205 5663 7545 6807 2370 5905 4790 2047 6142 134 4956 3671 5573 9018 3141 9062 4209 6784 4634 1687 9022 4554 8417 8504 5467 6814 8778 485 670 1002 5066 6276 4730 224 9556 8964 158 9090 3447 5989 9435 2685 982 2165 693 8655 1698 5834 1525 2421 791 8144 920 5522 7618 5454 9318 7077 2313 4855 6798 8377 538 2827 9384 597 6350 7014 3478 5641 3199 1131 8420 100 3048 2984 7172 2348 3622 5628 5126 2754 3776 1642 7035 7019 6990 533 2077 2648 2996 9261 7034 8533 7517 5892 7603 
29 3000 7673 143 6378 7827 3009 325 4455 7657 6393 1496 4675 8634 675 3319 8553 7697 4919 2056 3851 9117 2745 9065 6973 4557 3790 7419 8497 1252 8298 6658 1829 8322 4839 5652 4974 1203 1145 3604 5443 4206 8075 9168 8281 1201 6710 7693 7217 4424 8558 6599 8940 1413 8903 8869 505 66 3267 4674 9860 1824 6997 1115 9495 2978 7984 95 3223 4106 2500 4317 6078 7629 4163 1404 7349 3496 6030 6147 6725 2992 5807 870 3579 671 4193 3934 9363 4417 6343 6353 3144 3623 6457 6542 248 5505 5497 3187 4045 9531 
30 3000 2025 6241 843 9985 6168 6048 7923 6642 6711 586 4687 3587 1306 837 6938 6139 9817 4288 4279 5918 782 6548 644 4022 1004 1094 7946 2339 8267 7145 2859 2979 7172 5657 6718 5835 8106 3441 8547 4263 9330 5414 1209 8894 2193 4967 688 9566 9475 2460 8486 5382 6846 1849 7154 2895 7464 5425 8945 2416 9681 6687 7586 2447 7891 1343 3188 2240 6489 6424 267 2481 6962 7536 8899 4099 8108 4225 8998 5199 9369 3481 7715 6118 7301 1350 9970 2614 5163 2689 2103 7171 5630 9029 8646 8432 6635 4579 2235 8760 
31 3000 331 340 6628 9920 5185 6356 2865 6888 1188 2080 8538 9786 8199 4878 199 3937 7409 6642 8887 8053 5927 8540 8777 540 4501 3889 8959 3933 8353 9145 8340 7456 1146 3031 3675 7702 2073 3777 712 7446 6072 4498 8477 2576 7168 6681 6671 7150 4934 1816 6200 6585 4083 1134 2825 8958 7184 3482 3943 4448 498 1319 8487 2888 2947 4837 9952 9451 8203 4206 2550 8459 9900 9945 487 5316 9977 1421 363 6567 140 3465 6703 8081 6457 1123 604 1361 7066 2525 1520 7975 3020 9881 2157 2117 2249 8601 6504 1289 
32 3000 6652 4545 986 5111 2309 9389 8737 2254 2825 4125 7008 5499 5791 680 7691 4917 2375 1663 973 9185 37 8236 2110 5012 8371 6110 1334 4704 8065 9665 6877 1840 2995 4199 1126 5090 5439 6296 9896 140 4416 2324 4837 9755 7150 5053 8960 1964 3662 8408 5287 6364 4485 331 8631 8557 1501 3785 499 2708 1908 5871 7116 2227 5309 5073 578 8579 3928 6633 3135 8219 5949 6046 4584 7648 1980 676 2804 6596 4646 9511 7405 9335 1299 1027 6505 4109 9862 9186 6635 691 7792 7559 5764 6072 4169 1570 9451 8266 
33 3000 4914 8867 123 8242 1126 7821 9480 9986 547 4141 4018 8686 2153 5628 3683 7033 3868 5041 3651 9664 3406 1093 9225 5713 2231 7573 3868 9499 2653 595 350 9334 8037 3965 5031 4455 6148 2678 5259 82 5612 4539 9897 606 5507 9913 2980 894 8080 9589 489 5722 4582 783 251 7335 4239 1254 4971 1132 6336 1553 8384 9471 5435 5393 4529 3606 9717 8146 152 3745 2440 3463 237 7231 6537 8019 6653 4853 2324 4389 9938 5280 8343 2037 4194 7617 5329 6443 5120 2092 3294 6347 1160 8861 1747 9119 7785 4945 
34 3000 3033 4256 4892 9286 8795 5004 7331 5932 9568 8102 8560 5346 7488 1657 7420 3836 2140 1134 8039 1119 9514 3483 2859 6002 4103 9382 8786 190 4111 3608 6472 218 9798 3535 2711 7515 4940 5753 5975 6583 1425 815 5056 1307 6962 6109 853 9388 5923 6853 1267 4903 3310 5215 9232 8987 1840 7562 3868 8643 2167 9828 4757 3674 6213 1014 9343 1744 3640 4803 3464 1558 1436 9313 5001 4174 6634 4964 658 2435 2144 474 5860 8529 5728 6981 7785 9669 2082 292 1515 1907 8052 1246 9311 2061 978 4221 3018 7782 
35 3000 156 3746 9592 5728 1427 9250 9752 7881 4892 7937 9754 5975 5755 5775 6301 4057 8284 6623 4563 9171 2903 9475 9333 166 6405 3829 9304 4628 5296 3187 4471 3940 2254 6673 6656 6467 5723 8781 3165 8864 2626 7245 3562 5504 4206 9037 9572 6048 4990 4483 8111 1116 4880 9516 7431 6106 4366 6042 6407 3121 2867 439 6932 1029 197 176 9449 3649 1150 8559 1598 6058 3223 7606 1 9023 7448 9038 5157 1562 2360 3402 9472 1628 1090 7320 8415 4913 1573 8854 4788 1789 9893 1008 6135 2359 6748 3346 5266 9646 
36 3000 7036 1739 3910 899 2573 6235 9492 7028 7932 7057 5036 161 9409 8723 2194 9328 7108 2290 7393 4273 164 5730 1118 7380 5075 2423 312 3741 7172 7777 3903 9331 5206 3976 1456 7323 9065 2851 4954 2517 611 6875 3694 3903 7648 8286 2320 5341 1011 6331 1972 4370 4778 2638 4567 9142 9613 4713 195 3485 9231 7559 7654 77 9986 3423 8095 1765 3586 9668 1807 990 2935 4770 8111 7351 1094 2434 8395 3289 3375 3848 2260 7890 2554 8045 6804 8824 7210 408 9017 2402 3190 9284 1314 1758 8203 735 184 3160 
37 3000 9526 1405 7971 443 4854 9521 7771 7565 6258 4009 1464 9295 7276 1744 865 19 3130 2917 2000 673 4065 4536 2510 3802 1813 2044 2178 6746 9182 9066 6581 2945 2774 5278 3866 1374 8821 2409 4656 4105 2154 8353 5072 1983 8290 9423 2893 8443 8646 720 6825 1437 8881 4627 8907 3496 362 7431 42 9914 4750 4070 8642 5054 1717 1004 2412 6783 9787 7211 3248 9031 297 3306 5265 2476 4493 8791 5952 3347 3739 7423 447 365 2859 711 8940 9795 6602 9537 7200 8636 9233 3903 226 5923 7245 800 9029 2166 
38 3000 5202 208 530 6905 4700 9212 586 4395 6463 4252 150 7416 5549 1491 4539 9203 9699 5316 5842 3509 797 4953 8446 2785 9457 9217 7690 4489 2747 9382 1637 5523 5018 179 5984 4787 1877 8911 2082 3866 7273 2709 8093 5837 3714 3892 3268 2202 5604 3472 5344 7949 5709 2771 1077 4733 4749 3168 9890 2186 4110 3968 656 7350 1686 8402 1592 2237 841 7746 3296 9510 2502 3567 4890 6293 373 8091 3306 6107 9273 2708 5680 8924 6603 4583 4886 9353 6934 1409 8185 2949 9724 4274 9005 646 157 8659 1838 1316 
39 3000 3106 3559 274 2450 225 8730 8148 8973 165 57 3821 169 1909 3054 7581 4747 1242 4482 2169 4019 339 2095 6432 3215 477 2516 2104 909 7882 7226 3703 6584 2685 6691 1560 6311 1018 2603 7974 6560 227 8256 6485 6134 7212 7039 4280 6226 9890 9057 7720 8604 1789 5881 989 1919 9759 3412 7875 6138 4813 2885 6670 5102 6093 9984 8200 7213 7958 2090 6975 4240 200 3654 5467 8250 1383 9691 1511 6673 5311 7403 8835 5481 612 5920 712 497 3457 4179 6735 6829 3401 6914 2721 6431 2343 8779 3739 3782 
40 3000 6620 6595 260 9699 2221 9718 7436 3266 3125 8541 7504 1899 2768 1109 5309 9523 8632 7867 6960 2884 9961 4533 1606 5982 8596 3093 6339 2631 2948 919 4221 7140 5081 8022 5435 3122 929 2416 1563 430 3637 3618 2992 214 25 4268 9435 8102 178 9876 3589 5515 158 6691 7907 9094 7851 7700 4507 8263 1923 6746 8191 909 3917 776 2607 7195 3463 214 9518 1490 6622 7451 1209 2427 7346 3473 6011 1092 2073 2602 6957 7327 7438 5370 3559 4163 1115 9515 6705 387 5781 9101 6695 1214 6204 1762 4386 7104 
41 3000 9462 4078 5471 693 8279 5069 7885 1851 7494 7813 2329 867 3646 9198 5922 9754 7690 7787 8980 1688 842 9818 4918 8563 3535 3326 3277 6676 7518 383 5876 534 1063 7476 6091 4788 7312 4002 1255 4296 5733 8883 8186 2298 6721 5319 1841 6732 9302 3658 7091 4666 1980 2388 3627 4853 6700 7262 3982 8419 5936 8543 4687 7670 2907 6375 549 3024 4919 4278 2049 8071 9827 772 5875 2759 5625 9120 8571 4698 3162 5201 3313 8595 1983 3504 9815 3817 9289 1252 7355 67 2033 648 926 1198 2131 9240 514 7147 
42 3000 4804 8428 3501 3988 39 74 193 2123 7185 1254 2469 2586 2660 7131 5564 1474 800 1945 2964 2515 7815 8138 4441 7741 8886 3600 7199 6304 8375 7040 156 1406 3167 1480 1343 5358 9134 5879 8433 2764 725 4877 2394 1831 3684 6666 4265 3801 883 8990 5057 508 1293 3261 8785 66 2071 6806 8615 674 3776 3240 6146 2549 8708 964 3807 7990 2374 9780 392 9554 8074 5641 9703 6370 4623 3523 2336 8573 7184 8420 576 9857 1236 4463 6432 8164 9665 2168 2781 4491 2974 3808 7652 9824 2631 6909 1627 195 
43 3000 7523 5868 8363 9865 3556 1702 8253 2638 6365 9919 5196 1288 7153 6513 6504 5121 1658 2085 5926 5658 2242 4091 9804 444 3108 7211 6346 4980 8634 1844 8033 2784 4845 735 7142 3573 3998 3714 4401 9571 2299 570 766 9945 741 2048 2322 3362 9072 8970 8313 8671 2880 9480 2292 3716 3815 4414 6397 2263 2920 799 8759 9067 7104 3474 4023 3048 8726 4831 7005 8604 8314 2692 9465 5042 400 6305 14 4140 2492 460 7138 5827 7155 7738 5351 1993 7235 8885 4475 8423 4190 1303 2037 4855 9564 5675 8802 3165 
44 3000 9567 707 7422 3672 2798 6004 4214 9577 1082 3063 4061 9516 3431 4395 8445 8248 3143 771 6590 5462 8006 6591 9749 2707 3646 3386 8600 8459 9987 1430 3774 1296 846 9497 9510 1212 6641 2721 432 9048 236 8602 1447 4050 5905 1119 779 9558 1419 2982 6117 6806 3267 5999 3891 6864 4987 9575 1679 689 8638 7332 3733 7315 9389 1855 9626 158 3230 7561 6039 1452 7814 1700 1654 4803 6425 3473 5186 5879 5061 1275 6537 1213 2656 8075 1069 5140 4415 4902 7008 4855 8281 2473 5974 3594 4523 935 6628 1947 
45 3000 8454 7740 1455 7288 6268 3638 6663 1335 4006 6798 5210 5835 9644 5056 2959 6368 8313 6286 7954 4286 633 6895 2819 6768 4179 8443 292 5007 8075 2392 1873 514 703 2975 9601 9554 549 8193 958 5707 161 8936 6897 548 3245 6228 2991 2455 4876 6599 3715 3547 4839 5583 9844 4739 4095 9335 8983 8926 4369 4380 9218 2294 865 5483 5895 3748 8107 1646 1521 2480 8905 229 8790 3642 6440 9195 6739 2161 9484 7481 22 4673 737 3496 1315 9578 8294 1740 6840 5225 232 7553 5021 6222 2328 9980 8259 7869 
46 3000 8895 2776 7834 8713 6750 3520 1935 1239 2304 862 6811 672 1774 9898 1046 1912 4527 5663 2966 4596 9539 4751 1160 6277 4991 5065 8139 3736 981 3684 7111 2413 5362 2863 1880 3968 2710 4149 9878 1963 6414 634 8315 5672 3887 7318 3457 2011 4910 9613 3027 5603 3094 9959 1736 6954 472 2571 9930 8769 5213 6311 5372 379 2461 5684 8141 305 8300 9959 8662 6937 6847 413 8857 7347 460 5707 6423 4219 3087 5376 2233 910 6722 1456 864 4631 1000 8226 4251 7758 5912 79 8461 7266 7642 7521 3599 2284 
47 3000 7533 1291 6833 9784 4177 4606 8546 8384 8633 3532 1616 284 2760 5481 3815 1327 687 5834 3339 9179 3403 2682 7460 9638 6468 9703 4300 1071 857 7152 7738 6967 6922 987 5436 6627 1483 115 9989 3966 8044 1759 3205 4453 129 4957 3506 165 7753 2184 6456 2972 7005 9096 8413 5845 2768 2400 3306 2292 4556 5856 2539 3913 5481 4390 8015 6088 4339 6346 8293 1781 831 3856 7860 3476 3897 1334 9538 3235 3184 2099 9 882 3634 3120 8469 314 3202 7888 8402 3927 3692 7412 2485 5184 4723 9339 616 9292 
48 3000 822 5202 1065 2013 1634 5789 4750 6599 5263 4640 2643 8846 4742 9670 6294 284 7616 2909 1484 9480 8658 8383 5005 1475 5715 8101 4558 5339 8664 6179 1783 9860 1508 1089 8413 7348 7590 6026 5547 5571 7930 7406 6055 7810 2693 1488 105 1050 5776 9119 3817 2280 2525 8603 1037 2933 576 6701 8241 1440 3815 7750 2562 3917 9474 909 2945 2972 8340 5532 4419 4639 8098 4660 5504 3438 9799 6647 8738 5553 7440 4902 4325 149 692 5763 6917 8799 726 4491 5516 3046 9191 9394 6497 84 295 4068 9767 6570 
49 3000 6020 7775 8037 553 4469 3932 9225 1538 1324 6737 1987 8666 4436 5913 4364 7022 1546 9580 5565 2072 1118 5251 865 2219 6306 8953 9634 9486 2047 2470 6488 8327 5271 8721 5570 2560 8244 5250 7949 423 5031 5850 2147 7762 1089 306 7793 9336 5978 2272 2402 8250 9201 5261 1271 3519 9173 6768 516 5745 5307 519 3215 930 3230 6838 8689 2408 3123 1145 4908 903 1186 578 4013 2715 4226 8737 969 6024 7374 8555 5346 5330 4927 3299 6217 4006 4306 5682 190 4984 3151 5119 2554 9564 9537 3092 1564 4345 
50 3000 5309 6646 5836 6288 2550 14 4880 5896 3171 4358 2749 8524 1626 5647 4818 3811 747 644 7685 3242 718 1037 2199 5827 1155 5675 9614 1913 6330 950 864 5119 3502 9281 8964 2389 4388 5748 4543 2180 9753 2825 4491 770 7120 3263 3738 6691 1613 1077 157 3286 9923 673 2590 9395 7396 4092 2002 8165 8247 6378 5759 3979 8903 9081 5025 7516 4464 1872 5297 8940 8296 2291 52 9199 4745 3620 7526 9467 4975 876 615 8699 5935 4934 9906 9313 2449 4772 9826 1004 2428 7844 7919 2671 5214 8574 7252 2481 
51 3000 3041 4979 1937 6047 5628 3412 5790 2745 7891 1436 4101 138 785 8821 8543 6542 5268 6660 5193 1704 9390 4621 5692 5616 8511 6314 1515 5445 8635 2790 1376 592 2883 4160 1758 5877 1074 9340 562 2844 2446 3927 3884 9202 1494 6190 5922 6375 6935 1193 1996 5190 3797 3043 4709 9687 8634 5256 3215 9049 7869 9258 5630 7662 9253 1007 4554 3300 6460 5731 5725 3433 6798 810 9795 9657 2052 6764 7234 259 2449 6376 6360 895 3744 1942 4483 3402 7437 635 2191 2729 4116 8008 747 2000 9916 9611 2621 5692 
52 3000 6112 739 5137 945 1836 4302 7252 7001 9913 6821 9464 2754 5825 2550 6829 2441 9808 5722 5122 9446 2058 918 111 8236 1077 1568 9959 4418 5134 6565 753 2923 6857 5018 5155 4317 949 9120 4178 9231 5025 5142 2092 921 3577 2557 4448 5951 5066 1288 9233 3005 2136 7074 1146 9815 4953 4968 8999 8225 7672 960 6246 7369 8022 1723 4637 4985 26 2480 990 6847 9841 3004 7101 4320 4717 1739 2763 50 5093 8045 1925 1765 9809 2567 1966 4217 4447 5737 6098 9232 2793 4389 8894 3901 1431 6507 4940 6884 
53 3000 7455 4099 610 2846 9312 4188 8973 5013 760 7937 7818 5859 7966 7895 804 5912 9717 3366 1741 687 758 3905 1990 5750 8261 942 993 9893 1411 7525 9921 6449 4126 6193 8457 2726 888 4972 4692 7559 5719 1493 8158 7002 4261 5245 5977 8130 8997 7936 2140 976 7588 2001 9906 8589 4339 7212 7336 5217 4789 5432 5939 2617 3425 3481 2451 4485 4522 4136 3739 9019 6108 5250 4829 9601 7053 6997 53 3605 7288 7246 7333 9330 1138 5054 5580 1060 3792 2291 5220 2248 891 3381 1850 6821 1243 3178 3012 8621 
54 3000 2664 2960 8097 8954 940 4548 1374 2281 1920 2556 8138 23 6729 4760 3991 2498 109 593 7243 8973 1882 7769 4439 5857 1542 7027 9011 3000 5968 5002 3059 8132 265 5222 2249 9424 1730 7230 3840 6163 6937 3828 7841 7570 1960 6447 1284 9727 5703 8648 5628 640 6374 7740 7287 3418 1069 4524 1281 7586 8488 1169 8014 8517 4777 7203 3176 4989 2490 3638 770 4871 2681 5215 9268 8931 117 773 881 2767 1621 1749 3968 6870 7532 8795 8561 4804 6298 6527 5017 9517 2193 6395 5795 7773 6151 7680 361 2711 
55 3000 9735 6613 3211 4529 2227 3622 5026 9291 841 8705 6951 5864 4064 4923 7994 974 8118 25 5554 2388 6556 6190 9075 228 2971 7899 6823 6399 6837 7934 5787 2150 2479 1496 4706 3758 1153 8453 224 6336 6270 3709 6166 5767 1732 5701 5940 8762 3397 3023 8062 1043 3668 9166 4814 3654 9210 5396 4018 7392 1788 1744 3935 5366 2234 6131 1301 3682 7533 1614 2469 252 1042 1753 7695 1725 5828 4112 8537 8546 1132 1880 8380 8143 1960 3611 6092 6231 1799 1103 2799 6250 8454 5389 1789 6920 3015 859 1540 7925 
56 3000 1944 7507 1868 3724 2296 1303 3208 5484 52 2686 9018 1135 1587 3188 1302 3559 8260 179 9264 6895 4128 9738 1086 972 6787 7648 8831 3872 1335 8520 6469 2608 7463 3038 1028 1938 9671 3326 6875 1293 606 6451 3116 9841 7525 6039 4124 9666 1892 2024 3189 7080 2084 8516 9300 2056 9237 9801 7043 5783 6208 4458 9632 6356 9665 7610 5057 2579 5306 1289 5366 5900 6190 2936 9063 473 4211 2025 6640 1336 4683 4800 9224 723 4056 7155 360 2499 756 5627 908 4714 9147 6515 7075 291 6627 3128 1563 5833 
57 3000 3838 1158 7850 8554 8006 2172 7591 1343 9408 5237 1145 5942 960 6661 1227 4259 934 7872 9686 7800 8794 1405 7408 5225 4167 5031 7342 8037 8925 3997 652 4385 2408 1401 5998 1002 9755 6688 1934 3260 3379 2267 2435 3357 7548 8263 5555 6624 6105 5383 5198 5956 3304 5915 6025 4377 7781 2848 1478 5716 9635 7120 4933 3421 652 2984 3980 7492 7639 1512 7822 9536 8889 2207 7804 5955 3774 2758 1065 9253 5458 6905 7317 7467 6737 435 8743 1730 9002 5309 3028 1951 4334 1901 9512 627 711 9374 8465 4772 
58 3000 358 4174 3489 5981 1201 6650 7047 8609 1464 5802 9116 6081 7383 2155 8961 5329 4043 8746 42 9344 9345 255 8037 7866 1096 246 1998 6187 7223 6538 8623 2091 9113 4703 9667 905 8078 9685 2459 8690 4943 5549 3563 3545 2767 3349 5551 5041 2673 7126 6907 1781 2823 8029 5051 7083 499 6559 2497 2788 7327 2943 6125 1195 7606 5629 9588 5119 9784 7907 8835 6074 1039 2653 765 580 4999 5206 5007 4601 2579 4355 8818 6100 5949 1471 5113 5725 5619 7743 3617 5615 660 9555 5140 6335 2039 1981 8985 1934 
59 3000 9084 405 3469 3131 9077 268 9580 8621 9968 4940 7749 4507 6213 1712 7759 1863 7737 5924 1769 2417 2032 3203 465 2354 9363 9841 2339 4257 1111 1288 6091 7160 1240 8773 6158 4737 884 4049 1363 1604 6063 2270 6696 7757 8524 2977 8213 1130 9702 9229 1064 8280 7814 4843 649 3190 8073 9768 6890 4209 6024 3580 1637 9108 4016 7101 9195 8263 785 2150 9974 5964 4173 9411 7269 9849 6965 4428 7160 8462 5856 1728 1542 6937 3541 7068 4276 808 3929 7803 464 7940 480 1385 8857 8588 7677 1982 7376 3583 
60 3000 5607 5225 1770 637 7685 1081 7387 8781 1486 4845 4085 918 2714 6264 4249 4513 2290 6782 3953 395 6570 4913 7231 9698 680 9733 3482 8911 4985 2507 7996 3070 4677 6429 5607 7059 2489 4497 7471 5051 4539 5507 969 8060 9288 8177 2730 9629 9636 3389 4789 9636 8134 4564 3862 6230 5324 6154 3745 5887 1204 269 848 1596 9819 1416 2843 9165 6974 9375 440 1657 1075 194 2294 1948 7093 5310 3029 3409 3656 8794 4390 8716 3261 2723 9525 6785 5614 677 379 7827 4098 9358 8230 6535 5361 8339 7336 3391 
61 3000 2027 7932 1714 4098 8545 5185 5044 7142 143 8004 3691 9475 4926 7400 2865 321 9088 7857 5890 3111 5251 5831 6615 5542 3931 6368 4934 7760 8128 7854 5443 8671 1039 4885 9214 371 6900 9259 8700 704 4950 9102 5762 3952 6522 6113 2819 9637 5255 933 7128 9455 437 6644 8187 2341 3467 389 8257 7644 7447 3115 6021 6443 9896 7450 3358 974 8591 3695 5245 2194 529 3944 2786 5462 4021 4335 9361 4348 3901 5417 9909 2567 9872 648 3326 4036 7968 3013 7993 1061 5144 9776 429 641 6989 5345 7068 8905 
62 3000 8570 2273 9162 3672 8394 373 807 5128 5497 3973 98 4641 9663 7277 3403 1693 4758 7870 2766 8937 5199 8333 6437 5382 5544 5991 2523 7700 3205 787 5762 9663 4288 1272 7432 9698 2557 8731 8372 6572 1529 9429 5138 3201 9681 4979 9278 8582 8795 841 9738 7855 5424 2940 8384 481 5476 2415 8660 6557 1934 8491 7362 1246 5695 9471 9539 7335 9534 1860 6525 5919 5191 7609 7088 5214 3593 9490 1706 7482 8186 4589 9975 4099 1405 5925 1129 8731 4263 2202 7699 8647 9064 5676 2286 4151 5244 8150 7465 6141 
63 3000 8336 5100 8811 1791 2060 7916 1055 8365 3537 4277 7356 5142 1630 6643 1709 3482 8407 8881 4467 5006 3733 1006 997 7905 2984 2056 3455 1377 7885 1088 5691 8177 479 6295 1275 5312 213 2256 4647 2839 4154 5306 5399 808 330 7034 5673 4312 4194 5899 693 6678 8212 6981 2410 768 4582 9851 6288 8421 1069 4564 1201 8005 9975 5785 2461 103 224 5031 7971 1323 2581 1045 7503 6230 7987 8290 5100 7402 9028 3572 4601 3620 4526 783 8297 6170 7247 3776 8706 3282 4748 7358 3477 2684 3339 6413 3415 2289 
64 3000 5172 3147 3635 9002 8456 2460 7840 5654 801 5441 5721 6061 5674 990 3487 8205 2000 5564 7515 5547 6868 1047 1129 6457 1373 748 4501 1775 9584 3520 7681 492 630 6007 6746 3561 3920 3018 3078 5830 7473 6016 5769 6099 9396 9747 7145 5307 2462 6980 1421 2835 1833 1383 6475 945 5894 8514 8756 7339 223 4948 1305 5836 4677 5517 4912 5186 3609 8685 2388 6005 9206 44 5977 5829 7957 3933 7871 2298 238 3185 3873 4468 3031 6999 167 2244 5764 6936 3225 3936 9271 1039 2832 1943 7888 6080 8239 6563 
65 3000 4664 7929 7440 7928 9700 55 9576 6059 1620 140 459 9051 2153 4832 1227 9384 3851 2613 122 8352 933 4793 7389 8627 3241 4636 3306 4936 3339 4601 9336 2877 6722 1717 2404 5846 5157 1077 2300 100 3150 7460 2205 7940 7534 5077 2343 9017 182 5441 6761 9767 3852 3364 3231 972 1147 1078 6272 3439 6606 483 3309 1813 1922 3514 3949 6507 4277 641 2381 3764 7810 7486 2902 3838 8206 9573 8576 7303 412 5200 3005 9487 9473 6427 5233 3032 4502 8209 7775 8574 5766 5632 7767 3557 4903 9289 1246 9160 
66 3000 8262 8775 551 5361 3364 4308 4847 4117 8497 6476 3785 677 5429 4106 4273 3010 5246 264 378 9367 7320 6370 6360 3966 1394 4451 2816 795 2804 7507 5965 5552 812 8008 42 5700 75 4518 2834 8651 5232 6438 4327 8075 8623 6878 8484 8334 1124 3652 8149 7039 6115 8404 3072 5735 6568 3846 1065 8712 5263 9136 2274 9932 8130 3371 6587 8093 707 7209 4158 9813 7738 2615 9059 933 5882 731 6059 5956 9557 7872 527 5606 9900 9651 1457 2507 6862 3219 7620 4994 4419 7642 6845 9047 8915 2392 8419 8351 
67 3000 524 3973 8614 2475 7840 661 9339 3185 5595 5382 9919 8876 5496 6702 1996 7131 189 7953 7558 5403 354 4476 89 9826 4911 8992 8847 2146 4370 5101 6270 4783 7289 8900 8497 4011 9865 8730 9024 1268 8651 3048 5481 2592 6392 6422 9537 6174 997 3653 9921 8047 7619 2020 8579 5894 3877 1653 9951 977 8196 4027 3372 8201 1267 8583 8601 4294 639 7476 4471 4118 8437 8446 668 5100 2198 5811 2633 9794 8835 9592 9590 6562 1733 2757 5698 8384 957 6592 4325 9788 6594 4199 5458 1915 5220 2113 6222 5697 
68 3000 9488 54 4538 3169 843 8792 5898 6900 5363 6148 3267 7554 2719 1112 111 9571 8273 6090 6553 4980 8287 7276 8641 5326 8264 3146 760 1735 4413 1083 1155 3092 8239 2118 583 2357 4258 3804 4091 989 838 1213 5920 1512 4162 6054 7529 8197 5316 3923 8751 5869 508 9670 2067 6840 4408 898 10 5972 6608 9584 5694 3854 1217 1822 6462 8118 9570 5698 668 2865 6077 7285 7576 6230 7177 4761 389 6063 3436 661 2401 3736 4758 2243 6274 6078 8728 9985 6442 5436 2071 4208 4634 7855 5248 9821 8534 9387 
69 3000 168 9191 3548 527 1028 3143 7716 8769 8278 75 9734 9292 5710 3209 109 3766 676 5961 5432 7288 7424 5435 5787 3439 3564 4046 5271 7468 9660 9268 5655 7600 1941 1500 3151 4472 8144 67 8323 8688 6479 7337 9111 6507 7715 970 6982 3646 400 4290 6210 7218 9198 4777 6277 5790 6351 691 7400 7566 6277 5819 9183 6692 3276 2342 2397 7699 2376 1835 3880 8049 3293 4388 4564 8831 7527 5849 629 3560 8569 3198 7780 5116 5250 8042 8646 801 8196 8235 3314 5522 9427 7627 2976 3100 5063 3933 6707 5705 
70 3000 1174 4728 1369 1412 2735 1571 4639 9887 5721 2250 1157 6195 2322 1151 1809 2730 9282 7757 6126 9281 9363 3268 7810 1209 5935 5347 3390 5758 691 990 3999 6489 4490 7524 273 5837 1317 1728 379 5799 5374 7077 1173 6735 1297 9116 2469 4308 7496 8954 4448 4542 2614 4884 8181 7000 5127 2133 9284 6102 6048 730 4694 548 4776 1503 2573 886 8054 200 5331 5189 2062 9736 5784 2866 7634 561 6430 6599 8591 9160 1846 2393 3215 4673 4224 7769 8830 3639 2015 8067 9523 2870 1713 881 6982 444 2752 8618 
71 3000 4459 4829 5538 9180 3862 2129 2599 4775 5970 1450 2861 8849 3770 8406 9053 1146 8928 6728 8232 888 1370 8020 5440 8090 2005 9626 473 2986 8560 626 7793 3594 4546 5958 9546 1395 1349 8661 1724 5146 3444 253 3432 2808 6734 9219 9299 1610 17 7640 5002 6231 9573 5930 5916 5105 6882 5716 8897 4861 9460 829 7178 2875 4828 6426 8401 7958 7599 6237 5766 9165 9695 7934 2313 2723 3684 6631 8318 7098 9246 6501 1827 6170 2765 523 2302 549 42 8356 7403 7003 2134 2332 2889 6021 4319 1578 5645 7492 
72 3000 8190 4261 9834 4517 6862 7962 6174 5343 3320 8170 4343 3418 1878 4903 8502 5579 2773 7454 5954 8357 9875 7263 8912 2412 1533 8914 9410 5093 4534 9253 7326 1118 1196 4637 1534 1388 9584 6303 4185 9914 6845 3865 8105 8881 5678 6937 7324 1830 3922 4876 729 4963 7270 4654 8843 6584 5108 6855 3722 4651 9485 9795 1986 2462 7195 1769 975 2464 4998 1423 8016 8187 7959 6246 2837 4299 909 9197 3085 4796 3039 3445 2986 9305 5614 5246 5116 7518 2811 4933 5307 1756 5686 6045 673 7645 9261 2563 762 2930 
73 3000 2744 4290 1837 4407 2863 342 4271 2982 334 772 3083 6852 9450 6314 1582 2817 797 6254 8152 5713 7092 4429 6149 5969 2151 3344 6930 5291 2973 6421 6005 472 4961 8370 2317 5325 259 3682 641 739 9217 3256 7110 2869 4981 9138 7874 9435 1207 7397 870 4165 2903 9121 729 9349 393 9535 6802 6522 6405 5249 4310 5275 6287 9630 8628 187 1348 6296 2677 5883 5322 739 7463 220 3958 70 5719 5594 7733 891 8690 8374 7695 5289 6030 6458 4427 4959 8834 4962 133 3450 5785 25 3860 6537 2437 741 
74 3000 9831 712 3614 9223 8913 9814 8936 8780 3207 9767 1475 231 3764 1453 9532 6336 1419 1711 1535 4356 765 2458 4071 6734 7235 7930 3037 9907 7320 57 7917 1237 1909 1961 9182 4069 2753 9573 8824 920 2055 1380 4000 4780 5187 6299 3816 8551 6527 9669 9225 2604 8423 7374 6059 461 3286 8091 1174 2607 8805 3658 1735 8420 6283 7571 7615 6233 2105 1607 6922 1514 2328 566 4650 3177 393 5146 4462 8016 7968 2939 3584 3262 8912 7549 841 7266 6362 5839 7803 8311 2954 3306 3063 1541 4155 7572 9646 4025 
75 3000 4735 8 5525 7935 8352 5478 7284 1858 270 212 6890 230 3196 7803 1594 890 6247 3324 6963 772 7040 5578 3031 9703 6905 7469 3571 2347 9225 4493 8505 8255 904 1368 9428 56 6953 6770 8258 9759 8205 6213 9019 3189 2160 3039 2737 2550 6942 7541 5471 7101 8396 4212 9466 1970 297 7112 7427 5085 7696 3364 9927 2235 3378 4778 5926 250 7457 7597 6431 8314 89 365 1270 7394 7312 9926 8995 7802 10 5543 9908 4878 6005 1146 2215 2797 5269 5703 1303 6505 8267 1713 2142 1774 7419 1831 4813 3390 
76 3000 1690 3613 3159 1459 4309 2386 6563 5840 3603 2244 4851 8706 6965 5170 6319 5225 7944 8283 8886 2370 6460 9208 4368 5853 2141 9570 5885 5183 791 6618 8385 6849 3979 2973 2299 5630 1754 4492 317 4027 8484 6272 7288 9823 1820 6765 3250 1764 4790 29 9586 3373 1007 6094 8291 4878 3018 9464 4386 3273 3758 5732 1437 501 1150 6330 211 9763 5814 1401 452 9953 1907 789 5787 8213 1090 3170 1746 620 9618 3287 6922 994 8551 7329 7244 7829 7099 6425 3379 9354 9084 8263 1263 6717 2529 6839 5749 5293 
77 3000 2376 328 7389 4115 6322 7076 2332 3437 3788 9725 5351 416 8004 7461 6003 2917 1229 6378 7895 1452 3086 7981 1096 9237 2032 5804 7658 372 9942 155 274 6155 9829 991 4048 9512 6681 8910 1404 7556 1427 4274 111 2273 8025 4456 4435 9327 3680 9209 9415 4997 2180 4163 8269 1232 366 2446 2918 8838 7715 4431 7640 8785 9063 5606 5847 1641 436 2571 9986 5130 8022 7158 4570 9816 257 8677 2325 2911 3043 4288 3474 211 8082 7499 8131 6150 4349 4781 1837 1988 2675 322 4207 2119 3465 8891 707 8501 
78 3000 7536 6839 7561 3220 85 1218 9773 9167 7776 7027 2282 8854 8956 2583 4241 1342 6994 3019 6414 7301 6746 1902 1711 2196 4148 982 8831 7592 8924 8062 9049 590 434 2993 6111 1385 6631 1797 9265 8950 6158 8911 9413 4841 3558 7559 8387 5138 7615 8251 1351 496 2820 5399 2333 4334 3959 2066 2870 9140 3829 2836 3791 906 4080 4812 118 1688 9174 6736 9091 287 3480 6233 1325 1058 1489 5185 5081 848 1149 3227 3674 4046 334 9365 5999 5776 6435 1727 181 3198 9069 5430 355 4947 5926 8576 6565 8688 
79 3000 1726 6377 7797 6801 317 3397 8125 191 9886 3926 5993 219 1295 473 6616 8761 9553 392 7505 6394 8402 621 7122 8702 8033 560 6659 710 5922 3063 4934 9445 802 3562 6426 4616 9746 7308 2421 7425 8388 4749 5294 7499 4255 5021 5908 7951 3240 7570 4144 8562 9187 1901 2550 7087 6608 5443 3123 8695 6521 9554 7208 3521 5415 3632 8524 2355 7343 7370 9320 445 9133 1122 9653 9437 8730 4399 9784 7428 6658 2493 5712 7152 615 1221 7823 2289 3184 9797 2669 1898 2672 1826 7868 2976 7080 4430 135 1140 
80 3000 1184 5488 6431 9438 6762 9011 8240 5281 5921 8636 8975 5501 7572 9252 4503 9538 7013 6737 6798 744 8649 5837 715 5819 1829 6161 3899 2370 9808 6297 9806 4595 1846 6065 3859 7088 8411 6882 2725 6778 9530 263 6715 2982 6244 4438 5314 5593 5207 9101 5832 1386 6393 8281 5181 8455 3940 1336 4781 8765 116 2075 8580 8843 2403 6006 4213 8582 3721 5703 7278 8177 5757 4307 8735 3180 5440 7143 5437 7689 4523 1469 3782 5652 2303 4346 6488 303 1458 8632 2497 1720 7015 7106 2 2506 8434 4715 2600 1605 
81 3000 4829 8940 8568 6225 3304 8299 3268 1907 421 8960 4670 700 6787 9496 2007 7478 4768 3748 7555 4363 9335 1827 1530 3296 2020 9232 118 6709 8013 4096 6627 6341 6374 2561 5767 171 3372 2267 1047 7472 8953 3980 5305 2000 6325 1334 4364 3297 4678 8704 3803 6133 5020 7201 8862 8053 9144 8794 7472 5073 1717 8555 6403 5478 5495 5031 543 1763 9662 8741 5303 687 1298 8794 2139 1460 9964 7638 7210 2047 5420 3931 3150 3609 8465 3533 3976 3053 4901 8634 3110 3722 2622 4994 4533 4200 1830 7319 7067 5249 
82 3000 8376 2751 1770 4862 221 2496 2467 1454 7029 1564 9402 5163 2884 6645 6018 7291 2122 2102 8854 7856 8305 4094 575 1279 6304 2819 6127 193 7519 2890 2009 7376 8214 1825 8679 5807 984 6675 6082 6855 9348 8764 2299 6580 5457 6564 5326 176 941 6689 7978 4522 869 3016 5914 8867 840 3934 8790 3643 7200 7711 4538 7394 377 5993 6764 1834 1352 5425 5280 5036 1245 7394 9756 2734 4030 5904 6493 7763 2374 3571 8331 7611 6607 5742 7671 109 6806 2742 2631 7235 8011 249 6324 7049 8567 7785 9256 3752 
83 3000 1589 5337 4857 5870 9548 8107 8133 2560 1989 9383 7441 8049 6372 1529 9395 4185 2033 5112 6891 1129 7277 6149 257 6155 9591 1472 1538 590 8986 2228 1888 4872 4458 5502 2106 1730 3582 4059 6285 7494 5225 4216 8588 1532 5386 1841 3153 3804 6161 6471 7118 548 7831 3559 6776 8087 4080 4845 6848 4766 333 6854 2892 1005 5222 7513 6823 7489 5173 902 5571 1472 2126 121 2855 1212 4367 8287 4087 8529 503 7658 4399 9491 6542 6875 9794 3219 6115 6336 1427 8823 3811 1691 3001 461 1646 5462 1303 521 
84 3000 8649 6792 9848 929 3580 9314 5662 2584 767 7146 9180 2919 9074 9016 7277 1579 3988 502 9420 4234 2835 4411 6942 4511 3120 9268 5448 4051 3992 5940 341 698 834 2383 5474 4800 2976 6513 4928 3649 4536 7198 7913 4036 8387 3386 6798 2938 3244 1345 8260 6320 3879 37 7564 6077 4462 4614 5964 5086 5026 8038 1231 393 1055 829 1306 4521 6203 8933 1073 4903 8126 9722 2270 1441 7457 6111 6506 2188 9887 8808 1422 7161 1386 6681 9963 269 6538 5260 2782 9375 10 3350 3769 4479 1139 7785 8700 4028 
85 3000 1649 6293 7018 9345 6488 8497 6733 7192 7796 5032 2447 454 1993 4794 6514 6943 9994 310 3309 6335 549 1234 6635 5229 6708 5966 249 330 5411 1404 1516 9756 203 808 8183 2473 7073 9802 8283 5853 3419 491 3165 1358 138 3709 3643 8351 6842 9391 9271 6024 195 5065 754 3460 5383 2478 5467 7819 698 2341 6110 641 5254 7196 2486 2284 9832 2417 6405 4481 838 5330 9706 1024 7398 2457 5416 6571 1568 4890 2021 3582 1680 1783 873 7377 8800 1979 6717 9318 6325 3750 1339 8118 2691 2672 349 9278 
86 3000 7217 7621 3079 2640 9069 4890 5614 8074 9349 442 6940 9289 6312 274 8227 5760 3702 8918 5224 2791 2223 6060 3794 9700 4119 1286 8561 6123 901 6955 4691 6451 4178 9193 2789 2387 9623 7014 6934 3632 4068 9568 5824 6690 5712 1510 7059 1804 7465 6497 4539 8013 3413 8812 8993 6339 8407 3103 1634 1091 775 2261 931 9302 8167 3413 2517 8286 6516 2043 2211 1321 2130 4239 2175 1460 6906 7064 188 3462 6668 7052 2050 3853 2637 6828 7110 9108 6014 9855 6914 1959 5700 3306 6991 5830 9135 9059 1745 7395 
87 3000 6261 2819 2490 7263 6613 1360 8600 8784 9534 7904 1783 4983 7514 5611 3491 3622 2656 9199 5438 379 6266 4696 3260 161 1565 7308 3290 6531 9533 7412 2456 9276 7871 4683 1317 82 3091 336 206 6347 5733 7497 8515 3115 8702 9703 7093 3130 8735 7517 3773 5027 989 3282 2029 9632 6759 3983 2747 4405 4312 2251 9132 5989 2860 5478 4735 901 9642 3070 4601 4336 143 1809 9553 7105 1435 9357 3588 688 8638 5875 4410 423 4511 3765 7077 6810 2170 5548 783 4949 924 9854 8756 2094 5242 5546 1289 3342 
88 3000 6841 3966 1892 5436 9903 9306 6567 8702 9414 7104 6210 7106 2627 863 2144 6440 3657 6801 4763 628 1188 6720 5317 6161 9320 9001 809 4653 1530 7727 2026 3530 7765 9930 4688 4832 4651 956 3727 2153 8839 7971 691 5695 3468 1573 4269 5453 7752 5543 3944 2524 9700 4715 6770 8539 1950 972 7275 3225 739 7365 489 86 7989 365 8094 210 6525 226 7703 4208 8412 9490 5263 2266 6423 9598 581 2334 8624 5647 5978 6431 6096 9251 8062 5082 3766 9545 2636 9872 4381 2300 2724 4134 5590 7175 9719 1756 
89 3000 164 3082 7665 4113 9334 1688 659 5128 9256 9029 3375 4455 599 5266 4721 8786 1264 2544 4612 1286 2220 1000 3875 9153 6471 2875 7275 9297 1144 4766 9669 2154 2708 7992 5283 3617 5307 7095 110 5093 2231 6458 7445 1691 502 5054 6531 8525 8593 9311 4340 5152 7262 4116 472 8129 3522 1931 5188 1698 7728 40 554 6592 3794 5921 4726 6968 2531 740 9350 5472 8111 977 86 6413 7660 8166 266 7082 3971 6769 7666 7176 1343 173 4412 6362 4547 4811 6 9961 917 2403 7479 2753 5562 337 2665 914 
90 3000 9707 154 6611 2073 2160 4177 1094 3496 3899 256 7283 8394 5787 4635 7511 356 9415 2950 177 5911 1061 9355 7777 5207 8788 3759 8052 824 2649 7206 8270 4703 8037 5364 2624 3210 2142 151 2763 312 3545 9479 1440 8895 4931 5124 9293 191 8928 8726 4748 1337 7078 5906 7043 1061 1916 8512 2381 3490 2196 4995 3210 84 1222 8901 624 9690 8321 5490 9888 6734 3425 6488 9093 7523 4790 2956 934 4678 9835 6281 7609 9700 9110 7305 8850 3645 3378 3567 3073 5937 3839 4672 1656 1303 5464 5793 6342 4826 
91 3000 3460 9285 9764 5136 2864 4439 9101 5711 1253 5345 2852 4316 4586 6893 742 561 6171 8895 6744 1582 8750 8327 5236 5851 9719 9703 277 5109 9462 3570 8010 4428 2823 3130 2186 389 3688 8985 2820 7396 2708 2008 7968 2103 8133 4342 8628 5981 9776 8517 6768 5995 6109 4697 6476 3416 4473 6054 8244 751 4419 2261 6361 6806 4173 1115 9449 9868 225 8280 4109 9013 46 5164 1703 3537 7925 4908 8252 520 3937 6513 7468 508 6030 7081 6902 1318 5241 2193 7225 9976 4036 4396 4627 2772 7774 9832 6347 3446 
92 3000 9300 2980 9324 9497 6654 9528 1974 6615 3916 7369 9094 1239 5169 5724 9889 1244 1590 2385 9121 4744 1661 9086 1392 7032 4513 5003 8542 5634 6390 8373 177 3495 238 6237 7323 285 8420 2317 9203 1836 8555 3005 3139 7698 2486 1493 7576 6824 8364 10 8240 1378 5871 200 7414 8668 4552 1613 6336 1205 5285 8330 732 4888 4868 3708 9464 5312 3734 3248 6310 2198 6795 5596 4866 1958 7400 1661 6573 8374 4430 1864 1867 1406 2511 1502 4461 4131 5355 4254 8743 7794 2222 3795 307 4999 7513 3545 9603 1013 
93 3000 3485 4537 8714 3199 6086 1420 1261 8579 3925 6571 5426 9514 362 2348 109 7514 8719 1459 4202 5169 622 5456 8995 6212 7465 1359 3699 3701 5002 6403 4099 6323 1060 903 4336 2837 6379 9257 1804 4622 8576 9063 5179 6370 9238 8368 5573 4887 4134 1037 809 6031 6554 248 2825 9770 3777 115 8200 3366 6659 5436 1808 2680 2349 9560 3595 1610 125 385 8478 9648 366 4480 9377 7563 6634 9329 3367 1210 894 3703 950 3464 1853 6158 8464 4278 6422 1654 3607 8868 4312 6300 4089 4017 5740 227 9411 2516 
94 3000 2277 8586 5766 5716 808 664 4066 4217 625 7134 1098 6670 3638 5425 3796 6717 7719 3218 6646 8047 3165 68 2214 7579 2285 7147 4798 6771 2122 5120 7204 1053 284 137 649 7388 3916 7955 7790 9954 1787 6187 8874 3952 9505 4668 1016 7538 7855 3955 602 1888 4268 1948 8817 9373 7406 8633 293 9876 4883 8955 4894 5219 4098 3818 2612 1724 6205 9197 1595 899 3198 3393 9303 8240 8133 2400 6781 174 8461 3400 6066 9110 2495 6387 709 6624 9001 3911 9432 4770 9913 8951 2901 5513 6171 908 3635 8285 
95 3000 6686 9731 9024 5673 433 8157 7490 7222 1662 2087 7761 1374 8238 9081 1269 5524 3110 4976 7686 4203 8895 8636 3571 5386 5600 4822 4145 4931 1453 5187 8201 9131 6875 7398 6123 5400 1569 2382 1045 1082 4729 9697 3124 386 8388 1028 6944 9442 3876 1807 2044 9483 1416 962 6568 8162 2832 8787 4046 8973 7395 2934 3293 8823 785 2541 1438 3703 7180 473 75 2507 4473 3696 4542 8958 2611 1769 6324 1672 5058 3472 8576 2339 3388 1544 4781 2031 4999 5561 524 5637 3950 2928 8393 4420 4930 8001 6012 6705 
96 3000 345 9335 7186 6680 534 5050 6184 1338 7109 6336 5140 5527 9418 9063 4578 5143 4139 3536 7068 8430 7988 2362 3998 5420 3567 6449 5484 5485 8323 9120 3391 3029 6638 8370 7486 1289 5050 7228 4721 4273 583 2255 1626 6817 2222 171 9845 2768 5494 2592 4784 1295 189 8907 7389 1320 1198 7275 9048 4077 2477 3740 9619 3798 4137 9485 8584 6518 2659 6194 9321 7012 4235 9558 6513 3851 1231 888 6672 2587 1780 6866 1789 7061 2491 7412 6116 8835 4295 1686 6067 4757 1407 2203 3242 2635 3416 7082 585 5054 
97 3000 500 417 1655 1304 1764 773 3035 7442 6711 7807 9853 4473 9822 7013 4439 4662 8281 2595 8100 5965 2808 8462 6024 4585 1627 7350 5305 5664 7553 8067 6098 2081 8212 863 5893 1395 9374 930 6923 898 1424 18 6683 800 8948 6186 1591 5536 3449 1671 3760 3205 9189 8882 901 3123 2149 4524 9352 1506 2124 1843 230 5286 7933 999 8705 4035 5764 7557 6410 31 634 9114 6958 6439 982 41 4604 3618 6384 4358 6016 3556 8389 6724 5181 2429 4488 1565 1429 1286 5204 316 588 4853 4303 6791 9261 8471 
98 3000 2136 684 2228 3152 2105 9186 2972 8765 252 6732 7335 5342 7973 2872 289 2514 7858 8269 5846 7066 2658 8817 79 8626 7370 7888 7280 3469 4459 6707 9230 6451 2191 2841 7610 1070 6101 6827 9521 7650 3583 6913 6140 9645 1606 1931 4497 8078 7549 2295 2378 4094 3171 9120 6349 9650 1698 1465 2913 6318 8041 1713 2783 2223 2130 9057 8288 7097 5385 1128 3898 5468 302 3737 9878 7963 3171 8751 9062 745 9912 83 6760 3073 5042 7816 3783 2980 3765 451 2595 1087 7187 5276 6590 2535 654 6861 2495 7043 
99 3000 5221 3680 5900 7091 2235 2861 9906 4230 1057 3049 6903 3515 9898 5410 3475 6063 9784 2748 8426 9739 1645 6750 3933 7961 6535 3363 9819 6636 8965 6281 963 9218 3372 8576 7821 9892 3708 2437 81 4882 6153 7041 3439 1884 4959 4557 9504 7626 1411 4256 8824 3551 5917 4767 7034 9626 3226 4440 4142 6273 764 9849 6925 4434 103 2408 4456 3745 1547 3120 6760 8855 1848 5445 6591 3851 5046 6302 4331 4821 6436 5184 6020 538 9655 1405 4507 1266 6896 9475 3729 5695 2252 2593 6112 6000 8177 4267 3099 1023 
100 3000 5078 8064 8802 7585 4029 5478 6779 9914 2610 1926 9937 7210 3874 872 3559 9324 8436 6069 1457 568 9685 1934 5248 1649 2130 2041 6758 9727 2858 5745 3547 6598 6128 2924 7564 5006 1086 6855 6923 3071 2602 5207 806 6853 5238 9162 7488 1032 336 664 5494 7718 6232 7784 7871 3384 1599 8224 9594 3926 1909 933 8093 7844 9022 5854 6902 7555 3907 1795 2442 8820 2474 2425 3918 8311 4542 397 6350 9284 5931 9593 6723 5400 3675 5492 3267 2647 4361 3671 7854 9407 5593 6425 1532 4634 588 7508 3175 4167 
