FILE: 2123UnifS.txt
100 100 0 
1 3000 5352 3107 8203 5798 8160 4564 9027 4448 4741 1976 1530 7919 5434 4067 659 773 6723 4453 4878 6787 6763 9822 762 3702 4038 6247 707 6093 9131 3617 3775 6365 9632 8197 9652 3875 8163 3308 5746 2176 3532 8142 7395 4391 5006 4689 1211 6706 9719 2800 1543 9995 3195 3368 67 9561 3003 9638 8502 3011 5535 6642 4447 6253 5902 8754 350 7611 972 5375 5594 79 5512 4743 1716 1685 1472 5867 740 3993 384 8581 6651 8720 8891 1735 9977 2484 7400 9495 5507 9673 1855 5785 3133 3446 8646 6838 1809 4848 
2 3000 2630 1886 6647 60 8289 1965 9129 5769 4002 6848 446 2663 9451 108 7965 7055 6147 2296 4817 625 1084 2253 2614 8296 3512 6542 7284 4225 4845 7010 8044 5928 1683 6465 9482 6525 1970 2492 6775 5109 4266 9382 4031 5245 152 8191 5749 1590 9758 4924 1415 4639 414 6847 3209 3595 8425 6914 6852 7368 3981 6330 5568 3693 9175 5236 7173 6377 9162 1512 4292 672 6434 7716 7695 6769 8220 6139 2767 1419 7018 1993 9095 7680 4246 4713 3181 2789 7015 7397 4287 4155 8038 4360 3395 3483 8652 6821 5298 9021 
3 3000 4974 6709 3818 5925 7175 8598 140 4763 1886 9765 4282 8132 7723 8375 9684 5402 3938 9787 920 5593 2201 989 4542 8364 1497 3159 3039 3142 6158 2343 1933 6360 7012 8268 9992 6835 5661 1275 2566 9258 1884 7378 8058 5822 4167 1443 7509 5960 3348 8503 7314 4224 9403 3190 5066 6276 1342 7288 8513 3010 239 5425 7654 2800 5384 8876 9953 1868 3560 7498 8676 2782 1446 9788 4358 1079 1145 1070 9395 8 8834 9799 5752 3400 6542 1996 5811 6670 7054 3808 6331 5931 1938 2191 5537 5244 2696 3718 3339 1991 
4 3000 5042 1512 4670 365 6304 307 5947 2997 5952 9630 4668 700 9251 5108 2122 338 4036 7905 9229 824 616 2279 5506 7244 4802 1263 1158 3097 4058 479 2290 671 6778 67 9249 9536 4691 4745 8088 3167 8384 1995 5156 3690 5959 8368 4813 4753 4806 3917 270 2519 6510 4761 7553 4793 4875 3764 2593 8264 7076 9345 1443 3875 7938 2410 3615 324 7338 1413 8544 5680 734 5539 5183 7133 2813 6012 4714 8862 4272 5528 6386 8033 1720 5816 6485 8919 702 3319 419 5147 1857 3002 7938 70 191 289 1468 5259 
5 3000 7480 1120 7580 7129 7799 134 1577 1684 6173 6977 5213 7383 354 738 7527 6146 5726 2504 8815 2464 3328 6048 7712 653 1009 6634 1413 222 7707 7953 9011 9369 847 7178 7958 6605 6872 8154 3663 495 4894 2699 2199 7533 3472 43 6146 8137 512 4385 3558 769 6297 576 48 4184 9639 7929 4007 7798 7156 2149 4943 185 5672 5398 4943 5700 7749 4471 3267 9222 335 7112 4060 9028 6545 6442 7193 7785 560 3520 2226 1677 5655 8026 5503 7646 5355 7070 359 8765 7708 2126 467 7736 2688 4089 6299 8506 
6 3000 2725 6459 4717 6020 6353 6653 1686 4084 4994 5434 8119 1370 2852 4470 8835 5529 9947 2021 4653 5442 8265 6745 7607 1590 1033 9631 9283 4550 5127 4062 2288 1615 6594 3991 4837 1541 9306 257 8465 7419 6738 5015 8876 7670 6871 4294 9896 5167 218 8683 574 4477 975 2137 5389 7240 1302 8913 7593 5657 8722 8628 5676 4118 6652 9440 2954 8941 8050 9360 286 6250 2198 5685 1914 7967 4600 2554 4425 5932 12 6636 8843 4155 8593 934 5845 9181 5183 6720 4098 8587 1705 3597 1724 7607 2693 7678 894 3874 
7 3000 3944 7897 5537 293 4293 441 2185 6037 520 1311 3934 5668 5374 7003 7536 6381 8726 3319 3613 3380 1847 2299 9998 3368 4808 7280 8198 6174 7013 6079 2983 4494 844 2303 5107 1765 8443 4781 7140 8162 1615 5123 2438 4715 4850 3407 7229 5559 1482 1980 5833 8304 2963 7400 8996 2531 1265 488 5360 6411 4406 4516 6048 1455 5108 1514 2385 5383 2569 6703 6731 3119 7366 1053 6449 5915 9484 1970 998 8593 9469 2101 2141 4920 2703 6269 7292 1103 6806 6530 5974 7409 2167 5362 9415 7912 5594 6966 3259 8364 
8 3000 7089 6706 3407 2189 9756 8661 4983 4610 2821 1317 4419 4887 7793 1368 4678 6694 7734 5654 3587 6615 9665 1218 5305 761 92 3490 4910 9519 3659 2595 6119 424 4925 7787 2122 9151 3267 7 9551 8641 907 2570 5569 6345 4063 9967 8082 9594 7229 4805 9083 9097 574 2863 1115 558 474 6273 6859 4431 3160 4835 1852 3780 1495 5444 325 284 4882 9652 4169 8352 2285 9351 5023 7373 8385 583 9491 2086 2855 5469 7481 1076 2766 2273 3668 3393 8110 3584 2088 3301 455 2623 3847 3150 4721 7676 7968 4367 
9 3000 4084 4656 5349 6583 8001 7785 5858 4874 3367 8401 8545 5137 8784 1893 4982 7583 1973 2761 5729 8356 293 7797 9923 9284 4401 7393 7993 5749 5021 4980 7502 2680 2854 4580 2106 8676 1601 6494 3650 8253 4116 1108 7382 2214 1685 827 287 6146 6427 137 2560 7039 6820 3783 2191 8034 6355 3082 2680 1295 5315 355 3878 9001 5675 1485 5953 2473 9128 6601 6476 9413 8240 8888 640 9284 729 1518 4597 6796 6861 2711 1926 3535 9984 8917 3217 7706 176 6125 8794 2004 1025 9299 4548 9611 9530 9931 903 8315 
10 3000 9128 1730 4910 2760 5847 4428 5458 4812 7584 5714 1614 2061 6507 1293 4089 4435 4580 3071 9829 8954 2220 5458 9726 2594 69 9809 9462 3289 3900 6978 3471 9046 2645 8002 2030 5197 9543 2912 1475 9767 6422 7663 7538 6970 1098 9195 1815 8831 7905 8618 1352 4931 1345 2516 1363 281 2867 2384 1072 1313 769 2187 2670 6 3225 4042 3412 6129 4436 2027 830 7615 3911 4113 1072 9054 8866 2227 365 8315 9752 432 9611 1294 8908 1234 2095 4781 2340 22 4329 7463 4619 7619 13 9036 6912 973 7131 7460 
11 3000 8134 1958 8161 4323 9222 4313 3415 8341 543 8700 7505 6978 2416 5885 8935 6194 8767 8049 2810 8313 3907 8220 6684 8019 2432 7835 9515 6480 2252 2417 3765 3594 744 5390 607 8357 4025 10 8269 7360 9362 9423 3498 1413 693 4850 6148 288 7279 1895 6897 5591 5489 4978 8088 1759 3691 9894 7689 5179 290 4497 6389 1436 4873 7509 7807 684 2490 5452 1836 1141 1056 7708 1107 711 1877 9701 576 6729 3302 4209 244 3834 7504 792 992 9963 378 3357 3549 474 4569 5837 579 390 5628 6001 1899 4772 
12 3000 1286 7388 2816 7214 3856 9365 5596 6464 5763 5311 4047 1172 8193 8925 1241 2758 2874 8661 349 6411 6975 285 8608 208 1136 7559 4412 2360 618 1051 7522 6586 9584 5065 2411 5607 8496 2704 4728 2764 4646 9052 886 1771 5809 2480 775 4580 7017 4083 3608 7381 465 5239 6880 4722 8534 3287 8463 1751 9950 5344 1814 4595 9053 232 4322 8849 8207 8537 8769 6202 3322 798 7919 9179 2508 3808 2235 4017 7855 5056 721 1654 330 5278 4879 6857 7810 9144 5809 5466 6231 4067 4415 9763 3864 7136 4750 1971 
13 3000 8722 173 480 5871 9084 2921 4472 6553 7147 4347 1511 8284 5806 2079 4139 507 8553 9964 1619 1957 2508 3753 2026 2911 4568 4905 7463 5560 686 2526 2396 2501 8274 3424 5126 3361 1728 295 2372 9545 1084 8030 6991 7101 3791 8148 8813 7721 9616 1357 8612 7862 8673 8236 5191 5989 2569 8043 5596 7950 8689 5649 8462 468 7594 6600 470 2766 3549 293 5945 6310 8176 1294 9563 2682 7230 8763 2195 9574 502 4018 9874 4914 4849 6217 5879 9105 341 6166 5954 5401 9543 8254 6648 8403 9916 510 6777 676 
14 3000 9342 2788 2017 7502 4781 3074 2616 9745 4042 1921 4236 4847 693 5007 1916 5955 2082 3819 7166 9163 492 4461 8175 8880 7419 4589 3156 1333 972 8467 6809 6184 6402 153 9914 6277 9755 4805 2039 5506 4648 8120 7386 4818 2171 3884 3754 6328 3917 9665 4629 5567 8129 613 4397 1853 8985 1402 6686 6790 8993 6280 5831 882 4523 7260 1462 8287 4457 424 6220 9683 1967 358 6597 3267 9419 2711 6901 3873 6398 4877 6344 222 860 4808 9260 288 3412 7941 8441 4801 4713 2261 1606 8860 6001 1484 988 1687 
15 3000 2743 6366 6049 4492 1420 4134 9321 6473 9420 6047 5370 8933 8071 3080 2887 7531 8792 9730 9901 2651 2371 5953 2121 7896 1365 7218 4398 6712 5630 2697 5317 7132 972 1566 4913 4650 926 7445 5507 3215 1655 954 5675 4349 9980 396 7334 4400 4532 567 5961 9909 29 9687 3927 1104 4679 4464 6970 3528 705 3271 3776 7776 8001 7459 8702 7374 905 790 7609 4772 8107 6992 6830 5463 5670 5448 5262 232 3188 5002 9576 5528 3059 5892 2561 1956 2889 9809 4586 900 1022 8081 8192 9273 5186 7983 5804 2381 
16 3000 4278 7166 576 4924 3259 6221 349 117 1187 9359 4747 6933 2368 3222 5387 5476 629 3814 9224 479 6728 1563 5010 2921 8875 4499 2889 9777 6386 9571 7108 1887 6463 2071 1859 9951 4092 3202 244 8653 5075 5752 6364 8905 2177 7912 532 8219 4410 5203 7617 9203 9427 536 8506 6182 9059 2398 4695 9944 7958 1159 6003 609 5381 3505 1411 8631 90 4995 3031 3912 8379 751 3190 3054 5226 4258 4648 4725 8571 4305 3940 3159 6720 40 7837 9775 8869 4152 2935 2926 8759 4184 8376 5764 1453 1963 1682 2244 
17 3000 3235 1162 7722 1237 4644 2977 801 8783 6619 9945 9876 8459 9782 7870 6896 9874 6838 5884 8266 5292 8100 4633 9436 4379 147 2580 2618 7069 7597 446 7624 4568 8009 3762 5831 8469 9915 3555 7273 7997 3966 5159 854 5389 7214 5145 7686 9378 513 6380 7558 6824 9047 1214 8524 2456 5979 2784 9616 6741 9234 4450 6686 1884 1395 7356 1372 5949 2737 6108 3183 5101 7373 2586 4719 3981 2536 7878 10 4201 980 2338 5977 964 6505 3768 7025 7812 2613 3730 2759 9496 4283 1974 8822 2971 2875 9005 858 6521 
18 3000 4154 6758 1606 6998 9447 7410 1112 5203 9918 318 70 9371 3969 7068 6285 6803 7768 4669 4265 3601 8905 6854 7937 2551 3165 3516 6481 9108 4431 8269 3304 5524 7712 4128 8120 3093 5297 7318 2171 2520 6030 9211 6567 2419 7713 6382 3746 5932 2632 8790 2071 5478 6215 6092 3536 5623 8800 2074 4616 4074 546 7209 222 803 9456 9342 799 5291 2530 2495 2534 1901 42 3808 702 3373 2944 8588 6125 2444 3392 3503 4768 1597 8398 7879 447 929 6607 3146 677 4148 8202 386 5627 2697 7930 6022 220 7995 
19 3000 1253 5627 9340 1811 3624 5854 6176 4763 2896 4499 3685 2931 4842 8681 9182 2612 1812 1152 2058 3185 4506 4730 4615 8111 6883 4859 6033 4049 4180 292 9460 8109 4073 1899 2228 3218 946 9600 9191 1617 3300 7425 9189 6484 4278 6698 4641 1677 5315 7344 4258 9609 2918 7323 8881 7240 8569 190 452 201 1750 775 4094 5039 6098 8996 3336 9588 8678 1791 8447 1466 2390 3176 7901 4695 1494 2427 2970 4447 264 393 5434 9917 4762 3925 8428 5316 7744 8438 398 8994 6686 8593 2199 688 4935 7105 7304 6888 
20 3000 5989 1678 5146 4339 896 63 7585 1656 8785 3241 8494 9076 516 6733 6477 6326 5458 33 705 8617 1390 4165 9886 771 7532 7370 4350 9461 692 8910 1269 3585 4550 1007 2989 2764 2052 8895 8505 3959 947 9012 8042 6219 2430 5300 774 3553 2926 3645 5664 5924 8989 4432 5429 8372 5333 3229 3625 8261 5976 9598 4870 646 8530 4026 8178 1772 1590 2985 3424 695 5273 2114 938 9029 4862 7530 4215 8814 7586 5259 5757 8515 2525 8798 6040 7141 3633 4793 5599 6494 5895 6854 247 1537 4599 7485 9412 8891 
21 3000 7743 8142 7606 3456 1560 7420 9008 3161 9169 7358 5187 1826 2358 7874 5934 169 6478 9324 3233 4918 8479 3184 8348 6064 8056 863 2037 2225 1929 630 7894 4150 1243 2677 8814 6335 2101 2303 6580 6769 9210 1220 4580 4807 2661 6987 3647 7166 7833 570 1023 2046 8415 2027 2448 1374 2566 4311 7380 1177 2187 5210 7325 80 5323 7401 7313 5922 1693 6636 479 507 1342 8051 5782 2473 6417 596 8846 8286 6070 9598 5921 1366 4486 7443 977 9329 2034 2384 5914 9361 9544 5473 3906 1709 5714 5623 5865 1310 
22 3000 7629 2792 31 7531 4421 9286 4682 2040 4044 9199 3983 4807 3173 5968 6944 8220 236 8057 9509 9334 1565 2766 9777 241 671 8166 6338 6567 649 3156 9736 4091 9705 5644 7062 3493 9806 8862 9669 3226 8462 5795 4010 509 3624 1740 5603 450 1711 4991 6121 3293 8768 5645 3609 9787 4737 2539 5822 4683 861 8308 6687 8356 215 2565 5899 6549 1354 3214 1631 8247 5093 5882 6377 1671 4405 1475 5912 8398 7456 1867 1389 5610 3750 3704 4549 6463 3411 339 6059 8586 9582 1891 6983 696 3955 3428 3368 7353 
23 3000 5423 1278 3957 1821 1854 7457 1035 7072 4999 2234 4386 4905 8515 4810 8390 3189 9119 2130 2234 1238 865 5814 3251 3305 2545 7215 3388 205 8220 607 8794 9058 869 4488 2536 1163 9167 1019 435 7992 7389 3576 38 5313 8434 2442 2699 5434 9982 8609 8803 7577 3767 5712 6098 6371 7982 91 1165 8473 2804 8973 4005 7320 9050 6781 5756 5991 9951 9565 9530 8210 6056 7563 4381 7464 3257 5887 2393 4251 3946 3325 8896 1448 1288 9281 5803 7811 6625 8829 8078 9593 2 5901 3326 292 3824 4592 4506 8522 
24 3000 9627 8594 5770 4005 7983 8756 1430 1700 1529 8767 8048 4043 1119 8965 9650 1317 5098 8269 6065 156 1706 4240 4391 156 4610 1264 3584 8630 1548 6857 2175 3472 6113 6103 9105 4157 2652 4213 7697 863 4296 7205 2740 1714 4108 713 705 8152 9366 6924 3087 8434 8959 9635 2867 9254 3922 7433 4104 5486 1079 5010 4650 8058 9830 2592 1988 9945 2047 3497 2198 294 5102 9824 2045 6669 8021 6256 4199 5419 762 1995 5569 176 6616 823 8770 8479 7732 9283 6713 6516 3775 2989 322 1996 3699 1057 9370 5148 
25 3000 649 8668 6444 7836 9991 7748 4040 812 465 5779 4771 9084 8458 2729 4713 5410 5409 6116 9863 1923 8337 4187 5738 9874 3494 7227 79 7505 3138 6997 8701 6045 5440 4286 4451 3829 7510 4600 9300 8548 1547 1967 9560 7615 4121 875 4219 6666 8570 6324 6411 6177 531 2017 8003 6214 6592 6662 7309 9300 6068 8410 9933 1416 5904 7412 2731 1117 8703 6502 902 6780 3876 7 8203 1979 1923 680 289 8972 1832 4758 1177 333 1609 5147 2835 8690 1927 2728 7901 4599 2909 5794 5517 2540 4023 7606 298 5040 
26 3000 7114 2077 4422 4914 2557 7583 2841 5641 8533 8892 1625 9859 3427 7228 9424 5983 1365 8449 2061 2957 857 9361 243 3117 6580 2147 404 3197 4278 6929 8666 3440 8789 2449 7936 4853 5200 4881 8111 4570 3120 4760 9426 9355 4088 2044 8917 7219 2095 9297 7 7168 7239 2996 5225 7073 2502 2967 2045 9665 3653 9941 1849 6660 2273 1241 2020 1001 1911 4587 1152 7231 7356 32 7395 9990 7048 18 9919 633 8594 7563 3499 1979 7430 2569 6235 1182 8595 6252 392 724 1630 3704 6361 7541 8610 4576 9750 263 
27 3000 5297 1886 1603 4592 5410 8955 1733 6793 8038 4459 5193 5316 8156 5622 1862 544 288 9516 9162 2661 5278 2500 7896 7653 191 7777 1214 1424 1346 1076 6703 2044 466 4465 1602 120 3952 8278 1140 7294 5290 1179 4 2860 577 8345 6924 8516 7171 7772 2394 1228 5471 4709 9507 4232 3819 4221 7923 6152 6526 1865 955 8246 5026 2507 5789 9780 2152 7248 6819 1521 9539 8488 2114 7358 8151 3106 3010 4051 1935 3772 6820 9099 4594 8378 2678 6740 9496 7597 501 2067 2693 567 3082 3276 9083 8699 1302 2041 
28 3000 1679 7614 2469 2004 4015 7196 1789 5400 5674 9778 6947 7802 938 6453 5829 991 568 1504 7359 3956 6704 4965 5463 2009 894 3303 6160 4037 5246 8227 7779 7868 6704 3624 4293 3772 4451 614 1790 6079 439 734 8060 2923 3037 7249 5309 4121 3811 4585 6001 7159 7427 5885 1821 1322 4674 8697 5766 9933 8622 8776 7359 729 3896 2026 991 4355 9081 4552 7383 986 2243 847 8176 5070 9591 97 3649 8205 7245 620 3555 129 6145 2419 1089 7847 76 7872 9974 2869 6817 532 4681 6591 2426 2068 3765 3782 
29 3000 8635 7322 6330 4213 3380 7490 1622 2396 4456 1431 1738 5460 6289 5106 7474 9146 9843 9127 7281 1925 5646 4451 9363 7249 9941 6179 6884 3919 3963 5498 6316 4582 6347 9733 8896 2352 8645 536 5222 5556 3989 188 2965 604 8862 6041 7707 2987 8002 3070 6911 6398 2429 4557 7007 9977 599 904 3606 3682 2678 6564 4845 1785 7948 5097 7844 4495 5333 2358 8304 7703 7049 7803 3217 852 5385 3924 6706 2933 2605 3807 8993 6609 3970 6813 8483 458 3900 2393 6986 9345 5240 2013 8052 2919 1672 9223 8437 2234 
30 3000 3239 7829 2694 4493 4992 8211 884 5922 8778 1753 9423 2763 8134 3399 5039 398 6314 2343 1867 595 7450 830 1663 6876 819 1095 7140 8015 8251 422 8440 9660 4657 4323 2717 4079 1677 7849 6855 8030 4461 5025 3308 8756 1571 6408 9064 8109 8006 4768 7736 4794 1358 8901 4775 4741 1085 5557 5810 9600 918 9505 8116 3365 4383 1711 5200 7117 3460 5650 4518 1894 353 1739 8312 9692 2399 9893 7582 2582 90 214 9165 9958 8230 1792 5960 3907 208 9648 262 2706 5403 9783 229 2442 9712 2368 9469 6759 
31 3000 9198 3052 9761 4729 6875 2393 6888 6849 2601 3416 9605 9159 6112 7301 1731 5492 3175 7189 7359 7841 4858 114 9198 4860 9941 7065 42 8481 438 1167 7351 8661 251 3990 974 6254 6946 9984 3985 4008 6658 9036 6649 5683 2117 7154 3510 3300 3799 5276 3608 2510 4205 6205 3819 6093 5264 9663 5319 5574 8857 5480 3171 976 473 4899 9045 8684 5986 11 7055 7447 1553 1314 2725 2494 6648 3395 5077 7786 210 8740 1848 6381 9919 9668 7827 8933 4603 8387 6323 314 9763 5180 3755 4359 6224 4714 7362 6737 
32 3000 1915 472 6050 5946 6770 7311 4349 2436 753 2148 9510 5855 5015 2766 1716 420 6169 4751 7421 8410 3692 6547 5819 1792 451 2641 8430 1965 6361 4872 1816 7629 5154 1865 3420 783 4289 6587 533 849 7974 2035 2384 6911 3322 5040 5351 8094 9626 8203 1304 2053 762 9954 9071 1601 717 2735 9022 9447 2240 9308 793 1077 8622 7188 4116 5739 8593 1203 2792 5575 4358 4180 1776 2858 2738 5746 7393 5370 9459 9271 677 9892 6547 6919 3841 3830 2855 2836 9858 4960 7720 4457 5183 9297 7738 1938 5591 7093 
33 3000 6666 5720 5139 6956 8448 2205 8261 8101 3371 7572 4978 714 7339 9704 9241 4455 4278 8253 393 5074 1659 2817 7762 9159 9158 9255 8374 7008 424 4115 7794 3623 7989 7197 4088 7835 1291 2234 4917 9544 7828 5701 7748 5095 7436 3749 3197 773 9688 7265 1492 4423 4426 5050 2062 5197 5411 5137 6256 1424 7098 4216 3177 6610 4544 5196 8652 3552 6431 2890 7318 6590 1216 7821 7839 1977 6418 8155 1246 6373 1010 9766 2400 3468 950 4409 4584 8728 7837 6040 7217 2264 682 5239 6692 9832 815 1777 345 1950 
34 3000 9912 5296 3541 1145 1144 4115 9891 7329 3457 2170 4589 1287 8975 4067 881 6303 3525 8267 9653 7908 292 8398 2145 1744 6594 2682 5789 9569 3784 1501 3181 3370 280 3074 4163 7613 7717 7271 1042 9616 222 7541 6928 8042 6817 978 7200 9519 6948 6497 4097 3390 9136 1147 4429 4581 2754 4544 420 4600 2932 1428 3674 654 8580 2348 2260 2898 3545 2472 931 9807 883 8517 4463 1668 267 3810 4120 2207 8512 1472 7240 8329 3224 5723 9958 7992 9583 1321 3036 6204 243 1118 836 9144 8357 1742 3407 6404 
35 3000 3733 7406 1697 1367 2110 1846 5897 9695 7559 8374 6904 5960 8012 8064 910 8378 3914 6061 7120 1693 1 6013 8588 8161 198 2633 6183 6682 5655 2377 5681 36 5890 2257 7978 263 3073 6776 2430 2152 9424 2980 3316 4868 7744 3648 9433 1693 5065 8597 6805 7901 9426 4118 4526 6750 9781 532 3727 3609 9020 7877 9658 8198 123 9712 6913 4962 5442 5054 7762 1568 9095 8438 3620 5525 2503 8095 9634 8928 3032 2266 2400 1333 5781 3633 803 751 8474 1877 9982 2768 9496 4365 8415 7794 9040 4955 8141 6431 
36 3000 3386 930 8097 2973 2305 8059 579 7021 9583 3780 839 3236 6675 8504 9795 9206 9483 5056 9870 1441 8258 6228 3961 9500 628 464 7527 8228 7747 5672 3800 8137 3576 1150 2133 3895 7285 7654 9458 949 8779 5574 4876 273 7349 1246 7378 1236 3453 1385 6677 2602 3618 5645 7179 1646 8462 7298 5070 1405 3853 2048 8529 6046 5182 4964 1074 4364 4769 5534 8019 1400 2386 852 6070 8192 8913 6929 6038 9641 3112 8120 8676 512 1534 4689 3650 9550 1541 8488 1621 1730 7464 6770 9467 8626 9873 4118 8619 6909 
37 3000 7988 2508 6527 4966 5199 9486 1248 7648 7723 4487 9163 9137 6378 3257 5819 3950 1489 420 9886 6052 912 159 256 6105 1188 5023 6253 6843 1820 2862 971 6560 2676 1887 7745 739 4514 3850 9735 1794 2638 5355 2643 6941 3673 7294 555 4196 5467 2400 4902 6494 119 933 6551 3937 133 4492 1024 4163 7692 7943 6830 846 7064 9482 6937 311 124 8815 3357 6287 5015 3471 4866 2770 7915 3230 7837 5029 7948 2688 210 8718 5207 1933 8583 7128 1906 5363 8420 6555 6660 8609 7397 9796 1884 3603 1866 7774 
38 3000 4326 1756 6442 9278 8711 5269 6720 8841 4525 6563 5115 2729 5917 5845 9826 3067 4721 6783 6927 84 6614 321 5579 2484 392 6608 6374 5940 371 5061 2796 9718 1913 2546 5814 1424 83 9684 1594 9870 1423 5291 2341 6074 8854 8932 262 2381 9705 1605 4659 9708 6865 4552 2141 2917 3060 6189 9962 4306 8255 7167 2492 5237 181 3556 801 5878 7989 8152 5377 3074 9028 9912 1965 6344 8743 1509 533 2002 3705 5023 7357 5406 7766 5742 243 1321 1333 4099 6861 2424 3769 5731 6215 5922 8924 9662 3228 8295 
39 3000 3787 4610 6458 8170 261 3423 8940 7318 65 5637 2151 9773 2766 8159 3095 9080 6925 4076 4524 3663 4380 9586 8274 324 7645 9063 1731 5864 438 8235 7421 6828 1334 5491 5725 7374 541 1323 716 5276 9804 5877 9130 6035 5432 4637 2450 5136 4449 2239 2124 8410 3873 4399 7901 535 3117 7975 9303 1656 9518 9148 208 2132 6987 9733 6566 5405 7789 1611 7245 8996 7442 9288 7985 3630 2749 579 8499 477 2945 5418 2680 6528 3980 2786 1944 8085 5917 5776 1694 2390 3458 4775 913 7362 9604 8770 4872 9477 
40 3000 2423 4783 977 9759 4961 5432 7729 7900 8261 4609 6817 4509 7522 1297 8332 1484 1373 1493 9103 505 4276 8277 4169 9656 2053 9989 1363 8172 541 6538 9030 9309 7365 3838 6863 1343 6843 6368 9875 6686 8013 7850 5481 9135 5785 62 3717 9246 5219 9771 580 7823 8927 3790 4490 7547 7599 2162 5885 2715 3658 9472 9928 7117 8034 4275 2356 28 72 6658 8438 330 551 3925 5067 8760 7844 4399 5976 8279 7191 9366 76 2569 3103 3123 2922 2655 4890 1168 1303 1647 5310 6508 956 7618 2351 4091 7406 4593 
41 3000 4129 3363 9930 1674 6919 8956 8651 288 6304 9494 4746 9551 1457 4527 3792 9773 2537 9588 2229 4071 1221 9380 6946 8122 4356 9082 8003 8028 734 3783 4464 6317 997 6041 3366 6060 661 1567 1808 3123 6274 3031 2166 6529 4687 2001 430 6963 5460 8996 7673 3388 6387 1671 4638 7793 2152 1130 9456 8064 6104 6352 8481 8979 5158 6755 259 1330 7824 2881 2617 9169 5362 5197 2875 5178 6052 1037 1190 4168 2604 9656 7018 4696 2683 5414 8706 8816 2557 9086 6205 9944 3881 7293 6909 8860 3594 65 4623 7826 
42 3000 6952 6521 1651 2831 3673 8677 4011 3967 7221 3384 9773 3919 7204 2380 529 4589 4903 482 5977 1844 1927 1886 1638 8384 1984 4606 9699 4738 5789 3031 2972 8388 9090 8610 1989 1014 3817 8656 5213 3862 2364 3288 2382 1244 4990 478 969 2157 344 9248 5775 32 9121 966 1644 600 834 8788 9301 7892 3725 5214 4319 8360 7782 7771 9205 3121 899 2821 8620 8329 8151 7497 7717 3672 4195 9761 3601 8993 8799 6585 9928 9034 5494 261 4612 6310 3351 2838 668 2102 1883 8674 177 5583 9074 5127 1376 1057 
43 3000 2529 1356 8871 3336 3752 5261 6978 1234 5552 8539 6190 9188 2564 9865 2762 7004 4906 6207 1430 7730 4954 2253 1250 3648 7247 7972 4562 398 1511 4301 9079 9225 8812 6947 3104 7348 838 8327 3868 6457 2294 7622 8998 9334 6434 8964 1102 4598 3713 7740 5487 9577 3564 5031 999 1307 9299 169 3985 5648 6137 1416 5388 4531 2357 4780 957 1334 3577 943 4588 4373 151 322 4790 8523 7703 6252 4275 4968 773 6294 2672 9069 9600 1671 2365 6361 21 4824 7462 6674 6497 5096 5882 6379 8271 2540 4570 8760 
44 3000 8640 9857 7838 2509 7358 2448 8830 8346 6166 6603 4108 3769 7443 5806 1373 5921 5982 5171 300 2587 3895 3999 6505 1318 8637 6462 8635 6673 4162 413 8581 5593 5196 4317 4821 895 4646 2312 8880 2896 4119 7391 4926 9156 7581 2712 2479 2350 8131 1029 2255 6265 7905 2254 5128 9922 1101 9139 4224 9817 136 1084 129 298 4917 6072 9236 2061 5248 724 5205 8764 6356 8488 3555 1783 7544 5945 9378 3074 3966 7242 8181 6176 1532 6650 9846 5327 4935 9250 5725 2715 8801 9740 8852 3844 1971 9368 7285 1035 
45 3000 4896 994 568 5043 172 2268 9322 4804 6189 6943 7960 5309 3906 4309 529 3597 6759 6747 9671 2876 3682 5417 8714 4772 5265 4064 6890 9697 3028 955 7670 5348 1822 8933 233 3323 5362 3603 4052 3873 4874 9641 6613 8772 873 5228 4251 2308 8068 4606 6117 410 3389 8763 1268 7892 7136 4244 8880 3824 7259 80 1592 5027 6760 2851 1964 7696 4221 9866 2073 7146 7456 474 6225 5679 285 5497 6797 8588 2442 4786 3198 8271 2600 2912 3962 6480 4519 2964 1962 4692 6333 8492 2751 2604 2941 3560 6024 4756 
46 3000 1545 931 210 5275 293 8378 186 748 63 3113 8119 1218 9364 4350 7428 9301 2359 3986 9873 7440 24 5410 5774 3267 4420 438 7349 3106 6098 4369 5177 3592 4627 9171 7789 1416 2242 4788 4384 1196 627 8576 669 1475 815 2857 7820 8842 6212 609 4577 175 8757 9268 2455 3016 8191 2666 4087 4064 4464 1089 4686 5797 3263 9458 6636 1222 4661 3640 7208 6738 4897 4882 9396 3140 1278 2368 5888 4735 204 3904 6150 6591 8326 4723 6644 9906 6814 4426 4167 5506 8770 2031 2316 5464 9747 9165 1079 2848 
47 3000 1406 1369 9546 9593 8292 7531 1753 2492 7735 7444 5646 7322 2880 7493 5168 1091 8837 4461 5478 2404 1961 7463 1289 9961 2249 8005 8330 9182 8875 8167 7942 6949 8836 6912 4787 4476 8733 4519 7690 8309 9669 5144 3607 9446 5284 7500 4707 581 2900 3667 8598 1476 7800 6027 1654 2460 634 2322 5492 6046 7942 8835 6552 6678 5808 1703 8819 8604 6638 6346 9659 1872 9063 5030 8785 6447 962 2548 345 4463 5621 27 8141 590 1003 6866 3965 531 2157 792 9065 7645 6742 6043 8735 7690 3679 9678 32 1695 
48 3000 4930 6009 2611 6959 398 9162 2693 6168 5958 3759 156 4643 4606 3726 8746 5712 738 9228 9421 4204 7550 1726 6813 8073 7571 7164 8818 8139 6307 7273 9314 5965 9026 9006 3997 9850 658 2101 9346 8950 8818 4758 4717 5525 9965 7450 7552 5309 8676 4860 1724 6008 47 5935 8999 3920 5222 2071 3626 8679 49 3423 54 6131 6848 3336 3768 9324 9324 907 5257 7635 586 1666 7104 4013 4304 6385 4198 348 8986 8011 7076 973 5378 6729 8388 4279 6992 3137 2486 2466 3762 9563 8140 9409 8815 9496 4375 6661 
49 3000 8379 5141 9440 7566 4807 3107 2893 9511 2731 8215 821 4295 8339 5430 4177 6626 1777 9918 243 741 2676 5234 7224 5152 8804 9630 1961 5517 7847 484 770 5639 2305 6863 3408 6583 7526 205 161 3924 2853 3128 2062 3118 5905 6362 4228 2999 9976 3813 2327 7399 4567 5737 2166 4892 9033 59 2406 6671 9364 1799 404 2538 8085 634 1175 5029 7288 6581 9483 1656 4778 3807 5058 5283 3353 2558 932 2620 3208 9224 4905 843 7461 4518 4138 2342 805 9785 2864 7589 1285 1438 3228 6138 5202 3514 9255 5745 
50 3000 5138 8360 3937 9611 1112 5439 9449 1757 4853 8265 488 518 7205 9463 740 167 8654 3950 2467 654 2979 244 9222 5486 4032 9900 1692 7718 5637 5064 6661 4073 4622 4163 9097 7193 6964 5709 7372 6006 7076 231 1599 4224 199 340 5096 6960 7939 8906 8978 5483 6911 5372 9870 80 523 182 749 1056 3873 7345 4907 7855 1782 5115 3040 6308 9941 4803 3467 3999 9190 7704 5465 3765 2923 165 5736 5317 7611 6760 7998 4984 6459 1603 5697 3587 6178 7783 7849 2432 6893 4916 8007 7434 5166 4839 6343 1359 
51 3000 150 5406 4873 4200 2867 2432 5787 1671 8609 9748 2924 1827 2467 7383 6352 9811 7981 7874 90 725 8919 700 2944 626 4179 4840 2474 5649 5817 9456 2081 9250 199 2704 1227 7578 2276 8664 8767 2973 2990 2401 9424 5584 9800 3150 3368 3118 333 5620 8940 8709 9163 9432 8485 6917 7713 6675 7322 7844 7281 7591 5831 9386 5194 4382 4668 7599 4086 3146 3106 5198 4298 3934 499 8178 9406 8934 871 559 4874 8777 633 7258 9832 6977 9422 5084 1978 2483 4065 1861 5602 366 5669 3671 2745 626 9836 229 
52 3000 7469 5128 5 8376 3265 2657 3913 3701 3579 2106 3188 289 5461 3780 6060 8587 6346 8833 3208 1406 3956 6824 6717 8040 9326 1404 2171 6509 2957 4122 3869 3936 4093 6357 3165 5037 3125 9382 9930 8747 7114 2541 7144 2962 8450 9565 8609 7413 6623 2997 9793 4663 3130 6759 1790 9224 9497 6830 8413 4805 8438 55 6406 9686 8129 1082 8788 210 9608 7418 1314 2405 7307 2612 2065 1732 2701 7567 4168 954 1085 9969 1628 6134 1481 1849 8299 754 9660 5264 9971 7963 4297 6110 9585 947 6247 6050 5574 1424 
53 3000 949 2575 3327 6268 3952 7191 9779 2254 9569 1722 1126 8926 2651 2745 3665 9598 3493 4153 7758 473 5861 7831 4922 7888 8139 2473 8045 3684 7616 509 4725 8708 7878 3166 3734 4428 9344 3652 4611 2681 2913 8465 372 3546 6741 6825 3355 1335 6149 8232 4179 8722 6643 8154 3841 8982 74 1830 8924 6365 3906 6208 9941 4593 3630 0 2799 3477 8279 1868 3387 3669 9089 6732 5295 9530 1275 205 649 124 8929 1148 4078 8343 3053 2356 9806 8152 2707 9367 1862 9957 9288 7394 7425 4106 3935 6387 3284 2506 
54 3000 8050 4211 5434 8372 6956 7959 1783 4096 6672 3385 7997 7244 3817 2460 6467 4678 8634 9059 8391 4801 1146 2768 8996 7926 432 816 5876 4777 7027 8139 455 3107 8453 5555 2577 2443 7870 6081 8224 6960 5854 9361 352 6475 5295 4229 2860 5569 9433 9387 7674 833 3000 2219 4967 6239 6506 5722 6498 6636 3637 3565 2074 9372 1783 3273 9143 4037 5690 7533 5508 339 4239 3633 5165 4095 346 1015 7270 1356 3993 6963 8230 653 8375 406 6911 3363 9182 3860 2989 2213 6999 3477 8405 7893 2834 7237 1958 3809 
55 3000 6772 1252 7023 8949 9747 4198 2386 8884 8452 9880 6213 4883 3360 7909 3135 1165 9878 2515 4469 265 2628 9477 1553 6535 2844 1185 2211 7761 8903 9822 348 4912 9974 8672 8658 9 2799 1554 4467 2122 1595 383 8700 1491 1078 850 7966 1773 2618 6230 9778 411 3516 9322 889 7133 9406 2499 8758 569 9783 5899 6140 3001 6653 3729 8801 3234 6315 8700 6359 7587 4259 4586 6246 9021 3193 6907 800 4382 4201 1738 7478 9769 1015 2642 2199 4035 7416 5730 5807 408 7769 2842 3659 6231 667 2859 8342 841 
56 3000 5714 1133 5513 1559 3424 7048 2864 7816 8250 9705 2211 3396 4736 1724 4707 6804 6794 1187 9185 9772 107 1689 3623 3869 7657 525 9731 5255 8374 4997 668 7547 8916 6851 1881 2818 8574 4831 5069 718 7293 5365 5276 5718 6829 1374 1103 2485 5024 9204 8047 9372 3212 3686 4970 46 6741 1319 3684 3228 8630 1580 1669 568 6342 6353 7913 2642 1691 7495 1874 3067 3867 2512 5572 755 5587 8373 8805 277 2375 3440 7487 365 4962 7531 5110 529 4817 99 7342 5804 2793 6541 9733 9623 910 2637 8560 4811 
57 3000 7258 7100 4791 2707 4018 2268 1175 409 8619 2906 2453 6148 8016 3145 8705 2780 6091 1536 1809 9410 4178 4237 5033 1137 4720 6318 5749 6927 8042 1199 1275 5604 2257 8207 7836 9978 6289 8255 2660 9086 6031 7660 9184 8564 3618 66 5403 9146 9830 6510 5329 3281 9621 3605 3582 9883 770 9845 3105 7197 5657 40 6007 3801 6170 7876 7522 7723 1727 6599 3104 3688 432 7819 8638 8492 3351 8450 3783 4493 1913 5765 8434 1235 8440 579 2315 5194 9798 8558 7691 7650 4174 9656 5209 680 980 5669 2863 1283 
58 3000 3876 5920 8083 3622 6928 1070 2953 9399 3883 5047 2545 6350 571 5111 6388 4862 430 29 3059 2726 3164 6393 7894 8003 6515 3046 3831 21 1169 3645 5371 8500 8780 7343 5674 790 3127 7597 6767 7252 4386 9105 2890 4746 6537 2858 6955 8254 7886 9330 140 632 4723 9785 4604 472 8098 5707 9324 8104 3719 6365 9062 9716 4986 4490 6452 9598 9137 87 7220 517 6530 2370 8519 2210 3043 9816 397 8004 5602 8354 384 9567 834 7669 1210 9775 6844 5639 1641 3707 8114 890 447 7772 3537 3485 3494 6950 
59 3000 7564 3725 3950 162 4483 9092 5635 3772 5822 9298 9480 3203 875 9475 3117 2686 355 1482 3599 3128 3172 3338 3231 8111 6335 6780 8542 8012 7979 2950 2375 2249 3517 6197 9095 9652 4916 6018 2937 6961 3106 7112 9466 5443 3497 7565 166 5642 4641 5159 160 248 3 1803 9046 5093 2866 6096 4860 8275 4357 4008 1172 7400 4602 7687 7295 4956 7000 2396 1628 1807 5628 1570 8119 8816 5766 9998 5856 6590 7552 5134 1783 3351 2756 6532 6537 934 4687 3399 3415 8905 1215 283 462 6808 927 882 5688 4539 
60 3000 2403 9975 5408 838 6620 3482 5703 9913 2475 6646 7014 6184 5444 345 1856 7156 9352 5523 5656 4413 1282 5748 719 2742 9599 7898 3320 7377 5100 968 3913 9369 5296 3003 478 9084 1814 6158 4981 7826 919 9883 2966 7578 7174 2226 6267 8877 210 9274 8853 6809 4634 2705 5788 5129 3053 5475 5322 8511 2227 5629 4108 2912 2349 8227 5540 4075 9443 5410 1218 4148 894 4581 5538 6427 4101 4713 3406 8233 8250 783 1080 1901 9224 6329 134 3908 7622 4138 4545 2114 9917 5051 912 1134 2732 4895 1795 5839 
61 3000 239 9548 2177 2969 4694 8115 9056 886 81 4242 4161 7440 8892 5548 9788 5970 2035 1182 7771 9420 1851 7510 1565 2590 8277 1920 1464 2504 8114 4756 2944 6906 7436 9382 8121 882 7114 356 346 1607 1472 9748 1920 1214 57 1567 4928 7793 2549 4325 5213 4507 6786 1714 9457 6845 9913 1421 5403 7988 2665 2058 5188 2305 6764 8222 1814 6979 5450 3678 8735 1746 7131 2666 2572 6773 2163 9339 8952 8650 2750 5317 1474 4511 5971 5372 3799 4282 9935 1240 4866 1052 3056 3549 7228 9566 6457 1880 8521 2850 
62 3000 9495 2954 6049 6957 8416 6932 4506 3834 8131 1860 6809 2321 7118 6219 8066 7274 5450 9609 2667 6806 5948 1563 4494 7663 8456 8476 266 8717 7247 8666 6003 2589 1545 5556 6614 5394 9185 8983 8611 4612 3381 4631 5953 5085 2638 1591 9005 3137 3770 8046 6635 8820 8061 5074 1423 6288 536 8589 8003 2288 2366 9391 4527 2787 6396 1359 7256 7712 5794 7752 8275 3826 5833 5647 6333 5721 8790 8495 804 4942 1975 6807 8782 7230 8881 6960 5294 7894 3465 8134 6639 5309 7547 7365 6854 2535 1341 2734 7301 7065 
63 3000 7101 4676 9387 8691 5906 5408 401 5509 7558 6491 2475 8032 3609 4515 4682 1439 3515 4907 8245 5948 3913 3860 4876 5309 1023 8398 8248 3426 6175 4556 8576 9106 4464 3691 336 8925 6521 6911 3108 8227 3424 7639 5534 247 4718 2294 2412 3351 9570 9098 4914 6416 1050 5015 3916 2316 3525 801 6474 9551 3195 4197 5406 1991 1739 1231 2010 6744 3098 5655 1905 156 3370 6500 3993 1930 3846 3765 2549 7372 7155 2221 2440 7765 6546 3347 7459 8860 8286 5385 1795 7503 7194 1530 4618 6374 5285 6233 7798 6865 
64 3000 3555 9637 6744 74 6879 135 4366 5922 2039 5053 8168 405 8877 9461 462 962 4570 3104 1707 9972 1039 5460 6974 6372 5467 8928 5538 5408 3959 132 3589 6505 8315 9356 75 9260 5934 8103 5667 7566 2842 4780 4845 1855 9842 8503 1118 9475 1794 1034 5360 3178 15 6837 7275 7750 7810 1264 9992 4749 9117 6863 7771 5381 295 7809 6851 1495 5016 2466 9410 4702 2298 4069 658 3626 7659 9533 9048 9268 7386 6385 9620 8511 5948 7826 463 5730 6517 5912 2306 2551 4619 2863 1232 5710 4917 495 4521 3057 
65 3000 1108 7784 9608 7674 8955 6543 6181 122 2434 5236 1389 8811 3017 905 8188 8497 2070 9238 6800 6904 6383 2744 9307 9467 6820 7066 7363 2208 99 5412 3037 2725 3693 1118 2775 9322 3855 8326 4491 8247 6776 798 7781 9068 2857 8843 7265 8167 4113 4384 9050 362 4704 4133 320 8653 4579 908 2051 2091 6263 3058 4851 1780 4752 2028 7925 4989 544 8040 1164 7406 5791 3904 362 3508 3575 6946 5553 5050 310 9073 2478 7697 1273 4953 7172 5762 9253 8325 3685 5078 6328 6430 4913 3999 8769 2574 6570 2516 
66 3000 5068 6809 4277 9504 7088 4740 3771 8096 4341 4462 4252 9176 1393 1617 4846 3001 8387 2577 4190 8949 4699 5752 3153 3385 5713 1027 675 5663 2726 7318 2726 2244 5970 8255 4405 8944 773 5992 5146 1300 6826 3140 7064 3073 594 2826 6418 2866 839 6876 8198 8867 7275 2125 3845 1728 2340 4848 2087 5551 6105 3320 2906 7017 4297 8502 4625 2630 9453 2845 4127 4086 5199 7227 190 1771 3646 6011 9958 6382 5926 226 8524 8673 5838 8879 1649 7324 6627 8389 1602 4941 888 140 6123 2176 3592 6172 513 9968 
67 3000 8238 2985 2851 9922 6130 3472 2331 2800 8781 6981 730 5143 3441 7498 6993 4019 1745 9951 4953 9890 1494 4649 4170 7615 1559 9839 3890 5561 9901 2389 145 2860 4733 6597 5958 4773 8789 1122 4689 6187 6733 4049 6497 3239 5680 6065 7932 3059 8854 1774 4647 1644 2363 9126 7242 9849 5098 6978 223 7516 1769 776 4097 5713 9046 6366 586 7107 4846 1926 963 4464 732 8024 7523 7263 7438 5802 8167 6450 3523 3286 4119 7301 7151 9818 769 425 990 8616 1634 882 240 7455 5446 5429 3784 7479 6374 7891 
68 3000 8471 131 7357 2659 6512 2216 6572 6307 6009 9080 7023 7343 4609 5921 9258 4078 6281 7224 7204 621 1216 4315 7136 1001 8859 1050 9767 1414 4056 7620 5460 592 6335 2486 2570 8301 2305 2437 8907 1961 1188 773 6328 1395 3469 3616 8452 1693 2670 4340 1496 4217 259 6135 8245 5715 3673 2684 5137 5571 7469 6976 2484 1175 7605 8239 7804 1419 8843 6996 2292 8319 5271 8254 408 6758 3960 2804 2590 2362 1740 6666 1097 7491 5101 8637 8972 5364 3224 5980 2132 2305 4129 8232 4583 8108 3954 9138 6760 4544 
69 3000 9359 6705 6991 1971 3052 1395 6087 4088 2441 2424 5060 802 1410 2199 5958 9223 5225 8881 5833 2792 8559 7061 3829 8519 6644 6574 1397 2359 9550 9430 5639 2704 9586 4874 5767 2011 1827 2571 2694 6539 7768 3909 1753 4229 2100 1438 8531 693 2612 6428 7840 3340 3222 4550 5802 3620 122 9686 5065 7393 1064 5864 3143 3429 7755 7314 3884 28 1389 6653 2053 9765 1299 1195 1055 2361 6730 7380 3767 5680 1746 3338 6508 4850 3258 9569 6129 9510 2170 7755 224 9177 7665 7688 473 6747 4599 2335 9106 116 
70 3000 4035 1016 8492 1920 6891 718 3856 7414 720 5523 9116 463 9609 4172 5850 7664 7212 5743 5386 594 2896 3466 4014 6178 1024 6650 1329 5189 3351 747 1696 8865 4559 5532 8835 3659 902 1413 3544 4105 1989 3866 4530 3821 5683 5990 2379 4623 6129 9194 6648 3776 4907 2004 6073 9363 5310 6998 1914 3783 9743 5861 4418 5369 256 2574 2411 8136 2190 4716 6008 9651 959 2906 2459 7033 1951 8353 5110 1069 3554 8545 5492 8461 3310 1056 8540 2199 7193 5480 927 59 2007 3488 2536 1218 920 7015 1043 1004 
71 3000 2111 4563 9637 3769 548 5642 7857 3880 2894 3322 5556 4844 5532 4919 9995 6552 5713 807 6053 653 5843 1344 9571 4046 876 1939 3813 504 8847 6228 9060 420 4522 7389 5320 8675 6177 7571 8172 640 5497 5456 7731 6289 607 1940 732 2455 2224 3942 5752 3191 2930 6338 1546 8274 9582 2023 8513 9820 8832 86 3286 7036 5783 2129 6444 9087 5765 6692 3358 6092 9240 1817 8147 8248 9825 5730 779 3073 5448 5646 7274 780 2625 4711 3054 7771 3858 7051 9400 8257 8170 963 3048 4007 4749 220 8900 2220 
72 3000 9733 3503 5863 1516 6107 1966 5820 6061 6731 4912 5713 7811 495 3606 2760 6887 1596 3210 2796 67 1936 2835 1738 7406 6655 3731 173 6988 2779 5596 1074 7793 1000 1002 641 691 579 7962 2263 7570 7369 609 3610 8573 4972 8007 6846 7479 9014 1082 1972 5191 4549 7683 3289 1360 6582 5764 8986 4133 3729 4693 3857 8021 4987 4686 5142 9897 9640 4366 1489 3116 285 6445 5045 9764 8985 1535 6672 1023 6549 78 4285 5673 4928 2408 4318 6710 2747 6934 6313 6095 3958 6447 637 7621 9613 2554 9317 7912 
73 3000 2771 8239 12 5543 6522 8543 3096 8287 5143 9374 1877 8484 8371 4443 5936 6541 8807 319 7589 2549 2444 9615 1482 6030 2322 2293 7302 3811 5298 5104 5618 6016 1955 9141 6846 191 9628 5525 3339 3547 8553 9211 4600 3331 1149 927 5624 5326 4417 7228 8364 467 5469 8679 6317 9591 179 6167 2241 6307 4962 5334 8995 7989 1675 9133 3505 4903 5645 8514 3849 7448 6822 1231 9478 1530 4054 8778 4553 2056 2492 1444 4409 4557 4115 1499 5146 4934 1386 4505 6343 7325 4025 8742 6900 109 8912 2776 4001 20 
74 3000 3119 1134 5202 4395 57 8120 3651 1548 8755 9743 6422 9261 6263 3778 5986 1411 3179 7950 4793 2711 2301 6241 2997 1583 407 3326 9284 1156 3150 7129 4849 8383 3096 9508 476 1292 867 5063 6757 4351 9423 8071 7434 1970 1463 7541 5859 120 9954 403 4587 6078 1782 2812 8090 6298 4527 9584 8599 2410 6371 1754 5063 5336 9119 2259 5245 7542 4358 9746 935 3406 2726 509 6288 7712 6325 8543 9291 2277 4237 3732 6351 689 1185 8153 13 1186 9307 515 9794 7648 3057 8711 6155 8719 7235 509 7587 5052 
75 3000 8137 2354 824 4681 7836 6306 4187 6517 1580 5095 4047 1972 8321 5309 4414 4697 4368 8700 9652 8464 165 1615 322 3152 190 2561 2141 8874 5987 7882 8077 8224 2314 5573 3562 6641 6423 7209 4832 914 462 8007 390 5798 7002 5009 5601 8759 7689 3387 398 2849 5022 884 133 7699 7253 364 9533 8644 6420 501 9792 3963 9493 4588 8788 254 2655 7467 4423 5932 8703 591 1084 2846 7575 5203 9237 6026 5 3652 8139 1557 4297 8819 1680 2570 6229 1680 7345 3369 2081 6989 8307 1673 4784 7085 8641 8987 
76 3000 3203 3828 1662 9101 4534 8655 1393 4709 9834 765 7150 2155 2673 3428 1264 4306 911 8418 9912 1544 1600 8571 7090 893 9013 8469 1699 3259 5794 3250 7759 8806 7238 5540 7750 450 8690 512 9079 5478 6075 9069 3666 5299 9551 9153 660 3312 283 5180 2281 900 348 5596 2784 1555 5761 8564 544 3125 2630 5768 3281 8178 6428 4351 6389 2507 4401 6971 4408 1745 1092 9986 5610 6113 6996 9760 9717 3292 333 7102 8739 9416 1955 9817 938 8199 3371 3397 7919 8175 7899 9824 4846 8070 4943 4509 3779 303 
77 3000 7400 1344 141 2602 2181 5890 2309 7750 3866 6687 4324 1462 1482 4682 1736 8374 8405 793 567 6166 5387 1591 9399 7813 6708 3105 4592 1949 9455 2761 8621 1367 5921 9439 1544 9640 9136 1654 5589 5866 1518 3868 2869 7541 6649 919 6224 1551 4179 586 3185 3299 7855 4269 3061 3944 6667 5795 7158 5781 9132 8357 2118 5727 694 9570 6380 6951 4252 4652 9776 8614 3809 7738 6241 3743 1254 1310 9654 5228 6261 3756 2804 9937 9318 5054 9480 973 7880 580 9683 8033 5645 3044 7969 5914 4954 2545 4912 1128 
78 3000 2324 4756 1697 6649 7097 7235 7828 4787 3216 3855 1977 8182 4131 7364 5940 8925 823 70 1733 5803 2957 2647 1805 9673 3163 1070 2376 6957 4431 1675 9905 1261 648 4339 677 3125 240 3792 3520 7889 2957 9049 5644 1695 9774 969 1605 5602 5913 7938 5397 7838 7005 9679 5663 4167 8356 9183 4040 6384 7359 2771 6621 8944 9017 8274 8543 3696 4594 1346 1704 2766 3396 9893 5606 9545 7670 6633 1313 7812 635 9784 8546 8984 7630 1863 5896 7481 395 6631 4163 4226 4470 4143 2825 8266 9727 3935 9620 6517 
79 3000 4017 6332 3270 1634 9952 1883 9315 8011 4803 8917 9078 5896 3532 9228 1758 3644 4941 1885 9642 8082 948 5163 6446 3011 8996 6602 8779 5821 7573 1194 736 2242 4867 7686 1607 9211 546 3018 6722 5872 656 4880 1414 2695 5651 2395 8109 8722 1544 4930 6540 6938 4187 9026 7089 7769 6670 3459 7249 701 9850 2425 1216 4025 6001 6843 2602 2713 5597 3796 277 4409 7210 4083 7334 3552 535 7907 3174 3623 2548 8683 8729 7515 6782 4968 4795 6029 5724 524 3497 4496 6352 2500 2886 7521 8777 7739 4644 1857 
80 3000 8027 7214 4933 7400 8947 8587 8351 6308 4229 6888 5031 252 5559 3330 848 5780 7901 2238 763 7821 6891 6107 5288 1298 9375 8792 73 883 7051 6809 8623 8859 3253 8772 8139 1124 2851 2952 8480 1306 5279 2961 4255 3012 686 1557 34 200 9214 2583 8696 5673 3403 1020 2884 7701 3713 1175 9602 4767 7181 2989 7927 8438 9197 6466 9848 4361 8404 4239 4235 1386 4730 2248 3921 8808 535 8549 5928 1741 4893 251 4794 4615 992 8572 9050 2794 6662 2022 800 2326 8026 7714 8444 7808 6278 796 2511 8390 
81 3000 7588 2009 4628 1891 6125 3373 9608 7043 214 1992 666 3870 1607 1991 7759 2176 7892 4574 9049 8171 8016 6205 5494 9214 941 4920 8564 6688 7416 4759 1078 6991 4885 8322 1173 662 5512 7458 9390 9623 7330 2071 8889 2554 8525 7051 8792 8386 4833 7337 644 7922 71 1099 8008 3587 9785 1043 9174 7294 8032 3852 3002 6443 7279 7738 7885 8042 1433 8127 3844 952 1991 1471 7734 6261 7317 7178 1593 5774 5049 7672 4101 8641 7620 6575 5171 6098 914 5018 3664 4342 6044 6075 8232 5524 4251 7318 1277 6871 
82 3000 4935 1503 6046 7934 6804 5379 6841 5956 2155 6621 2365 9369 4273 8888 2181 9417 7960 5006 6306 9902 3188 8281 7923 5050 1874 1925 9221 5515 7784 6623 362 2493 9561 6209 1572 9973 6876 1480 8348 5106 9706 2128 9808 6700 736 6796 150 1844 885 1267 3242 652 7962 4767 338 9134 8440 4401 919 194 2360 7713 6655 2748 1358 3368 8498 8974 9816 9960 6894 9678 9142 2946 5124 7797 5171 9708 5770 13 8689 2730 303 6504 9094 911 1799 8812 1163 8999 777 5841 4962 5149 4168 7979 8869 6602 7401 9340 
83 3000 5730 3503 9617 8140 2133 825 2013 5189 810 8433 9305 516 6169 9267 4316 8111 2942 5650 5694 8799 7963 3719 8748 1236 5072 5991 9416 1027 3141 2036 1356 7977 7226 7296 6156 1458 2847 11 6678 3906 3386 6282 3519 2445 618 3253 4608 8628 8363 418 7912 6314 9259 9059 7281 7657 4672 9799 1413 7234 7717 8292 5941 4288 9411 9024 8650 3098 7955 7253 7818 1476 1131 9066 3676 7391 1832 9559 3004 3709 6714 9152 6842 1071 7972 8016 1328 8884 8246 8635 1671 4442 8643 6492 9230 178 9893 8872 1738 9027 
84 3000 6628 1799 6635 7929 4779 5094 7539 9446 2106 5560 3831 1509 1853 8286 3371 5289 9522 6088 8341 1195 2775 7059 4205 2993 4463 261 1801 51 8779 9527 2557 7713 535 5397 6831 5795 7560 5179 5372 5202 6234 1128 3914 2681 138 6757 890 3684 1828 1274 8270 3372 7741 2132 5528 5728 6223 5721 6729 811 8677 6173 748 122 3845 2295 4606 102 5208 2629 9939 3752 1512 8636 2581 380 425 6000 5287 3474 5310 4071 3567 6691 5128 3413 4653 7989 7467 1495 9590 1863 4694 6497 8448 9720 3229 9242 8662 8379 
85 3000 5954 3257 6502 6686 7734 2957 1657 261 4073 9951 4950 4373 2889 7478 9183 4934 9418 2964 3096 7618 4241 8707 8461 5110 4437 683 296 2476 7857 5484 200 657 532 5372 2827 8096 7196 1464 5467 477 4938 5045 768 8601 9984 6993 2568 4380 7592 5345 4869 4958 5089 979 3919 4958 8013 1418 3430 6854 9399 2771 2921 9464 2174 9784 9176 4574 4692 4031 840 1683 9378 217 6129 872 4514 613 3675 3806 9135 7617 6486 2848 1056 4434 9038 8311 8031 3887 7491 3823 2024 5349 3026 9830 6612 9805 8314 5213 
86 3000 7517 3030 7100 7033 6251 6903 6923 8405 6901 8838 4954 4494 6027 9340 6960 6633 5688 7696 9395 4572 9598 5775 4615 6849 2402 9968 9217 9284 2079 1245 5503 1603 5466 3335 6074 2182 6914 9040 1538 916 64 4664 1356 222 2751 2575 7805 4152 5028 1887 3067 5646 321 7268 9442 1899 9705 5876 2694 7856 9307 2414 8508 7838 834 2318 2087 5283 5223 3061 862 621 9423 3590 333 7269 6290 1882 3036 5749 7622 630 629 5938 307 1052 9111 7439 5600 4820 7159 8074 1528 4124 7593 507 8416 9853 1967 6991 
87 3000 7538 7903 8285 2238 2897 3613 1836 4415 6127 4321 9165 4264 4516 49 5158 2352 2164 2311 3260 4437 4258 1048 8813 4968 4475 9684 5520 8704 5506 8312 5040 461 2715 5002 9695 2984 908 5233 8316 2939 4243 9454 5207 5040 9253 8767 2230 4291 1000 8733 4028 6359 2350 1309 6357 6067 6380 4905 7554 4020 1901 2569 3131 1346 2111 8292 3480 2574 6373 1447 4724 6620 5121 9341 2674 5919 7879 7906 9922 3661 4421 501 6053 9172 9045 4850 992 1400 7977 8098 1459 546 9894 9997 566 7802 9584 4210 530 3226 
88 3000 4715 7753 8512 1738 5743 8543 5581 7241 8938 1090 8808 4866 2535 302 6475 1342 6013 3420 6419 3498 2496 73 7497 4875 4281 468 4172 482 1491 1691 4233 9657 3852 2149 9630 7072 5592 4119 442 1850 3476 4442 1966 4809 7950 3322 4931 3838 7424 1266 8840 7388 5671 4141 8433 6099 2357 6356 3276 2540 6691 2171 478 9083 4204 5133 529 3902 6651 5631 6269 5087 5038 6584 4971 2896 5773 7245 3561 124 9948 5138 6956 601 5734 6112 9530 5809 3916 2533 9702 9631 6539 9584 7652 1222 8692 9703 6162 6006 
89 3000 3401 5139 4577 4793 9668 8641 5900 1030 3612 2258 7003 6169 2754 4281 1968 3166 3417 4298 8553 8097 1253 6374 7778 9909 4895 368 6646 8290 2734 1357 3978 9663 2826 7204 9380 1310 5911 4234 5329 3616 1573 1046 2396 439 7513 446 7577 7611 1953 9507 5763 9554 9164 7751 4329 4029 8114 3456 848 5004 4252 8094 3930 3654 4407 8886 7190 7481 4813 9487 6335 7558 2265 8794 9379 3901 8395 7879 9984 8967 7075 5052 3927 9273 4943 9036 8683 5144 5055 285 6146 8580 3666 411 8468 9257 127 9746 7022 8647 
90 3000 9918 3023 4492 2260 794 3188 89 21 2070 3330 7891 4763 7014 6742 8306 8846 8385 5104 2664 8909 7075 4790 929 8736 3894 1307 2544 252 4469 1844 390 2649 7271 5965 7878 9627 4769 4413 9167 4767 7706 6045 2499 5027 2503 2888 6665 2364 1785 3326 599 3479 8031 3408 6086 7688 357 6278 3608 2918 4414 9741 1306 9830 5417 1936 7069 4063 4296 5156 3750 6604 6976 7773 7508 2289 6775 4300 9267 6419 9938 3577 9314 9507 4281 5072 5005 153 975 3325 1613 6034 9445 497 6285 3032 5401 7059 5140 2472 
91 3000 1983 601 3478 6501 4047 2762 9120 1579 5562 4290 8877 102 139 8228 8136 148 4682 1220 3576 3348 6167 2944 9008 880 1546 3673 4341 7595 767 9958 7669 4259 2937 8435 488 7924 5591 7760 6036 426 7096 8668 757 5007 2183 2154 8890 1057 591 5786 186 6990 8855 8133 745 1235 5197 1330 6986 1363 7562 1755 2730 1328 4767 8842 9420 6839 777 2015 9458 8859 2110 5744 2671 5223 8364 2727 5903 387 5867 5206 5724 3295 4457 4391 4276 3378 7382 8027 8236 4677 4329 6072 901 8082 7578 4509 7412 1713 
92 3000 1275 7276 3086 9407 3837 6328 4884 7344 3479 9821 6001 8793 6866 8415 3580 6980 893 9716 9552 6089 7582 826 4602 378 2114 9035 5258 1428 3979 620 4103 3514 1255 7789 3122 7100 8007 3732 158 461 4820 5807 8510 9429 2446 6850 9641 5263 8584 4605 9023 646 7781 9288 5100 3808 4462 9264 1376 768 9078 4862 1632 5707 7387 304 8266 9467 2855 3766 3758 6165 2185 5560 5256 7949 3965 4445 2297 7859 450 2057 7641 830 2461 5472 1242 2810 7417 7884 7331 8007 481 7420 4637 4261 8841 4068 9721 6537 
93 3000 9113 4740 3446 8550 7867 6453 565 2508 5279 7637 2435 6986 1909 7570 2858 2919 8604 3939 7043 7724 9524 8517 3701 7549 8295 979 257 7640 7286 830 1187 839 12 7466 9488 4205 6661 8358 1265 3760 2746 5360 3446 7360 883 9142 4623 5692 5693 1750 9016 1394 1829 7287 3561 6300 5129 725 8130 6814 6893 4836 8865 7404 1286 5252 4645 2224 5863 3648 6680 4859 5224 9051 1217 6199 7791 7271 5389 430 5710 8465 6174 9160 7876 2816 2488 3662 6090 4344 396 5247 4332 2836 1456 3759 1166 3911 4183 4197 
94 3000 5266 7197 8637 1460 4070 2644 4137 3219 5553 4955 107 911 3137 6145 32 8864 3711 6228 8557 1540 8785 2021 1693 8907 8773 4078 163 9935 386 1753 5865 4218 7167 6378 1462 1717 3141 2576 3095 636 9590 7691 6227 3414 4957 9351 4604 848 7877 1146 2344 4339 3322 6441 9159 6261 1885 309 8685 8461 2177 9587 9954 8877 6360 1063 1981 6284 8795 7781 1480 3168 7820 3479 3701 6720 653 5142 6401 7955 1420 3692 6927 8963 2308 2791 2434 8276 7838 5778 3224 4366 2272 726 9214 7266 140 3626 9521 8316 
95 3000 9889 9697 5179 8032 664 2816 4981 2106 2206 3080 4440 5525 7886 2490 7881 4815 850 8756 3655 8417 3302 7232 2482 5179 8904 978 8909 977 8302 8940 5907 3466 7781 2257 2582 4944 1041 8699 5017 3353 4099 5225 232 1401 3318 8663 3281 3802 6556 4520 7462 2653 7448 3920 7658 930 2805 8656 6802 4103 3141 4377 5466 9889 6328 1898 4578 6120 4373 6628 1260 6740 3315 6138 7792 5924 6262 5833 3705 326 9533 2771 994 9450 1945 7590 2456 4147 7207 4569 3157 3234 9451 9811 5024 8240 1888 7554 4555 6279 
96 3000 8577 4601 3662 1046 9336 2878 3634 1936 7762 124 2229 1292 2390 8693 3889 9775 963 2489 3075 9861 7842 2027 739 7463 4529 7616 3908 1672 3317 663 8402 2636 4076 3114 4673 7550 4144 5008 6770 4779 1365 160 4429 6104 232 9972 8285 7094 1172 5366 8217 5601 2944 6843 4809 8381 8167 2663 3942 5841 1974 5159 4507 4909 3788 5167 9246 32 2223 4586 8716 2295 3114 7062 8380 6667 668 6793 8821 7374 1742 5469 9083 1395 3244 7325 3133 80 2662 2326 9454 8899 1716 7477 3760 5314 3133 6257 4831 4771 
97 3000 553 6175 3484 4825 1554 4454 4659 7385 3805 1843 2637 9083 4342 4546 9374 9773 1975 4285 5973 9152 2809 6478 7270 1502 8900 6554 9548 8568 32 4383 1379 546 8618 6834 7588 5212 7731 8459 6343 5162 2250 306 9370 3186 3144 6845 5292 5765 4870 1032 6094 4689 5902 7492 6716 6804 2383 3825 7761 1887 4903 42 1341 8637 8400 6123 42 8797 5189 7701 9007 9403 1111 9868 1159 3151 4816 9114 5537 6900 160 3379 8760 8282 1736 241 9617 460 3524 3225 6787 4990 668 6233 9670 2822 4382 6104 2359 3422 
98 3000 9973 3301 728 2011 7995 715 2644 4945 8529 601 1311 3206 8579 9635 1733 4024 2607 2099 301 622 6179 1190 7514 91 2746 8453 3815 9382 3546 1337 8554 9428 628 8884 2081 7391 3010 5532 962 7034 5952 3054 6315 7214 3358 610 5277 8506 3309 2937 5593 7947 6706 6656 3333 1909 9057 4700 3728 7095 5374 8883 5139 9658 8200 572 6144 2448 8764 9505 5753 385 1256 721 6750 3952 231 9616 2157 819 1136 5130 4820 5587 3962 1057 130 7660 21 5474 1860 7241 1849 8301 1129 9453 6232 6988 8491 6586 
99 3000 362 319 9154 8465 1110 350 1318 951 7429 2462 7635 2557 5885 3551 9807 9198 9305 8330 6296 7061 8558 3771 3163 3599 7453 1653 8037 6656 771 9255 7200 1708 5414 8160 5806 7241 4684 1189 1218 8238 5685 7460 9476 7810 9849 5571 4881 6933 6592 4911 2718 2328 87 5090 5087 2449 9169 3499 9876 1607 360 997 2846 2220 4026 5714 2846 5179 3648 4987 154 8344 8231 5420 7943 3170 7825 1065 6869 9448 2181 9734 2785 8179 2529 7428 7584 2569 6479 900 3162 7149 6045 8337 8506 5026 8806 8165 9912 3246 
100 3000 2173 5991 4325 6298 800 9652 5800 7729 7106 2405 5095 9895 4929 4235 2386 1830 6304 1284 3105 5238 1365 3417 6906 8624 1371 9896 9755 9529 4861 3200 9145 4909 6928 949 2433 9629 1624 5967 8310 3079 7488 4465 1387 3931 6193 2350 9909 2997 4331 9657 6601 4237 8310 3109 2623 3873 2383 6800 4671 7635 9798 1004 5182 6136 7082 9110 5679 8366 1436 2676 3238 3312 1265 4618 70 9708 9831 514 6244 3899 2031 8043 5523 5845 4297 4537 4327 3238 7624 2670 3828 3747 3726 4263 5162 5392 4307 2221 7765 5039 
