FILE: 2223UnifS.txt
100 100 0 
1 3000 1327 9857 8577 6225 2154 1932 7182 6545 7867 1017 4406 9336 2922 5609 1386 810 6989 5901 2944 549 5174 9158 1865 8434 1353 3205 6298 9707 4641 8058 283 8151 8980 5660 7405 7403 5854 7760 7569 384 129 1904 6905 6858 9018 5559 794 9119 4169 8358 20 5795 6885 2471 48 3785 6456 1101 3427 8314 1632 5107 5314 1121 5207 7747 2131 6765 1735 7550 3341 7058 8374 9316 6346 3627 8844 3229 4521 8593 523 2112 8361 3381 4658 6792 9764 5658 9705 9598 9425 4385 7798 5984 7373 3003 4332 4270 6614 746 
2 3000 685 3519 9918 2067 53 9531 9711 4203 6415 8960 1111 2853 6627 1568 8076 5992 5632 588 2682 5802 4802 1226 7527 8730 3402 7280 1255 3672 3183 5885 7212 8283 6093 384 5220 3409 5117 1329 6482 5645 8244 5595 1609 8023 5557 3630 1770 8814 9445 4826 2973 8465 7946 1015 3464 4660 1209 8088 4256 5499 1086 5745 2781 810 3847 5362 9667 1580 6017 5990 8643 7516 3345 8475 9560 2726 2890 7702 4553 9531 8237 2973 7307 395 7840 6493 5469 7986 6482 0 6169 3359 9867 9506 4678 2264 2336 8169 6179 9580 
3 3000 7705 7293 674 1875 3231 5441 1010 8085 6700 5689 4030 8330 6646 995 4853 839 5685 7690 4273 7018 6984 7106 9291 4623 3852 5320 6762 9079 2449 1023 177 2907 7632 1516 9560 3282 1916 6836 4503 7723 7566 1996 310 7896 1810 7359 7281 1547 5181 7135 3111 2566 2980 6000 8416 9166 9867 3844 5390 192 7574 8639 9579 9557 5749 7440 4782 8799 5914 5501 1083 7764 8562 3525 6000 3414 3369 3032 8762 6766 2531 9857 7713 7942 7233 5773 839 9360 7239 8230 9419 7038 3601 8236 4806 31 4506 6344 8323 7986 
4 3000 4238 6779 4297 6829 5265 9682 6208 2571 3460 1481 5965 3243 6434 3387 6313 8955 5007 8016 6354 78 7793 4134 207 3552 8917 9529 8777 7325 8856 2006 4664 2903 8402 8510 188 6043 5752 2371 8540 5552 6723 8672 8060 228 8093 7752 9642 3917 4065 6821 7258 8693 5855 9709 1610 6170 4411 4735 6913 6937 6249 707 790 8112 2420 1038 7302 9027 597 5996 3104 5041 296 3073 6717 9468 1209 5483 934 3637 4671 8781 8344 5078 8253 5610 9988 3828 3473 8572 7134 6866 6637 1225 6181 672 2805 7203 6684 1907 
5 3000 2879 7461 2508 6226 3818 5650 6106 5211 1982 1608 5920 1427 9589 2987 6907 1607 4312 4991 4196 7961 1990 8256 9859 7610 2471 4840 2820 144 8571 2347 1878 3303 8171 6171 1860 6791 9428 9870 2898 4205 9114 3658 2833 3096 4082 1030 2743 3152 5858 3506 5592 2505 8352 3504 8009 2167 8701 5331 5191 8589 1232 4312 8930 4340 4552 4031 8765 6922 1764 1700 6261 5699 3805 1661 2406 6956 5914 7003 8147 7086 7217 9310 8034 3894 3447 6532 7003 6034 2780 8978 274 566 4801 3441 6384 8640 2597 5443 3333 9304 
6 3000 7965 9606 7865 1440 9759 8146 7871 3817 5349 7497 7913 3283 5216 3058 7879 1066 664 2058 4761 7211 4658 4559 7553 3138 5793 2574 5286 2327 5382 7313 8170 9124 7669 4555 1882 5676 3174 8143 4960 6990 5150 1605 9336 4116 9181 7902 3985 5455 5891 7298 1703 6194 6786 3354 9011 5864 3220 7054 9179 4023 8483 9046 8384 4066 3016 15 4980 5156 2753 9181 1906 2284 582 917 2212 4457 938 9498 7709 996 7517 1969 749 5982 4116 9143 9128 805 8597 4722 4110 4852 9977 2544 1582 4316 8644 1952 6329 9127 
7 3000 9697 1290 9441 8012 9407 9527 8834 1679 4813 6000 2908 4126 6431 8288 7320 2073 4098 8204 4889 2521 5936 5920 8623 8437 439 2213 7871 2560 1691 8832 7600 9337 7706 6998 798 4982 1889 4024 3999 5656 7632 8062 5940 3780 6021 971 9334 2465 6685 9317 5775 8073 1753 3491 3763 900 2946 4957 9860 3983 1797 1623 2963 35 2983 1335 1708 6506 793 3503 5000 8761 8721 8839 5662 1394 2177 7236 7212 7657 4327 3761 3768 7022 5059 2775 3075 865 3075 180 2655 6271 1100 3791 9087 7969 4227 1831 405 8395 
8 3000 1381 9553 1634 5867 9907 3984 3432 902 3286 6799 3874 645 1975 5316 3352 1428 7370 1614 2604 9455 8900 9786 3864 9609 4238 1303 5141 2387 2641 8515 7621 8958 1418 6267 6194 4346 5516 1652 3107 8741 238 1877 4739 6928 7080 260 1508 5851 2699 351 895 292 999 8180 3595 6682 8351 2627 2798 5036 1926 3915 6589 9006 1167 237 3477 4073 2374 2498 1044 3846 6421 7187 7728 4505 9594 7373 7720 7353 7559 1827 8992 9500 2448 2266 4454 2678 3076 8727 6225 165 8282 3061 3040 1851 3392 555 775 7419 
9 3000 9807 9676 6102 7653 7724 9946 3261 3873 1968 7935 3969 5493 964 1384 441 5703 8822 1449 1549 5280 554 3073 2093 4521 412 3483 5207 3302 3356 8812 7886 9258 9642 8839 9637 4097 2535 9870 4257 8031 9153 5725 4737 2332 4428 6864 1287 22 8198 7632 2488 4675 5421 1630 9572 7354 9515 5210 3823 1670 8823 9100 7103 6963 6204 8143 5506 9614 1744 9176 6137 2475 8600 7021 7008 2431 1965 8608 74 6081 1152 5220 7377 3547 4818 2865 332 410 9294 771 2119 7765 58 8011 3221 407 6319 8241 68 3139 
10 3000 8738 2581 6819 5205 261 604 264 2851 87 9459 7847 3 761 1117 8826 7084 8382 7744 8542 7939 5949 5196 5829 4899 9822 4636 3536 1963 9315 2288 2179 6108 9407 7303 6725 6719 6586 7753 6486 3151 7810 4758 8152 412 2600 4728 1940 2969 8253 9736 874 6687 8181 6013 3185 8881 3381 568 7842 6505 7016 5939 3198 2456 2139 3056 8774 14 2526 2246 158 5393 6646 2346 7033 8429 4745 7956 4327 1389 9068 4806 6496 5903 7193 3252 4919 8022 8497 9899 8434 1404 3750 7347 6981 8620 7823 2059 8386 589 
11 3000 5534 363 8263 4136 609 2567 3035 7679 7773 5207 6095 5030 7967 1421 7078 7336 6684 9442 4264 3133 5435 9220 107 6535 6342 7166 9886 3533 9847 9029 3482 6441 5559 884 281 6443 6213 8260 7203 4284 4761 3384 9851 9076 4589 549 6791 5232 2856 9613 6952 7525 6958 7622 156 4269 4118 8552 770 8633 4101 1181 4480 8069 5054 5087 8196 1872 2471 4770 3082 6867 1283 1892 703 1213 1072 5655 2304 6341 4411 1294 1215 7007 8330 6699 8377 9482 8905 7158 991 7855 8972 8233 4301 8470 8969 6753 6491 2485 
12 3000 897 9936 6717 6551 5416 2634 6257 1628 2054 2707 2787 9910 2549 4514 7787 9891 7315 540 7063 9544 5029 1138 4406 7633 5350 2401 8364 3143 4755 2160 2147 2842 5506 4101 6653 6960 7737 16 6622 3004 4675 171 9911 7687 972 1803 9898 6986 4175 5739 1010 4330 9316 1148 7373 6905 6623 8403 4590 86 2365 87 4647 3 2810 107 3935 4216 1322 942 4405 529 8573 9015 7845 3920 5880 8189 3283 1604 1676 1388 7513 6213 1092 340 8748 7104 8681 3456 3399 9797 4248 1815 5974 3530 1823 3296 2108 6943 
13 3000 1746 4815 4713 1887 5886 2705 3259 5358 5976 1203 6172 9555 5080 9077 6366 64 2184 4371 9890 2167 9910 7275 7711 5274 5356 1122 610 5483 4058 1508 7216 6263 7087 3541 5154 7264 1254 7208 5323 1248 2459 872 9300 9150 2151 2899 9865 3259 6917 1393 4656 8530 1201 2078 2944 2015 3140 4287 5537 422 3531 5087 7804 5800 7919 1523 5834 9346 1815 990 5706 3339 9032 9728 5897 1198 3153 9445 2805 5669 2118 2061 9404 5127 5942 2581 7021 8017 7552 90 237 5408 6753 6874 4918 1677 7320 5666 9362 3318 
14 3000 7208 5019 8580 5878 1896 2798 1697 9012 849 7807 2480 9667 7113 9530 2989 3395 21 6002 359 3780 1042 9810 6694 1 2740 2210 2103 2516 865 5374 845 6866 9571 2761 613 5614 9751 7613 4931 8400 504 9578 8685 128 3728 9453 6771 7269 1828 2057 5880 2301 8562 7227 9390 6263 3004 8938 5403 9441 6631 2551 7891 175 3543 183 976 1794 3798 4202 6333 7675 9881 8849 3715 4423 6289 9985 4607 3184 2250 2963 9002 9078 7563 8619 5306 8753 1559 7399 3363 6074 5194 1602 606 5930 6263 5752 1339 6167 
15 3000 7740 5093 9135 7645 9243 2211 2366 2426 1622 1781 2854 77 4677 3437 7647 2109 7996 2767 3926 4532 4919 436 7028 8540 9630 9431 1598 9318 7369 435 5871 2981 7777 5316 9069 1623 1354 8757 1932 6509 9054 7994 368 9382 4998 695 2234 1892 2312 948 7232 3160 2098 3389 9943 5460 5515 5443 5975 8024 9001 7698 1242 8983 2611 2401 4367 5418 1478 78 2208 1547 411 4280 8509 5035 1600 4455 5683 1425 5463 6943 9706 6699 4608 4101 8153 7958 925 1540 1344 2234 5796 3508 6623 3422 3441 6376 5763 7340 
16 3000 7379 266 5488 4911 19 8791 1133 3472 5373 6932 3413 6207 4899 7032 8331 9708 6465 2913 203 9657 6437 2129 7812 4632 4894 6333 3683 8046 3971 9772 6487 8202 9320 5913 6569 6476 4703 2183 4598 3628 9705 2845 3345 4235 572 9992 2589 9249 4181 2667 7138 6680 5126 4113 7987 405 5933 7138 6592 7103 400 7617 2274 1312 65 6110 2744 8613 3792 7610 7760 6939 485 9410 5899 6008 4933 7104 4462 4882 6771 8706 2503 7650 2569 6896 6977 7238 1051 9391 2021 7341 1431 7441 1355 2482 4878 2450 3810 6196 
17 3000 9109 725 1978 7340 6102 6343 3994 4523 2933 2146 8434 8666 5747 8871 2342 3690 6843 2383 2388 5316 4888 9058 9138 8007 8263 9272 4462 22 1522 9025 2059 6599 4982 9685 1109 1267 7444 5861 3051 5278 2024 1399 1486 5164 5124 3503 5201 8423 8522 4978 4328 7326 4582 4607 9614 851 4599 5641 4829 4742 260 2425 2289 9693 8237 5142 1511 7656 7899 2681 990 6272 2155 3641 3100 1435 1415 5444 2125 7972 684 1585 5405 8452 9772 7003 7620 120 6639 1576 8187 9954 3857 1743 1793 7853 8200 250 2040 7941 
18 3000 3358 4021 8229 8003 5780 152 5260 7041 3635 37 6658 961 8904 1609 726 6381 2597 9715 9824 2561 3086 4607 2769 1468 7577 8571 366 5951 6697 666 4054 6059 2208 9596 7690 3468 7848 4711 2448 4040 3295 5123 4845 8512 1259 6954 7898 1297 7694 8708 5396 7424 5139 4764 9308 7594 9182 7001 303 1361 8054 4541 1411 8446 5338 1624 4792 8166 5811 3597 1645 6995 4411 1044 5232 4248 8325 2024 7029 5887 2203 2449 6008 6457 6500 4574 1035 9143 8937 3623 6400 3955 9098 2532 468 4035 6136 4821 7455 94 
19 3000 9620 5590 2335 2966 3496 641 8862 4293 3178 3724 726 5336 5763 1906 5828 3906 3370 9069 3684 9425 9606 7531 5951 6106 9154 7792 82 4264 492 6404 6100 9751 1727 1968 6500 1512 9564 9257 9282 7268 1395 1457 4097 7329 512 544 1526 6521 4451 5776 5486 4251 6451 315 8751 2687 50 5975 1611 3068 6794 6090 3645 136 7082 6512 8623 4696 4128 4733 2536 4299 1050 7129 4749 2052 1089 4332 2273 3549 943 4726 7174 1932 7237 6068 7095 1072 6110 5236 8913 6882 5930 6095 5511 6745 3137 5500 5685 7076 
20 3000 1202 7411 7169 9007 2722 5143 2789 2190 4632 1735 9738 6738 6548 8447 1981 3277 2227 1382 5779 1134 4161 6229 8344 4641 1290 1138 9618 7577 9842 7712 7169 5715 7299 133 4226 7515 9485 2404 826 2930 781 3721 8092 337 7467 1970 5638 1599 4185 5348 2095 5245 3530 2108 8762 7783 8762 8433 6385 3129 9650 4427 5058 171 1434 8241 7252 8447 6916 8315 3965 1956 1673 3755 4003 1094 2401 2822 6379 2706 8375 9558 5841 8278 6042 8529 1525 241 6734 7699 8733 6401 7511 9424 3834 2507 5120 9576 2291 2926 
21 3000 3091 4783 9816 9455 1948 7806 6643 8255 2551 1034 4936 4910 2560 8103 9310 7608 6024 3644 490 8451 6096 1151 2082 2890 876 8983 479 7282 2370 4480 7889 4574 8586 6209 8484 8111 8744 4340 7681 3571 1619 9135 4541 9022 7004 7576 7298 3106 302 8108 2014 1349 236 3507 4351 594 9696 1883 4477 1557 9699 5795 5091 9515 6478 9500 2579 3111 1700 4323 1287 1288 5805 2154 926 8351 4471 7069 7100 7146 8201 5076 4956 371 5043 1984 5961 11 6424 9403 7808 4893 6119 8863 7441 6372 2342 4058 7206 2139 
22 3000 2954 1222 4130 8155 3811 7620 2324 8708 224 8173 8510 4600 1549 201 671 9452 8905 6298 9831 4140 6009 5323 4957 9350 3146 1526 985 6268 4255 1790 9973 5382 7146 1005 5381 3419 6838 5563 9468 8405 2027 4980 3823 2843 4672 1639 3018 5028 2711 8666 1381 8477 5903 5922 2904 9489 4791 4125 4267 2825 2793 7098 989 5524 1413 2137 6710 8829 8587 8512 5590 8250 144 4082 7835 1746 4394 44 8354 6034 9849 3805 8531 1022 6057 9979 1133 2369 7570 9502 8332 2168 1032 6887 2860 7752 5395 5587 2287 8633 
23 3000 5260 1496 6422 1556 7338 4570 7840 3684 44 8569 5536 3906 6209 8932 1702 2272 8923 8773 1626 7553 496 2999 6725 2918 4548 561 694 9751 1231 4820 8781 9579 5557 2045 197 4132 8873 8037 3633 3528 3446 2869 5923 2578 179 3763 3812 5226 9451 6084 8865 7099 5081 2458 5492 6200 1418 25 2097 1707 3558 5803 5363 915 679 188 7646 4290 2513 8573 7509 8652 8928 1098 3371 8488 2648 515 283 5381 5093 8190 9834 5570 5341 8221 3176 5635 2218 9684 7179 6305 9515 7004 3702 4389 4329 8454 2004 2839 
24 3000 8521 2772 4264 8930 3314 3911 4237 570 7005 3906 9033 735 5800 3873 4013 25 7788 3129 824 7348 23 6440 8545 8730 8742 9388 7968 4248 2706 1872 9001 3090 9661 9725 1191 6733 5932 4462 7380 260 9137 1151 483 1787 4023 4410 3386 25 1437 2524 1979 9961 411 9699 1303 6668 3377 6424 4832 7242 4512 7972 6870 853 1197 1023 8086 6936 8608 8405 4156 1494 7434 1968 7552 1535 4713 3580 2436 7630 7801 4249 2687 4597 1456 1365 3062 306 8059 4077 3463 2618 949 6784 6345 4440 892 759 7243 6911 
25 3000 5667 3895 8424 706 2784 8573 5662 5476 5322 7664 8143 7401 893 8644 1493 4879 3736 5842 3928 2327 9925 814 5531 2124 5717 835 657 4661 9010 5524 3459 6531 3937 1585 6540 6833 8577 5684 2731 1609 5800 5441 9992 6399 7228 8551 9442 6930 326 34 6508 7919 8616 7602 5205 8 5018 5156 5538 4827 8315 4410 4027 8170 2742 4631 7362 1310 700 517 9179 431 8599 8189 9964 4184 5819 9313 78 9374 6803 3347 5911 4765 6269 7909 9157 3019 7553 7277 9221 747 4070 9008 8742 6700 3909 8686 2247 8073 
26 3000 7543 2789 7927 4942 8670 9689 2542 2817 8180 8771 9447 3333 1243 7683 9743 3053 7524 7700 6556 403 4523 7225 2439 732 4040 3411 9900 9494 1765 1904 5052 3557 9994 4716 4394 638 3464 6218 4708 6858 8324 7268 6093 2431 4222 7448 8112 5467 9518 5442 9071 3910 9628 7531 8424 5594 8487 4211 2296 6426 3136 4941 2136 6698 1441 1015 6500 5518 2932 6558 5945 3368 2765 7643 1061 2790 8815 9545 3625 7194 1891 2103 873 7788 9072 3224 2908 8642 176 499 3223 9868 7347 950 2356 8931 7774 8904 4665 79 
27 3000 9526 1986 8234 1907 517 5241 7897 3034 601 3379 1390 5917 6781 1149 8632 8783 1553 1833 4124 5687 4369 3866 2478 4694 6226 5586 7068 4192 7382 8099 1810 7321 8196 6283 6060 4536 3093 7902 2645 4285 7654 855 9014 1824 8827 8547 1517 6146 8275 3387 2804 5039 8832 8406 2355 8276 4097 7002 131 8916 1152 817 3353 2741 6394 5728 6403 5815 4508 5968 3849 167 550 6376 6605 7600 5168 2764 1199 1622 2937 417 2181 7510 3826 709 7649 488 7788 5854 7902 2039 2473 1775 7216 4337 4071 9099 8746 2805 
28 3000 1274 2281 2556 6803 2367 6847 6770 8429 5442 4766 1847 9462 1742 7950 7987 6410 2117 9867 5655 3703 6624 5295 9238 4997 7235 8188 3817 2606 3678 7676 5072 5067 2405 2182 2310 2815 8679 1672 4616 1999 1789 8021 131 6411 3389 3516 8454 7549 8968 7473 6168 2794 2432 980 5497 1724 3825 9776 6077 548 166 5239 9863 4660 9416 3515 9156 9327 7564 2755 7752 8494 8845 8495 5222 1720 9081 7146 4315 9238 2142 7617 1483 5133 9537 1063 535 8658 3133 8753 9416 3661 987 8067 102 6147 6319 6619 1639 9962 
29 3000 9597 4501 6283 599 3751 4654 8789 7135 2519 1367 8802 2287 1903 6892 6394 594 4767 6198 712 4732 8547 9837 1753 9941 6092 4939 5271 6586 9629 4338 803 842 7854 3814 2819 3501 6145 7467 5001 6905 9903 1209 7648 7 1015 4390 8198 1550 7447 9540 4883 1383 5955 244 3509 9888 7931 7134 7352 5539 8359 2013 194 592 7913 99 2465 4885 8166 399 530 7778 9935 4202 9085 8208 4741 1702 6687 2874 9403 6743 4407 2546 3748 9692 7603 6498 1456 8432 829 5067 4023 7485 5856 334 7848 5259 2830 4937 
30 3000 4452 9417 4545 9002 3816 375 3846 5201 846 2920 4159 1939 4961 5962 3140 4657 2812 397 9455 5272 4119 5112 2682 9729 634 1097 6335 3690 8236 3699 4021 6341 2142 2988 8715 2324 5248 2256 5163 1797 9592 4636 5406 8618 948 7850 7441 6652 6538 7076 6986 4205 5869 5953 2395 6586 4706 5690 2675 6785 2154 2323 8646 4284 875 2080 7212 1994 431 4876 8768 1306 3744 5942 7726 5284 6690 5561 6166 9965 812 6946 615 3798 9160 2234 1950 5200 5253 6607 8422 8240 5177 536 1811 6451 2789 157 6703 4758 
31 3000 8066 5764 2894 9539 8565 8430 911 6810 4013 4751 673 8533 4025 9724 3263 7046 8940 7736 5830 7629 3789 1688 9620 9180 5381 242 1125 3028 2523 3189 6361 9865 9355 4949 8273 4806 1818 6190 7257 569 7243 3573 4820 8790 7065 7626 348 9450 2663 8736 1017 8436 4327 1276 4814 3227 3344 5844 6694 6700 7216 9641 7854 9064 7999 4960 8138 7918 3769 5816 1560 6435 3207 2683 4963 9673 3320 5369 9791 9005 279 4016 6993 4680 3380 8213 5049 6505 2140 4248 1126 2653 6506 479 5353 6602 199 827 8220 2184 
32 3000 7179 6399 1114 6780 1230 5233 9961 2617 8680 170 2012 6212 4239 4852 5740 5922 9963 7839 3870 7635 7346 4858 9529 8572 2532 9172 5526 9226 4657 79 6754 3417 7313 9530 5714 6477 3139 6878 1171 1558 1532 1746 9931 4067 9494 5026 1743 4223 5589 7998 7322 7742 7039 9578 9510 4644 9933 1686 7546 6186 2573 2745 4470 9926 1935 9302 7654 2899 3259 5773 2450 2931 2766 2314 8968 8069 3496 817 1981 4143 4273 9031 3950 448 1794 2812 1176 3552 5847 6486 3080 9230 7648 1354 4602 2522 1308 2307 1731 5920 
33 3000 8418 2572 155 5671 5770 6590 7043 6216 6196 1002 5939 2743 2526 3780 4799 1877 4687 1464 7135 483 9913 4542 6299 2604 6085 936 2881 4516 8195 7635 5238 7912 7941 430 3145 1215 6434 1791 4575 9005 44 6863 5598 9583 9364 7586 3413 651 1296 4940 2494 3123 4270 9318 3874 3058 6583 9021 7541 1717 7861 6879 7971 3749 3654 4999 2776 3497 3144 7634 4484 9435 9992 2178 5441 6724 6299 8291 5838 7894 9695 5143 4861 1657 3557 6782 4973 9840 344 5636 9313 2437 8070 4131 2224 803 9883 4436 2905 8954 
34 3000 6791 6336 2191 3005 3492 3227 2451 8726 7346 6238 618 7228 462 6477 4343 8771 4911 5401 1268 4696 1070 3313 1431 7486 9084 5983 2793 8948 3456 9394 9891 6521 763 2613 5615 7711 494 8788 6109 2650 9019 4267 8799 4777 6672 5847 3548 9650 7972 6141 6927 1877 4961 7079 9625 175 3668 1525 6972 557 3697 3027 2591 7633 948 3683 5177 4052 3450 142 8399 8056 330 7721 3926 9163 3901 2657 7582 1979 4879 2469 8621 8128 719 4464 2130 6314 7085 2351 4557 502 2434 990 2362 6226 5735 9262 3796 5027 
35 3000 7310 1067 3802 7005 2793 4442 2042 1510 226 8811 4054 5945 269 353 5519 2700 9545 5499 9677 4214 7098 2552 7842 6157 3991 1437 3061 8736 6014 1567 6892 6132 9526 7842 9301 4058 423 4771 1694 5441 6223 8714 3070 4232 1283 8258 9293 7339 5139 2711 5499 4685 3973 8719 1622 7394 5196 5022 1046 4097 5172 5314 2385 5367 50 9248 4378 6275 9733 1550 3926 7079 4968 9270 7238 2027 7558 7153 4110 6294 3704 1130 5327 1038 471 9945 3192 6588 5375 4900 5175 3747 9098 7722 694 3228 1331 6563 1016 3217 
36 3000 9736 121 2283 5046 2037 9884 1667 7014 1233 502 6642 6312 3940 8285 7396 9083 1858 7822 2347 8610 6353 6725 6805 1619 6181 8505 4741 2716 8322 3566 3698 6943 1947 8325 2811 467 5506 2458 3962 9380 6946 4274 6059 6642 7049 4207 2436 7132 5896 6440 1382 834 2458 8651 9792 4150 7310 9882 9945 9326 8474 6538 9405 2016 378 6505 4053 6963 5952 1399 4231 1810 1837 6935 4030 9032 6731 1423 3681 5993 2849 2392 5092 3134 514 1332 496 275 5873 6569 4225 1058 1737 4257 7621 5494 1544 7502 7054 658 
37 3000 6450 3610 5083 9490 5545 9451 4724 7730 9189 4964 6863 8979 5481 4770 772 7881 9849 7923 7772 1431 7759 5782 8002 8409 564 8002 327 6940 4458 6659 5361 176 2578 8495 1623 105 207 5291 4813 9484 3122 2358 214 1900 9056 5165 8217 9949 2288 4079 2979 1551 1357 7239 4196 4377 9904 1553 2006 8413 635 1816 5017 6638 2410 7959 1461 3840 462 419 3467 3542 9732 3636 4466 3065 1337 7669 9721 6712 2157 7952 9974 7072 7555 3156 8226 4461 7210 1189 9640 4473 4086 3316 4568 3669 6524 6406 4702 3381 
38 3000 3450 3304 2354 1652 2721 1325 2853 3286 2588 8875 80 8041 6284 199 5114 6930 9742 8251 8012 6659 2432 5689 2712 2183 1327 4000 5058 7391 7995 741 3955 3914 8808 4912 5644 8061 8289 456 1106 5874 5572 7873 6588 6311 3993 3972 7257 2560 3806 9739 3975 1468 8021 6333 3204 1101 1371 9210 33 6427 2399 367 4327 3125 8676 8710 9 9519 5138 8558 7458 6638 5554 6257 9041 6394 7112 4927 7760 7897 8137 7338 9034 1887 8930 6900 5600 3289 5732 6789 5537 1900 7813 7189 3426 1198 7692 665 4617 5273 
39 3000 4469 5660 2642 3889 297 8116 9733 5663 9966 1217 480 9378 3623 3265 8609 3413 2609 3670 6880 3306 8422 7077 116 7433 4813 5611 1358 819 2995 9243 1140 7072 9983 4292 9889 8438 64 44 3459 3992 9381 3497 1776 5937 3652 2235 620 4045 9008 5421 6527 8215 5957 2917 4814 9150 6476 2537 732 7175 4223 5411 3745 9162 7881 9482 4933 3596 7619 1132 7514 3753 4684 4922 504 9010 4114 1467 5488 4281 580 3433 6525 7574 7349 9651 3175 5673 8376 7373 6654 7950 3515 2636 9104 8293 6865 8760 6005 5173 
40 3000 8227 2971 1694 9819 7701 1145 8022 2533 3397 677 6131 7119 2276 1485 1355 3446 4113 5120 1246 8126 8591 2022 6732 3329 5511 6885 6387 3712 8135 2156 3838 1479 9650 9655 8292 9564 2758 320 8187 2941 2389 2082 7970 8057 1546 5856 7999 389 261 9666 7571 131 7696 888 1074 6000 7347 6624 7263 7168 5393 2198 1665 3325 2152 7773 2105 2860 6681 3103 7357 9170 4480 398 8925 5092 8342 5326 5941 5466 2309 6130 3195 7812 8768 875 2286 1146 8664 2821 5902 2908 4839 3916 5217 4022 8498 6419 426 2081 
41 3000 8796 2647 4389 2655 5558 2843 9416 8724 5114 1174 7163 8236 9268 9855 1663 9792 7383 1389 5477 6454 1600 8942 8974 7680 5176 4839 2728 9380 3950 7184 3051 2100 930 4606 641 7332 4011 9132 2362 1949 6816 7180 6146 759 2654 8683 9019 7193 1617 4333 8254 2110 793 955 5649 733 7604 4997 4930 7709 6272 4160 2275 289 7408 7136 9970 9637 729 1484 3184 267 896 9622 9874 7597 6479 2955 3809 3638 2046 4112 724 798 3383 7324 7598 3815 5825 6919 5055 9821 5728 3938 2892 6522 5057 890 8733 8505 
42 3000 9100 4614 9802 1674 7307 7281 7829 5811 7257 5513 7077 5252 1747 7630 5494 7704 9007 9019 8989 1173 6039 5634 8835 9026 5082 5611 2198 3172 3204 9022 5788 5371 5013 5739 2634 6670 8499 1434 1993 4959 4002 1699 2369 656 6296 4290 7673 514 9805 9505 6493 9556 6948 8671 4503 1134 9597 770 9988 5111 3673 7188 2492 4171 6855 4577 4602 8252 9425 5862 6849 7104 8228 9354 5730 974 3768 5999 4867 9413 415 4749 9280 8211 9753 6059 2792 4456 7038 3507 8555 9713 792 3540 2702 1341 5517 3344 1126 1918 
43 3000 7534 6844 9379 6806 3949 8821 5704 9829 4740 7159 7184 7088 7976 3218 9020 8888 8155 329 6934 9802 7667 414 2696 6852 1386 8734 2777 5816 4387 6757 124 5667 2779 3159 9065 1124 7677 2941 3336 3344 2288 4675 7231 8722 2127 5879 9882 5833 8355 6509 2661 483 4248 583 9706 8899 4783 5923 1573 9032 9353 2033 2018 9996 7610 6087 7891 9621 8427 7056 2171 142 1989 7951 116 2003 5005 6198 8537 5795 9055 2129 8206 2310 2045 5605 9378 728 2807 763 449 4924 8804 8888 9726 7903 6979 9406 338 4355 
44 3000 7713 9007 8255 1345 1918 8893 3446 7115 1251 143 4154 8022 1455 7217 4300 3593 8822 9572 4009 9712 9785 1407 3260 9928 3629 9539 8670 4886 8336 9396 3388 9889 9547 9138 131 578 2651 1903 7328 6745 8002 6180 8404 4262 9257 4304 4178 5142 4842 9076 8392 5725 2543 8509 6366 2979 7216 8703 6768 8944 1633 4836 6525 3282 444 288 8845 3963 7266 3886 4371 6077 4897 5276 5456 8762 8662 8418 3570 269 2870 3209 9824 1138 407 5225 8622 5514 5454 3598 4441 575 9322 7007 1731 4095 9418 7801 7943 123 
45 3000 1337 4247 9681 2797 4076 898 1980 8272 8371 7089 710 4783 8168 3562 8098 826 5205 7208 1387 1466 6732 3939 4609 2776 6352 9686 3488 4388 7981 9518 3468 182 2942 4890 865 7091 176 9012 7147 2039 9586 346 6329 6996 8500 4228 5510 2160 1261 2612 8519 7273 1939 1943 2692 1046 176 9153 8778 8722 148 5781 3966 7761 2655 219 8032 1645 336 8086 2625 1811 6007 719 3661 7717 4131 1798 6855 5015 5401 2092 6373 1869 4462 2328 6609 3382 745 4188 7084 4158 2433 9431 481 8985 3555 7139 3789 1643 
46 3000 4195 9086 2586 1837 3836 3236 8437 258 7823 5364 9427 1764 6953 8802 3809 6691 191 2309 6780 283 509 6069 389 256 3849 5811 6559 2476 1216 5053 3243 4771 3891 5478 3698 8863 1773 5427 8891 428 4840 6518 3022 7279 7742 8396 2183 5673 7515 1605 6126 4747 4420 8577 3174 9077 5909 2762 8245 9358 3715 5867 4001 1216 4064 3231 5132 2139 1021 7321 5754 6539 2947 9351 9935 8933 2095 9030 5352 5251 7322 2431 66 2272 9929 7990 2423 5181 2628 625 4083 3253 1627 3983 6171 3661 1852 810 8558 3412 
47 3000 5280 1448 2258 9401 2406 456 4960 6600 6837 1356 9675 4361 3000 9505 6521 856 6988 3088 7617 5629 519 2244 5118 285 8031 6308 2361 7294 6894 9182 8146 6930 751 2836 4138 2325 5982 8924 5392 2652 1295 8529 4008 4438 440 42 5909 996 8047 5150 739 9981 8595 2959 4895 9076 8500 2244 7677 9800 1327 1815 565 9442 6135 9016 9623 1120 8938 6346 1026 1962 7295 6205 9709 9418 8028 3761 1152 5691 8057 7955 6272 298 8371 613 9460 749 1112 3696 9728 1363 9792 4674 4986 196 2635 16 9449 4098 
48 3000 9037 6816 4157 1905 9163 2536 636 5737 6654 2878 7668 440 4471 7783 1198 1140 3860 5546 7357 8929 6442 5070 8620 4671 9426 6228 3079 939 3950 8366 6845 2070 6544 6924 9581 2352 3725 8177 3146 2329 9706 2109 3379 3239 7238 3412 4999 9568 1576 602 9631 9736 7568 3267 6961 4907 9869 7441 9012 5919 6282 9095 7546 8345 4222 5763 4591 5676 308 6283 6095 631 3073 8672 8703 4588 8810 6123 9657 5143 532 1121 9827 1796 64 7695 9859 9758 3259 1782 9457 1885 8332 9733 9783 8734 7335 4923 8983 6752 
49 3000 737 2507 843 4578 5145 2283 6561 7483 4139 9694 9656 9924 2243 4946 3989 6230 2008 255 4920 9410 4234 5218 3583 8085 1302 308 4289 1548 3647 8498 5053 2951 9340 5005 1245 606 6809 5159 2373 7424 675 405 1977 8474 721 2418 664 6663 3975 5353 2253 6547 9933 6214 3061 6266 8893 3350 4296 7598 3420 3078 7594 4147 2941 4430 3660 7649 1453 2017 4058 2408 8370 7035 6104 7851 2480 6380 895 9216 9042 9893 4465 6356 9996 5737 2059 677 7305 3888 5538 193 9419 7756 3901 2713 867 3936 6945 7144 
50 3000 4968 74 2037 2933 9675 864 4018 7617 6535 2172 8228 2513 2784 3280 6663 6522 6560 7256 7249 8066 5240 9452 6245 5145 6908 4124 3770 3522 4945 9179 2458 3027 5741 9045 9230 1998 9540 5670 201 9832 4398 7637 8707 7677 3279 7417 6454 7230 4264 6735 7799 7681 3899 70 7150 764 3649 6272 9496 3946 9500 8312 4055 1732 4662 1150 1056 5100 5418 7733 1637 9058 84 3117 878 8331 1101 6709 3946 1166 248 2643 5380 1269 6983 8273 1487 7861 9908 793 5873 3860 1358 1989 8094 2196 5118 1103 5435 237 
51 3000 7259 5833 7808 2353 106 1453 5785 598 9328 8061 1747 3516 4149 5946 4162 3080 694 9089 4987 9745 8447 6779 197 5636 9847 3365 3433 5853 2999 6122 2787 7908 7515 1247 695 9279 3478 7987 6973 3101 3535 875 4964 1965 8107 110 815 9860 3732 47 5883 2228 4530 5822 2261 4147 6791 8095 1429 6640 6693 5923 6032 1110 1136 7757 4783 1897 1713 561 488 6963 1798 7058 1203 6699 6759 1103 4508 859 7299 1178 4907 3621 5921 2013 4362 6766 6518 4332 5940 992 7089 2724 591 5342 5574 1641 7052 4767 
52 3000 8826 9517 4874 5807 4695 1013 574 402 7245 7391 6911 7824 5096 5010 5292 4733 2883 1944 1294 3367 5853 2730 3322 7844 7575 1241 4382 8601 780 1679 6985 4949 1329 7696 1176 5757 5300 9644 5683 8262 9204 9941 2196 5002 3324 6573 2770 8875 8181 4707 353 6321 4123 6445 2434 8632 4040 8691 7826 1386 9205 9149 6566 2004 8237 440 2939 5435 9191 2356 1637 7963 4773 2221 7030 9143 684 3395 5573 1858 7077 1893 1332 503 3153 1130 4632 7292 4874 4791 3844 6695 5801 7831 275 7993 1063 5592 6208 5964 
53 3000 4442 1052 6044 9691 8593 195 585 9494 8378 5507 4435 1993 7336 7595 6527 3285 7270 4940 3775 259 964 1758 7853 26 8018 4004 5097 7476 3820 3493 9528 968 1631 139 9011 6131 7800 2333 4530 7804 106 5437 2587 90 9221 8405 733 4541 3300 8528 6219 6469 5699 4307 7776 9376 5808 6449 512 7514 3024 6984 3943 6569 3834 6518 3147 2469 2035 9599 3035 8319 2070 8215 5761 9459 5496 3413 1244 6643 570 5050 822 7357 4968 9657 4031 5244 1622 6443 8504 7666 7686 1408 3000 1390 6627 9596 3557 6391 
54 3000 3436 5462 2770 7790 2972 1370 2191 5911 1424 4213 7856 4465 905 159 8942 6859 7159 7524 9539 628 411 7766 3554 9995 9321 4606 2741 6555 8085 1276 7850 8081 6640 5887 2905 5462 4011 4931 2608 7756 4770 4895 2864 5379 8631 2011 4436 1410 3162 125 9719 1026 9626 6698 2646 9060 1943 6920 1714 5687 8786 5962 6133 227 8788 9343 5110 3085 8889 1428 245 5806 5796 2052 1062 9259 575 1258 3660 9946 6365 2176 2491 4436 9218 2018 5262 1922 2065 1192 962 4908 1805 559 1014 8012 9518 6794 3555 4906 
55 3000 3808 5891 835 3370 7267 4775 9746 8477 6063 1056 5474 3902 2656 895 8276 1356 1639 5004 3384 8142 8701 2764 4030 2842 2718 4471 7600 9123 968 1709 4910 7674 7469 5847 2610 6260 4446 4656 8710 7907 6921 7058 1233 7214 424 5998 9993 4784 1840 9438 1495 9779 3364 9477 6964 611 9602 9602 3498 3746 7777 54 8344 637 1073 1327 6302 2785 5097 5787 249 4922 7475 7420 4796 6318 559 9702 3062 218 7271 1597 6576 1395 69 1674 8307 1839 3033 357 8815 4565 7084 296 5528 5542 8320 4860 5143 3756 
56 3000 9484 4759 9159 9394 4552 2794 2520 149 6448 6723 5403 5656 7885 260 8111 50 5328 2195 9106 2649 6087 3640 6160 6766 8527 3402 631 6638 5413 1475 4867 2485 370 665 2733 3698 7477 6337 3263 143 3980 4280 7436 1596 6132 6709 8082 5304 8156 6384 2905 1664 4340 8856 639 8036 4246 2838 324 672 1052 8701 3706 4781 3018 5097 768 2705 8077 3701 8381 234 1544 2087 2081 1037 6963 4721 971 9219 67 2081 5749 7 5869 7908 9861 8559 8878 4571 3776 6894 6438 6568 2391 8954 5194 2145 5558 3789 
57 3000 678 3042 1733 6860 29 2363 4758 9476 7830 575 3761 6354 5073 9629 6183 1301 1248 5200 3932 1020 9562 7068 2657 7050 5273 7605 4156 5817 7159 8402 1897 6823 2106 5013 9675 8954 2823 9823 3386 4911 8684 3052 5934 3771 9688 1869 5252 1668 3556 7638 5459 607 5938 1296 1138 5389 3758 6842 4733 8678 1678 2960 7081 4180 1687 2768 1065 7954 5815 1686 8386 7841 1975 3431 9472 1029 2927 4142 6500 9733 8367 4626 9551 5003 143 722 5887 8659 594 1807 2354 3349 4015 7411 905 733 1248 1963 7261 7793 
58 3000 7394 7667 2678 1263 2656 5490 8859 190 6303 4292 5973 6618 3759 8067 3815 4395 6817 1312 6076 6108 6982 2530 7751 8140 1933 5845 5664 3856 5114 752 2119 4909 8447 9983 1681 676 8177 5509 1076 5814 3830 2660 2216 5946 307 2366 8358 1468 3098 1534 3374 9483 6624 1541 4158 3861 5696 4856 6152 3420 112 9788 1998 8236 2365 3351 3316 4077 8489 2268 5605 4961 2020 2087 6273 3840 1087 4427 5787 1408 8625 2353 1950 3034 5720 3868 7306 3824 8068 3535 9665 1800 5568 2226 5755 9210 5036 4988 8002 1965 
59 3000 6044 7046 4430 7192 9889 7915 1690 8923 1675 3655 1211 1900 5536 7237 8476 3508 2972 7040 5428 3839 4312 3473 5997 3867 3308 3720 4746 1767 4848 4611 8659 7337 5793 3621 2033 4568 8949 7986 4511 2319 148 1954 2235 3130 8471 2153 2120 154 9581 1088 9257 2216 2192 8763 7443 6997 7659 2425 2831 2341 2689 4437 707 5692 5187 8274 5395 1649 3214 2642 3282 7650 7083 3728 8969 7783 4567 5567 4552 4718 9247 8540 2024 9765 1971 5996 8799 1060 5446 8994 6365 9869 1950 9182 2067 5028 4177 9783 4001 5495 
60 3000 9199 4725 9046 1039 5554 5882 4018 1045 3464 8447 9944 1450 8173 4427 9463 9799 6414 4264 7358 8431 5995 6583 4207 5787 8518 6063 3157 5843 5214 9428 9831 5668 5916 9576 5350 1110 1138 7820 2492 602 7300 4259 4963 7097 5060 6276 9805 8126 784 5159 2917 3982 1133 846 7714 4029 781 4796 6899 1134 3250 988 7368 4227 4879 5038 8238 8985 1912 1445 1996 6638 714 8969 8782 907 1108 4117 3783 3057 2844 2772 7770 5087 5187 9936 743 1031 9630 7600 8711 6400 5736 743 3595 5734 102 1451 6254 8287 
61 3000 8452 1164 2639 1840 844 1045 3068 4629 18 480 4630 5404 2859 3696 6712 1618 4981 4508 9652 5730 8451 9190 6514 9639 2622 7472 7995 7248 8099 1658 445 5141 3833 3878 7028 1394 7329 1453 1993 2510 7993 394 8077 8476 3591 7022 7038 5949 9843 7716 3298 9559 3135 6783 728 1349 6360 2453 2548 8331 7883 1001 4355 8167 3632 8994 270 2983 2308 3661 2226 1298 3733 1388 2358 8085 306 4342 8542 2952 1599 5216 3038 6456 2069 97 4272 4528 1902 9467 1739 1043 969 7322 4028 8491 5925 8415 9973 6795 
62 3000 420 3634 2937 242 8439 3492 8205 2540 765 9748 3520 1 4574 5160 2730 2854 6143 1347 2568 4675 6697 4793 2550 9944 1368 961 8010 9734 1288 6546 6245 5515 8803 9841 5796 1090 5812 9234 8850 2652 5234 9832 6767 6969 5594 8203 8732 7691 8745 5251 3533 9786 699 7209 4462 2095 5597 4762 7345 8020 2798 291 1691 4328 7096 3247 4973 8089 2054 3644 25 1732 6475 3685 5577 6229 3987 7500 9901 2402 5763 9026 7589 360 6356 7996 9459 7057 2667 4065 5579 1971 6031 9054 1421 920 7437 7319 7137 7988 
63 3000 5866 4252 9964 5591 9752 2899 9746 2653 1578 8705 7594 921 5587 2388 7655 9396 8622 932 2022 6889 4092 6713 8756 2712 9062 4739 3041 5476 4466 8025 1460 35 8448 1087 9398 2538 2830 1566 1568 3615 2694 9972 5668 9685 9105 7554 9152 2391 4947 2298 9135 6154 3887 3048 5422 3864 2468 1751 6659 682 5320 3830 9610 5978 3503 6677 1559 3385 5971 6278 5839 8988 4160 1955 482 7630 9706 9240 9998 7343 5282 871 279 1911 8566 5910 6621 1551 9325 6994 4883 1724 9639 5702 5758 64 7231 6053 2181 1442 
64 3000 1939 6127 9853 1145 5303 7809 892 6190 3278 4665 615 4750 2079 7932 7437 3720 7140 643 5898 4396 5210 9873 2819 6286 9561 7108 6574 9042 8334 6744 9496 2519 5999 2704 3405 4959 7948 3188 8256 9301 8210 3544 3922 7611 288 7259 5091 3643 1125 5087 9299 3522 8198 2291 8075 4555 9725 4014 1227 2160 8012 8778 4236 4927 5913 101 8790 7804 6423 6247 6431 3399 5391 8094 5338 1423 7360 5133 225 6239 4535 9585 5367 2553 8866 8653 759 9216 7270 4888 1387 1166 9967 4686 9633 9477 1945 4910 802 9551 
65 3000 7552 7639 1775 7420 8209 3032 2785 4185 3248 331 2319 8570 3881 6979 5148 7610 289 5864 3478 5455 1834 695 1225 308 400 9496 1420 9479 6860 6223 6738 2574 664 519 3146 2798 2553 5576 6681 6394 401 4135 3357 196 8180 2609 2188 7317 8045 3327 1339 957 5555 4903 7410 6334 8012 737 7830 744 5920 5632 6392 1746 7582 541 1900 3470 6812 5440 9947 1049 3772 322 7822 3177 8943 4319 2530 2798 208 2947 1950 5908 3074 3479 9112 8492 4004 8440 9595 1582 6890 7228 2059 4441 2635 5860 1895 5871 
66 3000 1874 4844 8003 3647 811 5173 2694 2075 185 2449 4719 7675 7356 9128 5418 2993 1527 4889 8001 8530 2078 5133 9946 2804 32 7603 8533 531 2647 7130 9488 8937 1129 8502 8768 2187 1470 7466 7458 3949 8419 9842 9802 8071 2565 8775 4351 7398 555 100 8247 696 8435 5846 4618 7720 8112 5849 3110 2389 6946 7504 3537 4102 464 3633 2662 7167 8200 8481 4095 8360 2659 1840 1322 2610 1410 1291 3856 6808 2295 2580 6520 1739 1775 8108 1841 2141 6392 3558 5584 4889 7357 2638 5400 5304 8269 9952 2606 1584 
67 3000 5951 1997 7088 7368 4419 6283 5324 2414 1968 8581 1541 1409 1386 8294 1990 906 3301 1948 2349 4377 2635 4822 8251 5403 8206 686 8933 8976 5431 9677 4020 938 2176 4293 3419 5535 7713 3515 354 1106 4815 5050 7512 3887 4968 5709 6327 9945 6712 9896 9374 5240 7107 6232 5905 3805 6320 2302 495 4055 5341 7525 4822 3225 6825 4149 2571 9921 9053 6376 7456 4810 3027 7602 4378 9427 2678 5793 3700 3105 8211 6980 8648 8039 2570 6880 5841 2467 1024 640 8942 1977 3886 712 5434 8944 2349 2845 6526 86 
68 3000 7455 209 175 2149 2180 5640 7246 5714 6655 2012 780 7133 6498 731 8404 8585 4288 8358 7855 6262 4146 1355 5632 6676 9455 8955 8775 1093 3700 4158 9766 8091 4430 2855 4557 4245 351 1070 3723 2934 1538 333 6736 1277 2776 1177 9374 5189 25 4758 4241 2564 10 2600 4422 4589 2937 4470 265 5170 8329 4369 9274 8496 3994 4656 9146 4721 8116 8295 3916 3773 4466 9222 3239 7286 744 848 4791 8661 44 2671 9793 1246 5444 5031 1671 4651 7720 1975 7823 9173 6186 2257 4532 8362 2660 8454 4986 9702 
69 3000 8551 4220 434 3416 5077 9647 4459 9408 6604 4772 387 2311 7109 1190 1808 4681 9773 1801 6234 8297 9694 8687 1871 3600 9724 9101 7524 7250 9441 9591 5624 7809 7231 8249 8383 9549 5510 5075 7064 4390 9057 481 4394 1951 6484 1906 80 7741 4824 8565 9470 9463 7246 4322 5327 1449 3893 8680 2730 7219 5851 5909 7104 165 2234 2286 5370 2358 403 1472 226 1481 9304 8001 7545 5891 5933 8910 6904 7800 4923 3478 5237 4585 1266 1097 3612 8218 6145 7275 7134 2832 5903 7749 7970 395 4135 737 1504 4527 
70 3000 6896 7304 5614 2428 1048 9864 3072 4941 5718 8796 7074 4731 6896 7192 9890 2597 5141 3729 4645 1906 6430 3663 218 1147 6113 7953 9268 4620 6011 504 9392 1242 4627 3539 7398 1480 488 1098 6708 2412 8605 654 7886 907 69 2863 2289 4937 4762 9434 8848 3010 7200 9125 3964 1726 5492 1863 4543 1465 3437 992 4141 190 5735 3644 2248 5385 6325 9232 6685 4114 9855 6076 9135 1200 6268 6145 3790 5539 8516 7930 9138 4528 3406 7439 2855 6630 5555 7321 9839 2051 4491 4107 3359 1554 4858 3585 9334 3391 
71 3000 9762 4297 3736 8358 7234 9155 3115 2985 9819 5193 8251 838 7293 1433 937 1959 2499 4886 3874 418 316 4668 3702 2 9747 4251 7153 8022 9135 1829 326 7246 4499 8820 1093 5955 1005 6481 4621 6134 7550 660 2029 9771 4480 4660 2164 3299 4430 244 6502 151 6288 6747 7176 1442 2283 8329 8130 4779 8205 9343 9394 1197 6738 7832 4488 215 3931 7148 949 3019 8785 5700 3982 3773 5967 4828 3240 9049 1651 4792 2722 5390 2484 8899 3806 4992 7674 5746 1397 9510 4205 9594 3207 1994 5179 8861 2154 6949 
72 3000 1276 2745 1893 8515 5351 5969 5467 6779 142 1653 7083 2205 9113 2310 7017 8196 419 8965 9638 1777 3997 8406 4564 2400 1776 8548 936 8884 1024 1938 4823 4467 805 7366 9749 9994 1574 9621 341 5225 7893 7353 9115 8265 4266 9077 6368 3129 4106 7289 3216 5418 1827 712 7735 6136 8056 4673 4250 3615 7974 9591 5728 3580 2779 7603 9310 7330 4281 7309 4962 8046 2611 6644 7254 5228 7062 3873 259 7249 59 6711 5584 2040 4242 9571 3520 5902 2683 8935 7320 434 2229 6849 601 7597 9964 2546 7873 2894 
73 3000 2797 2188 8188 6679 182 6743 1922 3592 9953 7976 672 117 7292 2573 289 266 6816 4384 7026 9385 7796 4800 6815 6091 2493 1242 7674 2331 7622 3788 5231 1561 8949 9913 1375 5058 8996 7367 6037 6354 7889 5167 2089 3794 7317 2717 3375 1217 7627 7058 5859 6769 8034 8236 1906 9834 9964 2800 7681 6091 3519 5420 3680 703 7063 8637 8382 9619 9942 732 5020 9013 8321 1724 1493 2840 4150 7485 3387 8518 7250 1996 128 741 535 7710 4261 3409 8345 4051 3853 9688 7916 4034 8016 193 3965 9015 5564 9298 
74 3000 6408 1556 6791 9567 1202 6426 8366 4316 4303 9719 1369 8291 8762 6103 2439 6486 4938 4188 8052 1066 3837 25 1922 6433 3578 8723 5532 2405 8980 4202 1781 5530 4283 7055 1769 8514 8981 553 4690 7781 6790 4761 867 9160 7739 8783 7901 1689 3382 1137 9948 9552 5141 8250 122 2135 5768 1078 6023 2212 3937 9850 8390 2251 1956 6946 2875 8852 6610 7885 4948 5298 3125 452 7926 2248 2256 1940 4121 6537 505 4524 9118 8116 3458 8758 9184 5106 2251 5190 1785 6986 3160 4116 9247 5897 314 3446 5528 6078 
75 3000 1540 4700 6123 1426 7321 7133 1091 1177 2891 9978 1205 3714 3447 2816 7234 8505 2490 4076 2341 6156 3290 7652 7613 6601 3475 7653 711 5402 2748 1271 7649 8192 3723 9778 7696 3226 5893 7648 1405 2070 2719 9802 1762 8406 1845 6979 8465 4967 8437 9234 5326 8596 1648 7555 801 3429 4210 3615 1638 2202 5145 7639 9656 5690 5609 4398 1651 258 7853 7338 2415 3551 7317 816 899 8299 7838 480 9480 4251 0 1761 6371 8236 2589 6491 1144 2344 7189 7657 3386 234 5895 2265 4472 1572 2150 2340 2469 4584 
76 3000 4717 4044 166 6743 4760 4925 6223 3578 6066 9287 9450 5605 8381 1686 6208 3387 3878 8552 938 718 6740 7933 9813 5932 5885 7368 7514 1334 797 9882 7133 763 496 8108 3202 5269 5625 6532 7842 6929 3666 1865 44 776 7282 1540 8070 4859 5776 330 4977 8426 9688 5098 7276 8232 8505 7664 6703 2976 1501 5804 5125 5855 1705 2372 2567 5251 2988 2542 8363 3537 278 9182 5433 4013 2902 6351 7688 5963 1049 916 556 7839 5360 2305 4632 8570 9643 369 2459 6995 6713 1386 8429 9423 7358 2178 1808 5313 
77 3000 2425 2359 2894 1088 8040 4704 2287 2064 3944 3648 3297 2509 4960 1903 7470 3831 5582 5209 3239 881 7688 5200 7702 6390 1385 406 1525 3526 8968 5368 6969 6579 2012 7888 9041 9768 1590 4399 9774 4176 1608 3461 5627 2808 5273 7382 8014 3775 4679 1964 6954 1600 3529 4375 7852 6657 2967 9144 1398 2724 548 2283 6595 2670 2326 3533 6913 2261 8068 6733 9566 2098 9596 8319 7912 7671 2250 3944 6983 7544 9479 3224 2135 9664 554 2609 829 5796 1411 6379 7528 4079 8614 5766 1730 9710 6443 6198 9117 3754 
78 3000 7113 2672 5832 79 4109 3251 5884 408 8657 682 1671 7511 9307 2145 7639 6508 4652 7121 7052 4305 9168 3391 1899 7150 2177 1158 5921 6322 9938 5287 761 1932 861 5684 5243 4865 3848 5787 7775 6829 9756 9188 1875 8549 5989 4379 4823 6067 4211 7625 9442 5180 1189 3959 8993 3999 2753 6300 5211 3629 889 2705 9451 6981 3954 1736 6967 5705 14 5956 4317 5246 3311 3553 9888 8031 3852 8082 7546 4777 121 6340 3418 3922 4926 4361 5793 9186 4354 1535 8146 5254 9871 2856 5295 1586 3528 9294 2675 4347 
79 3000 6308 6287 8744 6468 9586 369 505 5830 9721 3907 2163 1573 5770 7983 6901 8526 328 3378 1780 9771 3494 9705 5770 7321 9960 2645 900 933 9224 9325 6538 5039 8932 1810 6787 3806 1345 8727 1022 4320 2924 5010 7534 7891 7047 9769 310 9493 9849 2289 8937 5315 9188 6151 1628 8451 6732 1475 1375 2706 3178 5295 5224 4529 6587 54 6680 3071 3852 221 1234 8372 5286 7044 5014 7667 2339 1416 6565 9819 8438 4873 1747 7879 2948 8715 1766 9769 8265 1251 4326 7093 31 3173 7903 2065 474 1047 9153 2574 
80 3000 4869 8941 3435 5361 1133 8163 8463 7336 2537 5140 1087 5002 3547 7409 7192 2022 8788 7738 4729 4898 5133 6377 9861 6778 6921 1423 6247 9396 4293 7320 7441 3124 4660 1479 2420 5160 7291 9022 4236 5833 1028 5659 1794 3042 5127 8676 4755 4807 3222 6064 1560 9959 413 3758 587 6947 3486 1014 4423 768 4247 3902 7274 8032 5990 6927 5484 140 3087 2776 1192 4595 3702 189 9108 4435 5630 9955 6418 5792 5264 9033 5806 3577 9682 2798 1611 5285 1865 5412 9104 2932 9036 8322 6886 3110 4122 6877 2422 5176 
81 3000 347 5078 687 7556 8947 8447 5948 2180 6 5023 6663 7040 6427 4487 3510 6875 1015 5401 542 1978 6698 584 9458 5133 9862 609 7010 6667 6820 5421 5529 7641 3397 4082 6580 1153 7651 2649 7733 1775 5707 161 2472 3109 725 2768 3219 3475 4988 5971 7486 9712 5121 4997 7155 9121 425 3293 876 9514 4346 9150 9601 7407 9063 444 5227 4320 3204 7513 2384 1218 2683 4148 3329 1062 4671 6718 5977 9500 4679 1413 5051 3672 6775 9616 6365 9143 6928 1403 4219 4962 9466 7156 1931 6848 6672 7317 5487 8494 
82 3000 1493 255 321 1006 3387 8263 1216 458 7280 1679 5328 3574 5662 1131 8345 1544 3798 7910 3759 1948 8070 2468 5270 8821 7443 1031 2315 836 8049 356 8716 7610 909 593 4464 4139 2769 6285 614 3357 65 5492 7318 6820 6014 7029 4974 3512 828 5845 8505 6783 5054 6517 4762 9402 6039 4868 3047 6745 7520 7715 8772 8103 2339 742 232 6114 8280 4494 8507 4321 7039 8499 492 2861 6312 3512 5046 2264 5004 1888 2275 5397 1580 6080 5926 7515 5520 5256 8923 4448 1913 48 2013 8909 9171 5420 5546 4929 
83 3000 9871 1669 4377 411 4717 3542 5894 7819 9630 7483 1170 2984 5966 7006 9238 2037 3850 6187 4497 6470 8648 1289 7238 6317 552 509 7295 1464 7296 1844 825 1082 9995 9089 206 1185 2112 5963 7070 318 1547 8348 8451 3357 5851 4664 6063 3452 565 4365 8705 2079 688 4559 7786 7226 5265 4754 5977 9703 5101 9729 8989 7571 3601 534 477 8706 738 3604 64 1480 137 8010 4497 3570 9297 831 1921 8890 2925 646 9284 2652 9403 9156 2863 4548 377 935 1915 61 3474 1294 5459 9894 8141 2282 2172 7534 
84 3000 4607 6806 3422 4930 5978 875 9416 6308 3445 3973 8482 99 4633 7557 9466 8999 5056 1673 7263 8156 2714 9708 1468 1475 5806 1255 8154 6050 3566 3114 4774 4728 235 8411 8188 6790 2144 3845 5816 6756 7933 5057 9916 1326 1889 129 4983 4431 412 1202 8281 423 1604 4227 3491 5379 7984 6828 7493 6536 2328 4308 264 9851 6635 3761 7907 5682 4213 6326 8804 2600 4898 7549 2892 9320 3394 5890 4068 4759 733 9335 5712 6222 8871 145 9344 5709 8397 7731 6398 4350 9377 9644 3126 4961 5319 699 8624 2731 
85 3000 260 221 5986 4026 8981 7417 6581 3329 350 4870 7453 8293 3785 162 1851 2926 8842 5618 2883 8902 7934 6180 288 4991 2165 5401 342 4621 303 9564 8884 1558 862 9935 7471 3719 7319 3127 2652 5101 6458 9598 8370 5843 9830 276 1494 408 8343 1300 466 3892 9983 6893 7083 6456 643 358 1394 5890 8100 3200 9732 8288 9094 2373 5866 6865 9551 5646 5275 8884 7919 5104 2552 721 1631 8770 1934 1041 6701 345 950 2114 433 7085 7202 9244 7262 5794 8265 8329 7723 6949 4714 1543 534 6938 6279 1148 
86 3000 7816 8440 1120 1426 3434 8917 8232 8736 4454 7233 2967 9699 5742 8406 5693 7506 7673 6473 3566 6353 6973 5490 5436 3998 686 8651 9872 2446 3256 5535 6316 6756 6753 7477 9358 1976 4204 1065 6141 8200 6061 9760 6888 3753 9791 3640 8552 6501 2591 7276 1595 3280 7228 5724 9892 7458 1002 8649 3754 4620 7838 2568 6086 6373 3500 1224 1658 2280 3931 4079 9513 9922 6715 2940 8492 3078 5675 6699 5884 8035 8576 4208 9208 8023 7977 5275 1113 5770 5186 9785 7403 4189 7356 4942 8195 5184 7696 646 2190 6587 
87 3000 8815 2988 4080 7214 9182 5866 5073 46 2720 738 6547 3545 1518 4488 6826 1082 1672 5424 1083 8494 2251 7400 4365 9775 7385 2060 7751 876 1480 9212 7623 1646 7558 5321 8073 5885 8724 130 6427 9531 2752 1412 1898 6966 9803 7831 7368 5453 3264 9948 4283 7691 3711 9336 684 2501 6002 5828 2362 3634 9490 2887 7129 6704 1361 1106 2226 4247 3105 9824 4848 8905 98 6874 5796 4733 4322 6455 6255 6635 204 5128 7697 7921 3579 5935 4906 5991 3783 648 2135 6144 8864 139 2376 3509 3926 2875 9771 3110 
88 3000 2589 1539 5131 8041 1583 7779 4596 5781 8462 5077 1405 2625 2443 9742 806 6244 8370 39 8075 6367 3804 3427 9677 3590 9243 1935 7535 6310 1453 5655 6440 5784 9939 4367 4572 9313 6534 7282 7157 1547 8113 912 3240 3923 2433 5071 5593 2222 7095 6989 3737 2253 1642 3567 96 3659 2763 1740 9276 1854 2643 6977 466 8081 419 9901 2965 7593 6777 1036 4835 5965 1663 3679 4679 3526 5124 4892 6541 7915 1271 4628 7935 4771 5372 2974 999 6536 4065 5522 6768 9390 8698 6868 2581 8310 1793 2231 2605 255 
89 3000 6639 7196 1490 5472 1 5594 1142 6931 7968 5487 631 7883 4909 3297 9216 7545 5571 6051 2493 4907 286 1748 1682 665 3319 7860 6018 7283 4324 7949 8288 7172 2944 6417 3477 9003 6516 1373 549 2138 916 5633 7347 9187 4525 5838 8623 6698 5314 9703 7187 3957 1066 1385 8187 9928 2706 4981 6509 8309 777 6148 7307 716 5020 1851 9654 7994 7095 8233 3319 9643 6419 6610 8671 1388 9130 7593 9703 852 179 3334 187 1371 8542 7899 2953 3926 5563 5760 2286 7199 6414 8419 9458 5761 4692 9155 1379 6379 
90 3000 128 5892 2374 2446 9428 2198 9085 6546 240 6403 8499 1131 8241 8849 9102 7336 7354 7257 5150 1908 3088 226 4082 2264 9000 8854 7036 9680 6288 6482 2509 595 6504 6566 3132 6044 7395 8676 5571 9221 1867 2611 3558 1158 76 651 4037 4537 4641 7926 6449 5621 8984 910 5129 4315 8798 4045 4836 2346 6632 4486 9402 9577 9611 4972 3514 8435 271 4822 7613 6474 526 9058 5922 7056 8761 5645 7601 8159 40 872 1019 9315 9452 2839 1160 6661 8571 3083 152 6132 5051 6321 914 4761 5337 8326 3939 118 
91 3000 506 1917 7192 7867 5231 1085 9139 7448 9872 3236 4901 5889 5691 9564 5530 9736 3192 3545 408 5114 3584 7560 2780 5910 3372 7643 8404 82 2073 6346 7328 4090 3052 3740 8790 5458 7493 6536 9252 3456 1484 5327 3545 7910 6233 9966 9151 6133 1407 3055 3603 7984 1600 1569 5014 9055 5920 6605 5729 1975 705 1248 9100 5849 5361 6570 9391 3809 1329 5751 4807 8705 4175 6324 3640 6910 8803 547 3554 253 7797 3899 3980 6081 2883 1701 1650 5438 9522 3862 9246 9378 4623 7749 7175 3393 7382 9186 8477 9980 
92 3000 3250 1572 6848 9317 1020 3129 7793 8073 3041 2272 2907 6346 8563 1106 7270 2717 197 7047 9983 7434 3504 2567 7812 3723 9716 3066 1973 7221 1568 2867 8030 3533 2271 9341 8920 3915 7595 5148 1112 9086 1086 8609 3881 1159 2407 2207 1706 3701 8804 9200 9806 9915 9692 8375 2786 8949 4372 6915 6415 331 2870 1394 2532 6526 9906 6901 7069 3621 1977 4285 1205 133 7575 5525 5645 3940 530 7229 8020 7344 6469 2251 3416 254 2412 9441 8024 1489 9479 1514 5920 8220 8739 1044 8966 3522 168 4592 9838 2061 
93 3000 4741 4943 8178 3900 9648 1486 9870 6437 6633 8703 9445 4457 3456 2793 5607 8324 8490 6419 9884 280 8427 1579 8408 8887 9126 598 6815 1580 9571 5256 8274 5355 8965 4029 4639 5573 6944 7459 725 2898 6916 1657 1713 8351 2528 9916 3674 6498 7253 2463 7223 6757 7105 4327 4298 2829 6482 1335 8060 261 7128 4236 5921 2128 223 945 5696 2838 1600 6911 4881 71 82 3621 3057 4835 8949 5213 7412 9650 526 3227 1399 4855 3900 9474 6512 3045 5758 7034 7185 1626 4353 9373 8824 3502 6593 7595 8955 5879 
94 3000 8256 5809 1507 7204 7332 4624 4208 2220 482 2776 9115 5152 2636 6866 6269 1010 9702 9239 468 5033 4406 3974 1171 235 5260 1009 5527 3100 8650 8386 4525 7382 4051 2619 2274 6046 2366 7196 8400 1318 7392 9195 3580 2877 410 4034 8191 4159 7899 8336 4087 6790 2377 935 9501 3149 6363 1986 7076 7046 9471 219 5013 2534 8623 8308 1350 844 1386 6366 1364 5438 2441 3564 8100 5199 3172 7884 6022 5735 4380 3984 7788 8815 2121 9195 4158 9928 6675 7645 7017 3962 4632 2501 5526 9019 4110 6344 5406 8346 
95 3000 3092 9662 1334 391 894 7474 2471 6990 2750 4073 1119 9675 7533 5899 4492 4107 8590 2535 9624 2632 7709 5828 1392 4971 2209 7135 3672 7023 5152 2692 3613 7801 8687 7115 9041 4487 514 5017 8988 5624 3470 753 7340 2415 8248 6298 9618 8162 9236 7234 2881 5823 3481 6878 8748 3698 2777 8525 9558 9232 8886 5820 7639 956 1871 1254 7719 8538 1565 2784 2445 974 2157 8580 1042 2889 9913 9897 1087 8979 4009 2070 3412 6561 502 3635 130 6264 9415 3576 5791 831 4953 6695 1655 2059 8846 7108 3099 5853 
96 3000 6810 9867 137 5412 8138 707 1083 2534 8416 3913 9318 7056 5361 8324 3199 4407 7787 1443 9082 1292 7696 1693 7479 9506 5490 8783 2331 7859 8312 2206 3413 2244 1514 7858 1860 3811 3239 2788 8820 5285 2146 8064 7231 5391 8242 9773 6724 1420 6850 8141 1649 9906 5698 4778 2229 5442 5136 8051 8837 7604 1472 6577 9395 6020 3439 850 9908 3546 1787 2979 8111 7577 1992 4566 247 9482 104 2699 971 2162 1704 4073 6377 5729 3997 7237 150 1324 1030 2965 2842 3042 2025 2752 4277 7993 2850 5432 9077 4488 
97 3000 606 1933 5312 8347 1343 8135 6284 7328 899 5879 5421 3693 8863 2080 4310 4884 5669 5974 3847 2339 2810 4494 8516 8420 6173 5758 3791 1472 2510 699 6660 9011 9025 2804 9282 9029 6087 5989 5763 9426 3076 594 2057 5573 7340 7504 8992 5994 6291 394 8429 6172 2615 6102 2530 486 2618 3126 6169 2269 7683 8241 2453 1988 8868 1247 1378 3559 4614 7845 1605 8774 1588 623 5361 9864 8650 8186 6470 181 3937 2400 1503 3008 5084 3759 4054 8490 2560 4885 2145 8694 6133 2149 8752 792 4462 5417 5457 8372 
98 3000 7810 5918 9228 870 3886 2244 2316 1125 6805 4469 5288 1070 9185 6397 3176 5534 7356 5929 4756 4178 9701 3564 4950 1557 8123 9017 350 5296 2633 5967 7877 2406 9066 4927 6552 3712 9920 4238 2404 6418 8321 9195 6490 4782 5111 9289 6057 8933 9068 3580 8808 1800 241 4192 316 4169 6416 7935 4543 7873 2707 6052 7495 7093 4270 2087 3999 7799 2142 7883 7607 5302 2209 7704 3623 9942 7291 480 5251 893 2361 178 2879 8102 2883 4299 6477 2341 6278 496 1126 3395 6511 1326 5668 6372 1811 7115 4487 6129 
99 3000 5504 6959 2409 9839 9984 7839 2730 7671 3800 1875 8367 1599 1872 1691 6139 2333 8827 3913 4165 4383 5470 791 2393 9237 8371 9944 6254 6676 2576 2229 3436 4199 7455 7745 3791 4589 5660 9942 2356 1594 5216 7878 5513 3735 4739 6585 258 6241 1774 5565 6612 1105 4258 5412 3140 5272 5112 2559 5610 6941 9956 2146 8767 7 7949 9020 1235 6612 5750 6854 3547 7833 4614 5394 9294 2489 603 5828 9406 4074 7926 4284 9550 5819 5404 3451 661 3871 6061 2326 2594 8604 9839 4081 899 4052 9434 2064 6725 5469 
100 3000 9268 3918 9848 5011 7571 3826 4820 5544 1601 2885 253 2580 5983 7598 1212 4335 4172 6500 4752 9908 3044 4899 8564 5599 612 7752 2753 9332 6864 656 4743 3221 7728 8974 7303 4251 2163 5079 9698 3087 2373 3724 1968 1008 7148 5538 2331 4963 8326 8650 7707 757 388 8433 7376 4362 3166 5375 9747 1344 7688 1075 2271 4427 5142 2366 4457 9177 8965 3558 4034 7804 56 6811 6222 1105 5120 632 6138 8513 8130 6493 4322 6290 4918 3582 5388 3828 888 1668 9803 8087 1859 2101 8791 6150 8026 6934 2355 5911 
