FILE: 223UnifS.txt
100 100 0 
1 3000 1827 4851 1090 7669 2274 4570 4075 4591 5343 200 6888 1003 3168 4785 6844 69 1659 6934 1623 5309 6961 2442 9797 3791 5047 4035 4481 7431 4433 9240 114 2431 2015 6388 2354 6839 2039 8725 1116 6227 8183 6667 6714 7506 8781 8163 9144 855 5157 7199 486 9782 3088 415 429 9306 7402 1849 4927 2268 9685 5814 7972 3761 9124 7888 6499 3692 6471 4038 8413 7464 1135 7868 3743 4786 1395 5986 8915 6602 7738 1503 4157 156 9329 5653 4027 2171 3595 7539 1066 161 8944 2004 2572 1862 603 5629 504 2789 
2 3000 9585 850 4511 1926 4774 8209 8083 5528 8146 6722 7825 9057 3104 2376 5868 7241 5945 4749 5387 2260 450 1757 9258 48 5598 2528 1836 4733 6406 8390 3854 1191 7895 2002 455 5735 2177 4594 2340 4917 8675 1338 46 2468 7456 4846 1352 4350 5701 6794 1801 1945 7295 7659 8358 3363 5536 4601 6182 2871 8982 7452 8531 8458 414 2837 9790 7515 8920 6426 1622 641 5119 3299 2247 3583 9495 6444 8841 7291 3861 3379 3067 6100 5955 898 9725 4041 7146 7942 8530 9276 3284 6592 9016 6651 8655 1196 8560 8388 
3 3000 3079 5611 3538 2883 2118 8573 3598 1651 422 7198 9068 4376 8188 8597 1478 2097 756 9630 7215 8519 1318 4766 4301 9444 6762 2092 2292 331 6634 7422 5311 1977 5230 6552 8193 4330 6810 5627 5769 8420 3938 9637 5265 6415 8946 9040 1830 9810 8525 4507 7187 5732 1440 9791 1414 1374 9367 2729 7843 6557 862 4355 1087 4406 8449 6154 8196 168 8834 5427 2930 8136 6245 8792 3164 6718 8898 3799 1417 1611 8588 8684 8498 7115 3400 234 290 5565 3550 9783 7649 4890 354 7338 9434 4298 8313 3821 8653 8080 
4 3000 328 1441 1750 7550 6043 2190 999 1097 3309 4466 34 2374 2772 7817 2504 6604 5587 5810 3847 5013 4264 7033 6194 7392 6624 4212 6395 2776 2897 1457 7173 8255 5931 9634 1400 5908 4534 9863 9500 7861 9942 5134 9977 9472 5401 58 3064 634 8891 8738 7507 5218 8958 760 461 8622 3685 5320 518 3462 2778 3467 3863 3376 2781 8475 3550 4959 5419 4338 1901 7822 9060 2392 6039 2777 3303 6063 6536 8142 6698 3733 9189 4177 7584 9741 9930 5641 8051 3503 2845 2480 1032 6755 1330 8629 519 8929 2369 8950 
5 3000 4900 645 3935 4290 3427 5334 5517 4664 5803 8985 1775 562 4900 8013 9313 2388 2594 5257 6585 8010 8735 4102 6922 8453 3235 725 4681 1700 1281 4464 4527 4630 1676 6314 3833 3075 8307 5552 8205 4 4728 4479 140 1831 1883 1294 799 2849 8938 1086 4909 7789 7252 4961 8794 2504 7464 7282 1525 2774 9707 1045 9195 1247 6951 1373 2328 2488 1464 7137 6398 6171 4404 700 5489 8383 8536 5793 9066 1058 4068 3508 1884 9539 7615 6419 7007 8255 4294 830 1968 4538 2936 7141 8043 548 4423 8353 2652 3339 
6 3000 3160 6680 4891 3038 1658 8301 4178 9154 8249 6227 2036 5014 7934 1302 6991 320 6337 1320 2604 1831 6802 8272 8617 2176 605 3718 5239 6783 296 2282 538 8940 6161 3274 978 2978 5814 436 5065 5580 6910 9813 127 5214 2988 5748 2214 9692 2432 5006 9130 1854 563 9015 6582 3374 4855 4242 7454 6698 3270 690 4219 5100 5730 8511 4456 864 8700 2761 9508 1597 2908 6268 6259 4657 4182 625 2035 9717 7414 5316 2632 9447 3655 4960 3467 8318 322 4681 3859 9543 4546 3605 4426 130 9629 6481 7618 4070 
7 3000 4641 3429 1364 3639 7131 7807 5853 8840 8965 2212 3437 4955 5297 2595 1653 8233 6653 514 9382 9693 4147 3501 6122 7064 7825 3558 4392 4841 8124 3778 5259 2467 465 3095 6990 643 2968 9149 6829 5762 7291 9288 5901 2467 2594 9683 7239 4335 2633 2581 6934 2684 5968 1669 8415 3511 9309 5577 9850 2543 3977 9493 4675 8430 5496 4913 5243 4044 6307 7510 9605 5920 1608 3133 1410 1812 8319 1923 2934 6376 7172 564 1229 4978 7923 2652 7406 5630 7698 7192 9032 9047 2452 5217 5660 6830 1561 4537 7482 7777 
8 3000 5538 2607 7103 2313 6870 7525 4447 5052 3986 7155 4783 5480 8345 6368 9876 6760 4652 2417 2266 2671 4195 8433 2670 2663 1313 5043 510 5042 2987 122 7564 8278 1548 6656 4742 439 526 8745 1995 6747 3608 5722 1332 5269 6730 4397 2981 715 3292 9430 4664 6381 2499 1827 3997 4202 824 5562 4019 2939 6599 2321 1845 4483 7728 4374 443 8295 2529 5572 3534 3958 3699 466 3625 1866 5401 1555 3153 2029 3483 4658 8771 1008 8813 2406 8745 6975 3749 5866 3482 2893 1724 4290 9184 7827 9964 2979 4624 6380 
9 3000 5329 9285 1049 6245 3272 6728 5207 3894 9936 7248 5499 8387 7363 1568 1257 3301 1837 7697 5147 6791 5350 7547 8694 9777 187 1682 938 2246 6647 2186 206 7692 3877 3662 9021 5668 3842 2351 2123 2478 8410 3378 7625 9975 9570 6127 1291 2506 2773 7731 3935 1962 3391 4697 1951 965 6316 2652 964 4176 8664 4214 2610 7729 5626 4984 4433 6789 9422 7675 2918 1238 1399 4351 9640 9479 7244 6802 543 374 5321 5036 8341 3298 8138 3907 8046 6329 6936 7854 5620 2550 9405 3777 9753 4488 525 2030 6767 6668 
10 3000 6525 5544 8637 6299 1981 7071 4151 2084 24 4559 3184 1150 5683 4642 4098 4110 2352 4269 4275 8243 1373 443 3763 8807 4758 8094 2058 8469 1025 6079 8005 4865 4166 1298 2825 6284 5730 942 6265 5476 47 2865 5882 1584 2561 4079 9439 207 1297 7376 433 1579 1453 6072 6750 6880 3111 6881 2443 2668 2080 911 2631 3441 3857 2779 1526 2316 723 7868 3590 9840 1953 7687 7809 924 7154 3375 5095 9902 2738 7318 8814 3711 1503 2896 8440 3206 5354 2355 6329 2585 1138 2804 7626 6956 9613 330 3286 8017 
11 3000 7537 2254 6234 7861 2879 7492 634 917 3165 5060 4299 4003 6938 687 4214 4512 8349 1569 5189 6719 4875 9233 1636 6217 8152 538 2473 2472 7948 6792 9150 9510 9247 1003 6802 4726 2466 3247 8527 5812 6795 4163 2784 5823 6661 6577 3928 6355 1318 5246 5854 8856 7562 4731 8782 4062 5573 5392 9154 9548 7875 7506 2662 5420 1430 3521 404 8119 2851 8418 8157 2356 6744 8213 8782 1170 7170 6577 7750 4112 2234 9581 1794 3553 1805 8567 689 9118 8351 1145 2152 245 907 315 9868 6868 2161 1711 4647 8227 
12 3000 8674 8972 8696 9799 4215 7240 3026 8357 6228 4780 7975 5157 5424 2728 6866 7244 8492 2956 2777 6883 3939 4078 8449 9124 1058 5561 9312 7479 2018 9978 9637 7735 7072 3376 1812 9887 2907 3773 8747 8193 4101 7778 9399 9363 7716 5341 7426 8865 1011 2617 2964 5356 2286 2969 7527 3245 4843 6085 2039 3374 4075 5226 7982 1828 7685 2597 1676 6868 9023 2841 1679 3989 3551 4663 9316 9103 8433 575 2334 9852 5252 4765 1672 5034 5845 9097 1370 2168 1274 7229 1595 3177 3910 6860 4791 8193 2651 101 4957 7492 
13 3000 1263 1974 53 1555 9842 7026 7521 9251 9404 4084 2945 4140 9603 9118 1819 8915 9567 6242 4459 7955 1866 6834 4024 8011 9598 6783 7669 7013 6609 1856 826 1005 829 1201 4602 9203 738 8960 6310 7178 4954 4022 3117 8165 4953 7891 8827 2498 903 683 3777 5166 631 5243 7870 1499 1716 9400 6725 976 6698 6328 952 9157 1422 3051 8559 7742 6501 7055 476 2758 1909 1044 9208 862 4690 5803 614 3780 9803 1199 8806 861 4084 5298 4180 9765 3340 1615 4566 5267 2556 4484 9506 6194 9242 2553 7656 483 
14 3000 9897 404 7315 8364 9595 8304 76 3667 4703 70 7601 3259 8719 9070 1529 4601 1239 2340 6497 1430 45 2833 6299 7571 6321 9791 3156 8866 2992 7237 125 3238 6189 599 6622 8870 9839 1456 7077 516 3381 409 2708 3935 2603 8074 6428 8447 3609 4210 868 7619 9909 4958 9532 8073 2634 8215 1074 6419 3872 7132 6699 4315 3140 1731 692 1647 6967 8655 4069 7844 1612 9036 1354 1304 8905 4492 485 6958 5207 1252 5836 1954 3507 2394 4372 9460 8631 8224 4929 603 5584 4768 611 4526 1014 393 4320 6570 
15 3000 7805 554 7409 4586 2786 668 1460 3364 7576 7103 3183 7197 2548 6306 2446 558 3916 2046 3427 6917 3953 784 8891 5665 4328 5173 7592 7181 2575 5675 4800 6011 1678 309 5956 2178 2790 2522 3446 614 1068 7185 6505 8722 4645 4714 4245 2055 6711 3317 1804 8129 737 9362 9630 8353 8806 5877 5875 8092 3086 9170 1927 4844 414 3573 1065 4556 13 4315 231 6052 4333 8519 4932 3595 3011 4319 7275 7567 9969 8112 7111 3281 3622 9924 6316 7915 219 6910 6192 5567 312 4970 7997 441 8339 8501 6596 8155 
16 3000 5345 8264 7235 5176 4820 7382 5448 6376 1661 5462 84 717 4266 836 9455 5061 9747 938 618 6100 2269 800 1776 419 4515 9666 7805 2676 2278 5746 8904 1911 2174 9085 2378 5984 2481 2556 7534 4126 7108 984 3714 7629 2679 8392 1443 8652 8751 3371 6707 7155 1155 2576 8360 5957 8459 2350 8645 3921 1557 8464 6848 7260 6387 3995 6080 8973 9768 5318 3174 6405 8366 6228 1712 6926 782 185 8182 1741 2772 689 1253 7829 5580 9769 4176 7993 7408 4614 312 9049 8004 2309 1786 8136 6375 2712 1262 7143 
17 3000 1632 9449 6848 5274 6948 9035 122 9730 6654 8120 7281 4513 6449 8858 3425 7369 6745 2408 9955 4836 9127 550 5101 5435 5944 5434 7573 975 3026 7451 3343 5990 5523 1227 5541 5294 6868 9748 7489 9664 869 6600 8847 9654 6921 6346 4894 7523 8351 3021 8932 7297 3877 6749 7807 2949 2203 8495 568 4714 9729 2930 242 3514 1394 9433 8734 3524 4640 1207 4858 2852 6503 2530 5486 2349 3826 4120 9829 2540 6599 6638 6837 8687 4424 2304 5725 3967 6107 4645 9629 787 2371 6365 2380 211 1694 5344 8410 9526 
18 3000 9278 8755 5774 7917 9134 5314 2307 284 9303 5646 4901 9168 189 789 1904 4816 6030 8806 8650 3360 9484 9539 6112 3130 9342 7474 2678 9081 1376 2741 9051 5360 2294 234 6282 5982 6837 6856 6917 3644 7991 6891 9279 6654 325 5502 4864 3995 6460 347 8877 8502 6657 1331 3876 8178 1531 8473 6553 5621 7890 7903 7639 5587 7703 5985 4926 670 189 1561 9423 5115 7027 6323 4632 6747 706 3307 8951 7034 5977 3519 1201 9266 4455 675 9277 4868 2326 4078 1928 7829 1188 9609 3658 7266 2019 8850 2753 8103 
19 3000 2264 6333 2433 9882 6052 4906 5132 3695 7533 9233 9897 7244 7345 7413 2916 8025 2203 726 1172 4634 7615 1507 9221 6203 3720 9138 9089 9960 4255 4171 3306 6906 8641 577 1054 5631 7204 6110 7448 4245 9509 810 5934 436 5827 3622 3818 9652 1728 7138 921 1412 5789 476 1352 3742 439 270 8414 5727 5924 9790 2630 8200 7395 6196 2894 2548 5121 5900 750 7647 7833 8067 7794 4919 9188 6236 6201 1519 7355 8066 2379 1639 7734 3203 3742 5943 8795 9283 8617 9129 1041 6049 9271 5609 9101 7595 8060 3318 
20 3000 6942 2742 6708 5647 6208 3533 8710 1506 7690 1849 4861 3501 5910 4162 1904 4248 6840 4404 4310 805 8739 4958 9180 7227 6120 5789 4274 5257 6837 1678 9159 3126 2305 7605 9491 2494 834 2237 4415 3505 4098 9551 7092 7970 6720 8583 8354 677 8996 1295 3476 8825 2723 8574 2085 9581 173 4351 1182 5765 6179 7850 1299 9658 3350 3954 5770 4936 413 1709 3140 6728 3674 935 2690 9798 1612 6982 3085 4860 2589 3594 4160 3001 5697 3910 1814 8251 4714 9579 6042 8258 5202 8014 2087 3100 4715 7757 4715 2221 
21 3000 6146 1978 5619 9485 4184 92 3948 6361 4910 7513 9957 3232 8510 3518 1783 8832 5113 7244 5350 7798 3758 1814 7398 6357 4482 6576 1631 6138 3539 7481 7995 6098 1733 5573 5084 2587 5890 3615 5663 7529 3442 831 5325 4731 146 5782 4263 4315 922 7357 2176 5282 3817 3897 6296 6187 7097 439 2538 3956 9460 4091 9780 813 3377 7524 7266 9344 1556 594 5129 5676 6534 90 8048 790 3387 7605 2021 9950 5575 5528 4274 264 3906 1170 6279 6371 8621 9008 9915 4240 4617 1055 6741 3116 9778 5359 399 5567 
22 3000 6446 2622 2141 5676 6011 945 9482 5346 6620 8703 7977 8733 4024 5536 6125 4806 5538 1476 3393 8030 7132 4187 1371 7177 3648 4340 8048 2253 2137 9109 5215 9566 8324 3790 8994 4901 6200 1549 3485 4834 735 1292 7551 6162 3719 3660 4714 3466 2727 5155 6183 4789 3206 380 7011 5450 3693 2412 5369 9974 4156 1302 4946 2152 7452 691 482 3225 3926 2557 6415 8190 9120 89 8663 237 4612 8680 9521 3306 1986 5050 5694 2770 9918 4491 9445 4247 4391 6239 2876 527 2035 6969 5325 6636 6596 2416 3901 3020 
23 3000 8518 7123 7129 6848 7664 2312 1732 1454 9154 1875 2530 3886 2330 6503 5470 597 2845 5926 3779 1252 7878 9287 7237 658 4477 3637 4585 8828 1018 557 9046 9159 1799 902 6985 4746 4755 7676 9679 2812 2296 7024 8223 7267 5271 7355 1557 9393 62 6587 7620 6651 8796 7522 7624 9617 2682 1336 3457 7038 8482 9205 8212 9016 8097 2048 9839 8318 1283 8399 7923 9809 1489 406 3582 8009 4824 7948 2500 2780 2147 881 1077 3130 4281 9413 5705 9152 351 2597 5174 2078 9252 4953 6193 2464 4238 1215 2050 6500 
24 3000 635 9198 4384 443 6684 802 8089 3173 7502 1123 9343 6881 2176 5709 6756 5874 3973 5924 5652 3510 3685 2447 5468 7257 6092 6892 284 1875 9548 1557 2474 728 8702 7290 9483 5212 333 9489 3729 2320 2319 2224 5631 320 5723 478 9765 2569 10 524 4133 9439 1387 8417 2572 8386 4265 6615 281 2123 5853 8729 2470 4936 3870 2390 6139 7114 7387 248 4981 7509 789 9091 7410 4220 867 7092 7711 3399 7032 9179 318 6189 4656 535 7219 3776 1534 8212 8478 581 7479 884 5893 5561 7029 6716 9772 1647 
25 3000 5296 9358 8830 3303 6924 2066 3224 2204 8182 9954 702 1052 2176 356 5879 5505 7194 1331 2640 4237 8164 8276 9670 7121 1252 8679 9103 1538 1568 4986 8302 6810 4013 5597 4757 6760 7240 3992 4118 394 745 5969 1345 712 5082 5022 4983 1638 5202 5834 4568 3080 6919 5898 1152 4117 6499 5266 957 4302 3375 4414 2149 3099 5988 246 4745 7441 749 209 3638 7415 4132 4541 4748 65 7888 6643 4303 1334 7381 1573 1237 6116 3061 2671 2720 6442 5046 6299 2811 7790 839 4719 4232 3514 6172 7084 3276 7408 
26 3000 8966 8560 7827 4388 6420 7575 8518 9296 5232 1186 3006 3842 4933 8579 3377 1654 4355 2686 6667 1469 1218 9934 8523 8436 4849 8117 9973 3552 2017 2389 7333 1221 5903 9387 5231 4937 8184 9475 2762 1092 4254 7118 2764 910 1559 9379 4221 506 1064 2534 7789 9071 1843 6825 4451 5177 8793 9326 7291 1211 3474 4942 6398 5940 8075 5530 6895 5185 2501 7144 88 636 4592 5407 7746 6785 3460 9004 9502 5982 5952 1308 3381 1621 6246 125 9452 9447 8560 5560 6605 6990 2994 6021 2453 1126 4495 2333 6363 3755 
27 3000 4947 9989 5603 5616 8385 9517 4622 8217 9336 4982 7453 3893 4283 600 3238 3992 6254 5489 4883 5183 2538 6539 835 3887 5527 9406 9982 8839 6677 7637 9682 1770 3598 9912 6915 6217 271 5418 2562 4452 390 7343 8805 2549 3819 4501 9654 3557 6192 1072 4603 8819 1617 4478 5402 7398 8526 1376 5966 3640 8634 1783 5395 2853 9030 1318 4131 5123 7390 1574 3236 7240 322 8617 6791 2760 4826 9603 7425 190 2886 7527 4968 9292 9185 4094 8226 5524 1942 711 9888 2589 6881 7614 4547 3128 4319 1111 9859 7522 
28 3000 9379 8954 814 828 5334 3832 7144 7838 67 4998 3845 6262 5664 8010 4835 8037 1130 2603 9726 8761 8225 8689 3730 5248 431 471 684 1217 5042 8696 9206 1097 8378 1023 1966 1963 4126 518 8096 3592 4804 2278 8710 6648 6351 8174 5563 8990 5842 9724 2822 107 2327 9090 1974 3676 797 8196 9851 8243 9274 5977 9779 6036 9025 3749 5862 9895 7900 8704 379 8334 6803 5534 4314 8720 9273 6173 1008 8586 4209 7672 2934 5061 1699 8193 1604 2434 1994 1131 591 7829 7593 7358 1686 5022 8458 5598 4171 6371 
29 3000 357 920 7226 2873 6326 1358 5453 2351 1257 2662 7528 5760 9619 1164 7983 1621 6292 4778 2101 8582 534 2117 3951 6098 3073 9744 7534 3243 6317 7538 1064 5639 7699 2194 4369 521 6137 8842 9420 9915 1628 795 3981 1948 7962 7418 8387 285 8557 124 5449 1682 5433 6497 3475 1675 1292 2538 2430 8383 4741 3034 3210 4448 8626 56 41 7088 1500 9578 6012 6284 2214 6227 1724 1086 7625 6149 7068 4050 3446 8010 6128 3794 8202 2113 5208 5680 325 7646 3983 628 8367 8055 9779 2045 4339 4536 4974 884 
30 3000 179 7658 7522 8831 7339 7112 4613 9610 9498 9575 9444 8416 8409 4715 1122 9477 2856 9305 7695 1738 749 9471 2300 2664 4334 1066 2442 178 8541 8162 2400 2721 2438 9673 8747 7431 3830 4103 9008 6454 6970 2413 3436 1379 3399 9019 9914 5794 5909 916 1981 5971 5639 4918 9987 9675 2282 3034 5369 3096 7431 5964 8052 5908 1039 4716 6980 4454 1014 356 3765 3054 5929 1879 9464 3438 865 2202 4485 2304 6375 2288 1610 7004 572 3391 2152 9349 4349 7427 5228 7546 9711 5471 163 6256 1247 4377 2017 4776 
31 3000 716 1525 241 3347 4763 7690 447 7591 5759 8041 9318 1068 5766 1262 2629 5957 3625 6794 6404 1869 5173 211 1190 2777 6582 6713 9464 2076 825 2750 6153 5768 7263 5763 2294 3767 4362 2063 1806 9337 5533 2818 1395 6647 8097 8180 3581 6456 5373 9531 2848 9922 1893 9852 4926 536 1746 2219 9188 4178 37 6424 4183 7303 7480 3726 6282 3250 8113 9714 1461 6672 137 5310 200 6100 9881 5885 5512 4622 8892 8508 4093 8694 4149 7318 604 5072 1404 7017 5068 5873 1647 4494 3401 1756 695 8568 1061 3231 
32 3000 1907 7862 9831 95 2023 6797 7714 8989 133 9717 1966 9079 9759 3128 5246 5869 4077 6075 4896 3133 4256 8638 5336 2971 918 8549 3602 3998 8733 5942 7990 7647 4131 6221 9836 2605 6142 1059 8419 7374 364 7519 8988 950 6049 5295 3915 1634 6318 2091 6970 3966 1504 7111 725 3783 5614 2683 7082 1403 5920 4003 925 2932 5673 7009 6896 9699 9945 4375 9299 5816 4591 9632 5124 3857 8339 9414 206 8673 8010 3832 8496 9320 6849 4965 4466 9120 5999 3486 8635 3844 9083 3406 6225 8022 9924 4944 8932 9375 
33 3000 3383 5524 9835 1375 9325 8898 1418 3925 9706 2389 6728 2173 8791 2264 3646 3443 6493 7229 2293 2291 4836 51 5557 3694 7547 7305 2746 4353 2771 7241 6363 2132 8908 5786 2010 3611 3581 660 1416 9775 5725 3625 8588 9819 801 855 9088 3083 9136 1433 2437 9108 7389 3970 7642 5826 3139 1353 1846 5861 2603 3617 2108 967 1470 8939 306 4586 8872 2758 1161 2532 4472 5025 3392 1797 8677 5571 3992 7487 5980 7605 5631 7881 1422 9333 7184 7613 186 3706 7382 8980 308 6290 1589 1378 8520 1263 1707 8860 
34 3000 9212 5535 9200 5818 6524 994 1249 792 9559 4880 29 8405 725 8276 5108 9421 7198 2734 8980 8928 5512 5018 5712 2646 9276 9976 2724 1364 11 1538 5693 3493 1115 1832 6576 5755 4957 8437 4767 1989 3086 9747 1368 83 9574 8474 6600 7038 7481 3263 324 2144 8445 8442 5693 8296 5395 1892 5935 1422 8392 1042 4249 8046 3595 6991 6836 968 5347 6757 9051 3074 1395 3640 4679 9271 1226 5729 8339 6542 7535 2513 1010 2134 811 9634 8683 9864 7054 1754 4140 4551 8616 3555 1855 4580 8164 8855 6023 2579 
35 3000 5770 7858 1710 4234 9126 2526 9133 5216 6884 70 1059 6245 5124 4575 3334 6272 6935 6747 8538 3786 5142 1780 2759 6249 8134 5356 5495 7654 8837 7764 2683 4212 6802 6147 2852 8152 3417 4871 6399 9665 249 4026 7990 6956 510 6042 2091 4430 3644 436 1618 8997 3046 6686 9713 4513 6895 5225 4651 4331 2128 6561 7861 1988 1520 8525 5083 15 3906 1642 646 6868 7521 2627 4866 1987 6458 6004 4576 8981 265 3855 6778 6934 6656 3689 5422 9842 7353 4440 1305 4169 7049 587 5101 4532 5499 4398 3512 7509 
36 3000 2734 6307 8546 3573 7402 3402 9919 7148 8231 6054 583 4798 8622 2659 5376 1531 4361 2506 2805 5233 4458 6782 9940 9230 5115 7684 448 2966 6816 5671 5745 819 4538 4831 9267 9026 1093 6380 3881 749 3594 284 2407 9255 3043 5001 1271 9224 7048 5354 7282 6186 5660 8529 7538 4074 340 8194 2448 914 6047 6746 1889 2630 6456 5681 4480 4977 2295 4091 9986 3602 2809 5285 4844 2225 354 1536 818 8950 8108 6949 6774 697 912 8461 3582 5762 9237 4960 2146 4498 6269 4530 4554 8128 8129 9825 8355 5673 
37 3000 7209 1564 3965 9015 8641 150 5188 6079 9880 5419 2876 2142 3428 4508 1699 9265 2664 7857 54 3854 819 3321 3085 2342 3057 8425 8845 4999 1693 729 7562 7863 4537 6328 4050 2801 6352 6469 3234 5693 3448 2303 8802 2737 1397 7749 4979 4888 5868 496 1436 411 6601 1121 1312 5569 4487 337 2370 3428 1789 4360 1269 794 5480 8412 975 3270 3708 8335 1278 8438 5385 343 2453 7171 2903 8887 2033 3064 7975 2658 4711 9994 596 8701 5371 7801 1136 4669 5237 6100 5554 9185 1149 6214 3738 346 7971 1231 
38 3000 970 2340 4113 4188 2515 193 187 4379 1337 2640 780 1791 8936 3121 9362 9662 9317 8903 6307 5161 6080 8325 52 8202 2627 6170 1370 8373 5514 7159 771 9997 904 7575 9036 5315 4166 5008 861 5796 2585 6224 1642 1568 1201 3166 7370 8977 1780 7069 7665 6274 4895 712 1925 7418 5148 8783 8602 4016 9508 6380 7608 5376 8773 5632 5840 6693 2164 441 5833 5358 5037 9357 7537 5391 9723 6571 3218 9999 9496 1041 5490 2261 5657 3731 8461 3935 7754 2989 2015 2394 6921 8039 9214 5681 2340 603 6822 5695 
39 3000 835 4648 8961 9501 9582 4254 3886 8759 1953 9616 3889 7288 6480 1159 8326 6746 8942 1788 9768 438 7584 7257 3280 5253 1455 4665 8821 1720 1869 9080 6775 2194 7004 8281 6600 7160 9607 5633 8608 9671 7841 1080 8865 7906 9245 267 7220 5852 7827 1787 8454 2112 4278 2552 6565 6842 9310 1287 2161 6806 124 154 2995 8562 9999 4497 7610 9770 1003 711 2124 8624 9839 2243 129 1412 6806 3706 5714 8201 7888 3133 9627 6643 9973 2342 8542 3908 9188 5435 7468 6748 2369 5418 5276 9674 1645 8949 3347 1268 
40 3000 2157 9205 7354 8616 2898 6883 2162 9868 675 9318 9856 4918 7201 7729 893 4216 9308 2593 8379 5701 2291 7137 5474 9857 6366 8963 5914 2902 6268 9790 7669 8088 3958 3330 9717 5146 4469 1280 1948 7833 4867 7444 8189 9625 6341 9980 2360 7518 9422 1772 7747 3967 2318 8924 9410 6944 2381 7381 9703 8118 695 7677 6933 9167 9796 7805 7133 6211 4504 4213 8968 2369 5895 926 1758 8444 8386 6790 6635 1733 9954 846 816 2955 5472 5824 5010 1319 3176 9763 3938 7697 4252 5762 9996 5940 5557 9845 22 2310 
41 3000 5453 6962 5205 3035 2772 5107 4109 0 8912 7564 8826 4547 3043 3282 4256 9414 454 5366 505 8792 4015 7702 8415 6510 8765 9701 8217 2342 9632 9168 1305 6440 2267 3306 5142 1893 7013 7827 1286 5415 5994 4206 6541 6146 3326 5047 7236 2590 8464 7581 6629 7675 2661 5290 5428 1932 8560 7646 5452 4809 2909 7991 6400 4099 2399 9524 5761 3503 2632 9429 1834 8312 208 1120 9886 9215 7943 4606 1427 4232 3205 4997 6613 8777 9380 9117 9773 3835 464 254 8059 2277 8776 1029 3229 3286 5798 4395 6544 4926 
42 3000 6141 2755 6798 4814 4632 5210 1469 8940 6533 2928 998 8589 876 2644 6191 5410 6933 8277 8743 4593 3802 678 4895 6180 3122 5501 2210 4499 4917 9199 9474 5721 6554 3146 9723 3545 4841 5880 6398 3006 1233 3479 2620 2407 180 8050 3594 3383 585 4360 2134 9077 400 4572 7318 455 4336 1122 6265 736 4706 7716 9033 7950 5386 8444 6654 5627 8911 5036 2280 1599 6683 2225 5462 4936 2317 1246 9555 1008 8100 1458 2241 4662 4586 90 9186 1537 3307 110 812 7494 2616 6223 2204 6173 6650 8991 6136 4683 
43 3000 7418 7081 9222 7404 22 7634 1194 7923 989 4760 7306 9095 9741 6164 3859 1221 3184 7888 6854 8362 3423 7182 3771 2772 8599 3501 8469 7451 6859 7629 9213 6837 3440 8920 9832 5608 887 672 3986 5617 2396 3622 2580 954 8272 7569 4283 1126 5522 1119 9182 2366 573 9553 5563 7068 5107 829 9810 1345 5027 9699 9432 711 2550 9957 9217 3894 1419 4806 509 4765 5241 5361 3609 2396 8956 7265 3307 9250 3425 5437 7526 7483 3145 6942 9108 3379 7089 1987 710 9913 2668 3044 2836 7429 2827 2095 4984 2450 
44 3000 6254 6003 9931 4615 723 7 1126 1732 9557 9344 3227 2967 1220 8997 5745 149 2029 1564 9825 7205 1997 3252 8152 7719 3796 8005 7970 613 4846 9740 7242 3961 2533 2730 3923 6915 2545 88 8363 9772 339 397 8837 2149 5732 2454 194 9300 612 8137 5635 6543 9783 3406 1617 1821 4924 7423 5880 6387 1684 9796 8597 3612 9894 5953 6655 5915 6907 634 1053 9826 4066 9517 7433 9170 6288 8960 9732 6372 4785 3877 6957 1890 2897 3727 3089 1780 5065 6641 111 3374 8915 1667 4158 9088 475 9139 4797 8360 
45 3000 2511 9174 7427 7706 6001 8294 8809 8903 4715 4172 5716 5299 2934 8501 6711 6246 6291 7994 7049 9658 5735 3501 6706 2696 4618 7258 1530 576 8914 8256 7518 3500 558 5738 8219 1722 3908 821 5261 8721 5337 6242 2004 2518 5949 4226 317 5108 7416 2487 480 14 945 8344 4212 7977 9367 972 822 760 2352 1769 6489 3083 4749 2855 6660 2683 8051 3691 1582 8496 4982 5826 4952 6964 7219 5770 5695 6474 6223 5985 2865 9909 7210 4012 3673 5340 6239 9714 4642 4827 426 646 5879 1357 1285 5554 8483 3902 
46 3000 1192 5993 5069 602 2976 6077 3420 73 2632 347 3265 842 5163 9767 6185 8904 3544 5847 8634 3407 811 2888 8096 461 5276 8353 2359 5069 8867 1364 1921 1188 8597 9321 5516 9912 1144 2651 8762 5780 577 7676 5947 1210 9188 7613 4924 9059 1460 1691 5140 3303 1158 2399 8792 7849 1539 858 5098 3468 8697 315 7706 2852 8028 7766 5217 3799 3813 3700 4838 521 1943 9973 9161 3077 5748 5802 6063 4935 4972 1885 1736 8649 7856 2651 6837 9676 6354 6627 5767 8302 4476 4936 9071 9705 9749 7920 8969 2136 
47 3000 7810 9880 8005 3230 118 1955 827 4440 4795 3113 9086 3592 594 9272 9467 5570 3982 548 4840 1128 9361 6626 8534 3819 2404 257 1747 5056 6524 8874 4065 7296 2459 4345 7120 5345 991 839 1364 5798 8780 825 5974 4590 7339 9192 1878 2687 5112 5494 7906 9889 2697 4324 71 6767 1184 3806 3968 4717 3617 2221 301 4151 9588 2749 3540 800 2950 6341 3693 147 2654 2718 1210 9991 6720 9488 5013 1125 9321 9394 3645 6147 1002 5685 9547 6393 2015 5613 6465 6998 8791 2052 9972 76 3523 3246 1123 6031 
48 3000 6885 679 3233 2988 3869 5072 1777 4355 2753 502 7418 4506 7187 6652 2162 2585 1414 9178 8632 4447 8600 8208 2471 2710 2310 4959 7872 4943 1090 6491 6227 9973 6183 8569 7905 2317 2375 6665 7156 4743 1949 5076 137 8952 1786 4173 6066 4390 3571 5769 1495 5176 7140 6618 7719 5163 6938 34 1297 1126 1614 5638 7708 4062 6735 7228 8128 8632 623 8776 9330 714 3324 8550 6716 3088 8693 1360 464 9247 9613 8925 4808 5327 6335 8375 441 168 7937 8869 41 3496 6922 6341 6925 2234 6927 6372 6822 4932 
49 3000 3565 5185 2783 4330 8390 8768 3199 8037 5984 118 2963 7343 4179 4612 7739 4150 7387 3507 1369 6035 3073 5555 6400 9428 1341 6755 7734 924 7650 8219 9408 6715 8653 2172 4495 151 1161 6071 8132 7420 4237 4851 3671 1361 4406 1298 1959 3392 3997 4543 3736 3575 2608 6685 5167 8794 1697 7534 6493 9067 2291 7485 3804 1979 5836 8515 3950 5238 8151 3300 2559 7362 6526 2464 5196 6488 9933 9949 1637 7302 2366 6513 3274 6099 9307 1349 3639 3968 7314 1832 2059 8100 6740 1388 432 1221 7566 5494 3129 9150 
50 3000 8374 5798 24 6486 8429 2360 2644 410 2900 4032 3444 2627 1196 6946 8216 9416 8432 1141 1610 9822 21 5303 5790 1957 9384 9643 2210 7440 8796 6889 6516 3950 3343 1406 6574 5914 8021 6445 3623 3312 7945 9514 6549 8615 1687 5872 9294 1838 7749 151 1375 3729 4143 6102 1544 7075 1114 4468 4560 6134 6974 8977 1093 4197 7072 465 753 9269 5879 9122 8240 7879 2206 4861 2623 7014 7541 5819 9740 4175 7519 4971 7729 5563 6506 4883 5677 2388 5316 580 5400 5301 2054 540 6342 6952 6075 5819 3606 2675 
51 3000 5079 7296 9104 9298 5322 1041 5835 2073 4959 1817 5287 9737 508 4694 7967 7697 6436 4801 7048 9333 7881 5195 5151 5439 6486 2855 4246 1775 9365 2809 8677 4754 1196 371 1321 5253 9432 1520 2855 539 2642 1395 4168 4336 1978 910 1884 5003 5760 1509 7013 1845 7196 8030 6733 9546 5220 9703 9286 726 8456 9275 2013 6630 2308 251 2498 5930 9175 2265 2853 1661 1792 4582 7114 6281 9693 7713 1774 4855 8803 3162 9430 6359 4151 1301 5565 3119 5709 7363 8446 8368 7362 5561 2157 1926 8990 1340 2744 4015 
52 3000 1689 1743 7499 7186 6108 3909 7359 6384 3917 1693 2433 7125 2392 415 656 1811 2133 9727 9567 4158 7904 4614 1208 1759 2596 4509 154 6765 4318 544 4665 4693 6612 921 963 1363 1794 4403 634 7954 7414 1942 1155 4188 5854 6420 9550 9637 7033 523 9160 3161 4255 2734 9554 461 3172 1458 9550 9769 3869 7266 3370 5650 6084 3264 9915 940 7549 3595 5172 6803 5448 53 7736 915 1013 6834 7467 3772 7237 3406 7264 3124 9715 5505 7967 6534 603 4253 6390 2062 5718 3410 6465 7072 4744 4741 3525 5165 
53 3000 4575 1514 1705 1241 5781 117 4470 4680 2197 9810 8266 651 3636 594 9297 9546 1733 9204 3430 4539 8904 3234 9218 7267 443 3381 4057 1643 9729 3818 3462 5785 6573 688 3466 2078 8678 8725 6153 5356 6231 6003 8304 9211 9618 6802 3181 426 261 2611 5423 1536 4588 1243 9079 1507 1118 4084 8755 4550 679 1462 3897 7049 9744 6148 6188 2625 6902 4970 79 5315 2442 8566 6439 886 1070 9248 9335 6261 7751 7006 5931 7086 6669 3622 9518 3405 3321 4921 5666 3477 9732 1140 1500 5705 2790 5422 8102 8692 
54 3000 5718 444 6043 9432 2656 3154 4028 9613 6383 7648 679 50 9153 6167 9435 3248 6660 8213 6581 4084 5128 7798 2397 8612 1527 8817 5440 1000 6912 8541 9942 8591 2888 9238 6340 5079 1199 7921 4928 1826 6445 4220 2632 7290 1919 6375 2918 4585 8575 5357 8811 7167 7114 7120 9055 2638 3202 2962 7387 4684 5810 8032 4939 3131 8676 7943 5765 2129 4897 3522 5496 6462 4644 3680 3116 5979 6000 6408 5862 8156 8927 7897 7254 8777 2356 9789 8249 742 4397 4541 1512 1004 5686 8926 8826 5623 5846 5653 1613 2955 
55 3000 3077 3111 4591 4955 6869 3245 2549 6616 3847 7545 250 3522 6732 1174 5456 7537 6429 5211 5085 609 7250 7021 4484 6707 5242 8752 9835 1878 9663 3958 3679 2430 7564 2343 3570 1243 1509 2631 3852 2199 411 3566 564 2744 3501 3031 9460 4571 7411 5290 7170 2425 6399 6368 5473 1043 5678 7539 8699 206 7888 6950 4257 7928 2685 9370 6289 1759 9452 4056 2445 8225 3144 751 3786 382 3248 3807 7812 3500 5878 4430 4613 8876 8983 1050 6149 5759 695 7816 8650 1418 787 1222 8144 9320 5266 4849 9108 5440 
56 3000 4087 2236 6247 2693 1996 7878 9399 3496 2489 6347 1556 449 4905 9536 21 5146 4642 2032 683 5103 6495 4613 5421 8825 1122 5865 2633 8981 4632 1932 881 3720 1304 4388 5679 6100 9419 6227 9386 1647 235 5991 4238 4041 68 11 8500 8921 5513 2783 5743 5824 1779 5459 7244 8236 4157 2470 7519 1784 2611 6276 2969 537 9489 229 3660 1445 364 9577 8229 6896 8001 581 1903 5397 9444 7761 7659 388 6235 9268 500 7168 7747 383 4852 7963 7657 5130 5098 5100 3529 6032 9227 2325 9533 1975 5611 4226 
57 3000 2282 4207 2909 3803 9800 459 3095 8142 3610 7188 7605 2230 3947 9955 6624 885 8102 1914 1476 8815 1884 437 164 8805 4211 1857 6013 8019 4823 4344 9450 2441 5124 8897 2911 9429 2146 8466 8859 8399 5640 5199 946 9635 8288 5811 8284 1222 9044 5083 2850 4105 9603 7481 13 5269 3984 6904 2184 9056 1249 4553 5599 6588 1342 4927 215 3334 4054 9946 2740 4790 1112 1196 2788 288 1396 301 2151 4928 9275 7417 7206 9641 6077 7856 4438 9368 4674 6828 9099 9370 7199 2317 6977 9665 5886 6074 9305 7579 
58 3000 7035 2738 784 8439 8101 7085 740 4373 7910 9393 7395 1250 9996 8947 5275 3735 9070 5652 5736 8473 607 9782 614 5398 3561 9854 9004 7169 6208 8619 7162 6725 5105 7186 1535 2968 7184 7269 4908 4578 4968 1554 5685 1937 4907 2202 292 7197 8845 7462 8701 2457 8609 6422 3087 6075 3726 1881 9600 7100 2259 1341 3270 7831 4776 6131 6038 4501 1437 8653 7900 6086 2210 7751 1191 1236 211 2211 7987 3338 8166 2377 628 3694 8007 9901 5375 2837 3580 5614 9184 9955 6490 5519 9611 459 5063 4914 7838 1661 
59 3000 6436 641 4823 6584 1774 1450 584 5896 4607 6503 6594 7968 2297 1989 1312 7057 626 5874 8836 9618 1513 771 678 8732 3852 4932 667 6669 7479 1378 2979 5571 257 5137 3286 6258 8299 8618 3033 5165 9298 5108 6845 9398 9001 390 3048 9919 793 2495 7327 2855 8414 9567 9500 8929 1797 5861 3421 1021 6037 5865 8 9853 3477 6547 3394 7792 8923 7722 208 790 7985 554 1972 8438 8543 4173 630 2153 5334 419 7205 1483 7670 6720 3570 8544 276 7083 7354 577 7253 1215 9968 631 9171 1773 7757 6373 
60 3000 3284 9729 6279 7020 6868 7872 7707 8399 3685 2427 1354 6131 3575 2799 7329 6938 5172 9447 3310 8076 1739 9879 4450 4896 138 2772 6405 6528 2916 220 1481 9685 3523 8105 7917 603 4649 4591 2284 5092 9691 6746 5015 6728 7343 5290 9054 3155 9307 7464 1637 522 1138 8027 9191 6040 6207 8376 5363 8667 2788 3794 2173 7916 4277 8818 4290 786 2529 739 6434 6826 4326 1221 3907 1315 963 6047 6240 6569 964 2989 3973 1380 5925 7808 8559 8568 9473 8370 5388 671 9363 6897 9941 3749 2684 333 7069 9319 
61 3000 4210 8846 3391 4414 7853 2444 2826 9766 1262 5723 5243 6118 3532 737 8237 8649 6050 7999 2037 9542 6451 5595 7524 8663 5717 6434 7393 2371 8385 3619 423 448 5892 3942 8885 1164 3035 9507 9066 4455 7565 7472 4920 3234 2900 7927 4850 2826 3964 9882 1607 8521 6153 5393 5316 1266 7426 1810 9635 1467 3517 2141 1024 922 6276 3556 1151 2888 5136 4001 2422 254 1700 6950 6629 1856 7456 4274 6731 6909 4619 7234 1751 7567 94 5606 4810 9604 2567 4929 4276 1222 2719 1867 8039 9990 6564 7716 920 7896 
62 3000 1920 18 5190 4535 7991 2311 4228 8417 8088 1995 9299 6398 5466 6335 9452 1240 2287 6576 4550 7298 1716 194 1422 4323 3129 1263 3141 9398 457 8953 1424 6999 3650 4151 2163 7173 3266 4208 4074 1854 8186 5808 476 9288 6455 5965 4193 6601 9246 1145 5581 473 7949 4511 3682 5954 4387 1296 498 3396 4157 2295 8397 3507 3091 5491 638 541 6851 5796 5024 3602 3639 2928 681 6080 39 7402 7955 3209 9984 4653 1448 7751 6842 7284 6162 3802 8631 5433 6780 8731 6363 5273 70 3231 5505 5629 408 9510 
63 3000 571 2730 8436 7596 2834 3073 2833 9770 1169 4426 5222 3126 6016 4944 8196 255 6471 417 6470 8052 499 9641 1158 4651 8278 7914 7176 4481 8657 8658 3770 1455 8753 3163 8167 272 6661 8460 2353 5857 7295 3317 2975 912 1354 2359 4370 1609 7412 8314 4713 1389 7131 2386 5300 2904 3603 2749 2947 8068 2811 1169 5517 6248 8223 7750 575 567 8508 3805 7161 2338 8368 2854 698 3628 2513 9739 1014 7935 2742 7880 3499 8999 8166 4636 3378 7738 8538 4807 3116 7303 728 2254 2945 6263 8308 9645 4516 9914 
64 3000 4263 6326 7676 9713 6841 4315 372 834 8506 2427 1675 7857 8037 8519 7936 8568 5740 9856 2061 5902 1785 1617 5916 7996 7675 3505 5849 6372 832 4503 1349 2250 2317 5738 6819 978 7663 1481 6480 4591 847 8265 2396 2497 1373 2134 5630 281 4494 4015 519 6644 4546 3208 2077 8457 1414 9014 6523 3949 124 478 4931 4011 3556 4259 10 1632 8287 630 6004 9460 3549 7593 1722 5478 3327 3132 6689 6823 1567 5578 422 1710 520 2110 4834 9497 2208 5372 9763 8866 3008 8224 1619 4131 1371 6606 5167 9674 
65 3000 8663 542 8427 2500 3127 3254 699 2925 6973 8415 3720 3380 6596 5512 5939 5350 5911 3352 9919 4427 2822 1672 2863 3497 8810 895 271 4047 1649 9995 2712 5600 1242 2496 5731 3272 8593 590 2871 3459 7889 7388 1832 7639 1720 7285 3742 4312 9418 4463 5563 9058 8519 9505 5619 2715 9358 4146 2244 7694 2779 4144 5564 2409 977 271 2398 3838 1462 7443 4284 8203 4150 1955 8630 9783 1578 6863 2999 7844 2242 5472 2500 1699 7063 2962 325 3892 8977 6131 1395 1507 5650 1268 9144 5600 5317 148 5412 8757 
66 3000 5747 4153 3481 781 6334 6521 4224 2499 3309 2713 5380 7693 8086 8910 3961 3161 8718 8637 1775 6902 4494 7504 4083 4422 3651 6085 1370 3169 4214 904 4254 5090 7962 3564 1509 7317 7515 7990 1220 972 6552 5801 5056 8107 3150 9805 5680 6755 6247 5619 7267 4118 5234 1420 9164 7875 2670 5811 2663 5616 120 3819 907 2398 7121 1017 1912 6432 3270 5767 4725 2889 3445 9595 8697 5836 6135 5686 5888 8292 4913 5502 6593 413 3024 3533 7995 5802 1096 164 5944 5938 7985 2674 9853 2741 4736 4353 735 9250 
67 3000 1676 1755 2347 8434 8626 61 5472 126 8243 6583 5318 6081 2482 2377 2049 3160 2190 1997 4435 4636 9818 1360 6631 9633 5261 3746 8075 679 4823 3915 6523 9393 3309 358 4194 292 9235 5666 7051 2726 3174 5025 7202 934 9215 2836 8430 2231 9558 7467 4841 3315 2224 4116 2644 4700 1898 5815 5055 3274 3894 2544 321 2986 1244 8482 2873 3651 4910 7377 7604 7884 7130 6041 7273 6161 7878 5971 3030 1 4454 3096 8069 3274 4202 5649 4405 1636 348 161 2776 86 964 5582 5673 8651 1058 5531 3490 6194 
68 3000 7790 8661 3801 2348 8812 7161 3764 7573 3733 3373 5646 1342 8705 4540 5478 8448 4143 5675 4832 3440 5563 562 5720 3175 7545 871 8626 7511 826 3408 3655 8108 2513 5484 4813 5365 9422 8414 7406 3479 4544 9134 8571 3627 6636 9951 925 5274 2934 6412 9345 5609 4992 3299 869 7102 7652 8753 7722 3189 1127 6518 3474 2078 6218 6314 2308 8685 2659 2329 1433 4692 575 9847 6601 6729 5074 9986 767 2685 3963 2576 5865 6141 8589 7150 7705 8927 7798 2069 4009 1808 5034 1765 5554 3290 8545 2116 458 6555 
69 3000 4727 3936 1575 4520 4590 4602 7030 3021 3345 7798 3862 2119 3121 1383 4811 5535 8802 3395 8212 8212 6998 6161 1029 1992 8125 8555 5003 9429 1630 6358 5931 5723 4325 763 6067 8775 1852 4992 9653 7376 3275 9040 1568 7510 8794 2552 9103 6789 585 5812 6872 7016 6763 8872 4829 4862 8476 8790 9429 681 114 5007 7897 5437 2655 2841 5640 5768 125 5108 6766 7168 9190 1869 7740 5294 1873 8298 4162 5400 1387 682 667 9900 1109 542 3954 4043 6662 6875 8938 9731 1135 6529 8028 7445 3418 2698 3527 6309 
70 3000 9672 1543 3163 2269 7917 6937 8738 4406 5745 3338 7907 9368 1161 6784 9079 3924 6549 4014 9447 5658 5761 9715 6139 1765 4331 1892 492 5996 2815 5364 5461 3708 3258 3388 6140 5052 8782 7399 3418 6283 6299 4889 758 9188 2357 5396 4091 8650 2097 4629 4855 8328 1348 6713 6138 4469 1841 4561 1959 7836 9547 8368 9672 3775 6146 2234 5490 391 3610 8910 3139 4860 1925 2668 5634 7861 9927 299 186 6138 9266 230 6222 3179 1499 9775 6543 8027 8304 504 1600 2216 4817 1739 6895 4823 6099 2174 3509 5659 
71 3000 6728 9624 1756 6572 3510 8892 7957 884 1321 7771 4345 948 2070 1157 2093 3831 6791 3304 7462 5126 858 8188 1085 881 2323 8007 362 7660 3382 9800 4993 727 4963 195 5628 354 4444 8278 5645 6254 6491 6592 6052 140 7022 254 3512 6409 300 4205 1502 951 9143 8579 4582 8081 8269 2201 5804 5598 757 4203 7235 7971 7640 3777 3612 7643 614 8042 9119 4471 7888 8040 7288 3276 3137 2861 4026 9536 7601 1882 3770 3188 5297 5145 8763 563 1355 1849 1454 4447 3490 6974 31 2262 6585 6024 7066 2374 
72 3000 411 7901 1299 8531 463 5897 2536 2416 1927 6820 9678 4335 6772 8239 1874 2022 3958 3851 2796 7576 2782 6983 8046 2518 9342 2207 5676 974 6125 5092 9847 983 4721 71 7604 3934 1667 6440 8778 2121 7408 2474 9014 4428 8388 7681 5921 139 2265 3166 8353 868 6252 130 8810 621 8579 6492 8964 3979 3086 1634 8312 2404 6935 9271 5955 8676 1452 8448 5498 9450 6091 2664 3078 5939 5525 7112 8519 2724 9857 4055 9603 4686 7965 6320 9480 2067 3963 8922 7191 3651 6793 8805 1319 8074 2940 2716 6771 3257 
73 3000 2269 3202 4677 3965 6992 2731 5416 7491 3760 5935 4774 7462 8873 9985 3215 5779 6623 3083 8288 2666 759 1088 151 4863 9074 2258 225 1928 1126 123 2973 674 9068 4481 797 7726 1623 519 2073 206 1169 6057 2295 4541 3951 6923 8361 3394 3427 447 5967 729 6729 7082 140 4988 4255 148 8888 402 2380 3709 9979 6425 9302 8564 842 5294 3999 6367 1592 7708 8327 1880 1189 6644 2229 3337 6709 9281 2078 943 5748 7067 2138 3495 1952 3899 9161 3130 3665 2430 93 8192 5711 8508 2920 4229 4293 3728 
74 3000 633 3119 5020 6121 8312 309 4064 8957 3348 192 2430 7686 8777 9598 3365 4989 9750 9421 2882 3968 3118 4358 3414 9450 152 786 588 7422 2376 2757 3133 2591 538 6116 5902 4066 6699 749 6026 9167 9444 956 2193 5358 2226 3944 7049 307 4827 6449 2725 70 7954 9486 9491 5396 945 1211 7530 6164 2618 7927 1845 3942 5229 3199 281 2667 1564 5103 4683 7458 5157 1595 5169 1545 3625 4008 7533 1331 5135 8673 3777 9577 7993 6668 5755 6703 3363 1681 1957 233 1100 6018 7410 2342 8719 4711 6703 5548 
75 3000 3485 7776 142 6516 7626 576 3027 7994 6676 2320 8050 8872 935 2684 831 2361 63 6558 8562 2308 793 6915 1789 7626 7771 5809 9312 4851 7521 3494 6214 8830 5536 5673 5012 1527 6489 8866 9937 8955 7580 3910 4332 6240 4993 7574 1184 797 3489 2312 6771 3646 9124 4129 7445 8841 5083 8580 9532 1030 650 4889 2357 1138 3293 8197 4399 176 3886 9932 2570 1175 5039 6306 4612 9245 2571 4934 4629 9757 98 9583 1738 4653 6745 3039 1847 6878 7988 8109 2553 2940 9618 6738 1178 3593 4834 7253 5911 2648 
76 3000 4453 9741 95 3902 252 9539 9621 6199 1434 8857 3462 6615 4215 6525 7322 1763 4544 5863 413 7232 3936 677 5358 5140 8441 9382 1221 9820 735 7245 9655 1630 5331 6759 4181 8884 6922 6137 2592 7911 1845 5934 2478 1242 2668 3793 9878 3913 5910 7317 1063 7904 2878 5062 7429 4692 3631 5664 3533 5942 4071 5078 8239 2307 6158 1953 9000 369 1250 1129 9258 7693 6567 5257 8971 6013 4781 4541 8266 2538 6732 4618 4218 9390 7266 2545 748 1157 4202 926 1657 580 418 155 6770 2364 9072 8790 1221 5106 
77 3000 1937 2046 7851 1355 865 8417 2737 5800 2382 4424 3842 1574 5399 7483 2797 4689 2052 6903 9798 6593 1667 3008 1638 4860 7854 4382 2855 1987 8713 3237 14 2341 183 8916 9104 7207 2502 9507 6070 7977 9796 1595 464 7456 2798 8128 2221 9298 4685 4417 1562 5564 41 2254 2022 2402 6953 2161 6603 3862 2219 3761 7048 3824 9691 4268 6248 6060 1741 5119 3766 2416 3850 6709 4489 9120 2320 1271 408 1217 5117 3865 5520 5127 5838 1504 3853 9331 793 399 620 3174 9228 1327 6494 3803 6661 3133 5017 1225 
78 3000 1347 4344 3119 1491 3869 2921 4774 8001 9851 4128 7780 942 5800 6527 3657 4846 8069 6101 677 4270 4949 8498 13 7608 1879 9404 5022 9025 9795 3038 3643 8512 6583 8773 3924 74 1681 5884 2678 8034 3782 6416 7256 1472 1685 6183 455 6779 8251 3887 8537 8341 7497 8364 2391 7350 4812 3958 1801 8738 293 4014 2857 6231 5213 2500 8476 5539 1610 3753 2056 5657 5001 353 4256 8306 222 9111 2895 5487 395 5202 5980 5167 9014 4400 7860 5086 5164 3455 8502 4691 1857 8589 5894 5194 7500 2115 1570 7758 
79 3000 484 7183 9268 9803 6896 653 6700 9440 1364 4092 461 8032 1016 2890 4050 873 2576 3511 9028 6001 2574 8864 9294 1131 688 1794 8484 8710 6209 6710 502 9105 7628 9326 3170 1908 5356 4535 5008 5373 7560 2403 5134 3972 9128 2291 6291 4080 3759 5101 1003 7781 9182 3649 848 4807 5488 1157 8861 2591 6602 7878 5065 4453 4869 5839 5120 5909 8770 1716 2100 9104 3763 7825 1397 5370 6243 1248 8750 5912 639 1075 1392 612 9625 3778 2332 4967 7457 6707 7757 5146 6443 9709 7555 1175 6533 4875 8974 8240 
80 3000 8027 4411 3395 6130 7423 6636 6233 6786 6376 102 9970 9991 3793 5836 302 7178 1042 7719 5418 3358 296 975 8403 7187 5997 8796 2767 9143 9445 7088 1091 7838 6515 7338 6814 4449 8492 7617 9124 5279 6041 1695 997 2442 6296 6289 341 2665 3072 6437 4275 4229 207 8989 6534 2024 8027 4231 7995 731 2933 5632 329 6137 122 7714 2776 4559 9420 2046 2053 412 4251 1369 5376 1886 3725 1839 6616 4759 7854 3400 5573 4328 5891 8278 381 5467 7795 7605 3035 813 8822 6163 8043 7073 7238 5255 4202 9458 
81 3000 5160 3703 9501 4243 2520 6966 9151 9448 4156 4389 6734 3646 26 4574 8481 2903 8549 8872 676 5827 3067 3010 182 6760 1439 6834 8092 7082 8751 2179 6511 4645 3162 8867 8452 1335 4861 8827 868 8749 8165 8344 804 2011 6728 8426 4671 1701 1882 3300 653 3915 4106 7038 4230 8446 7609 8299 6834 5099 8050 3201 7623 8118 3377 6317 8387 8746 7788 9795 1571 5913 8828 609 1431 5040 7597 5923 8311 4972 2092 6592 6042 3040 3675 8781 2474 8245 6659 3714 3125 2560 1024 5539 7959 373 8256 7332 1289 6039 
82 3000 316 5211 4805 9564 1722 587 3725 417 4772 531 6072 9462 7879 6276 5078 9015 7039 9831 4710 1028 415 8731 8323 3401 6061 8910 438 4411 2752 5693 1641 5273 3956 2917 6616 824 4922 182 5292 8330 2892 8219 7124 4421 445 2382 8492 148 1960 4278 3232 4170 3204 1506 6286 4056 4049 5530 480 5727 4314 7677 6425 1009 2724 3255 5548 3316 9005 3800 6240 1462 9096 7451 3136 1595 3491 7440 9516 7252 8703 8716 2835 7542 1850 2693 3370 3462 8378 117 6004 2322 2894 2065 5123 307 3132 9066 2646 3163 
83 3000 7047 8344 9176 5001 3022 9196 8278 5234 3218 6478 3884 3635 30 2236 814 3520 5681 5446 8434 3054 4937 9886 7432 4692 943 136 9718 2728 4195 5692 1455 8988 4624 3219 9207 6630 6810 6919 9221 2085 8328 7026 9827 5110 1207 6429 6964 6974 6523 5419 2835 6768 2113 4556 7683 5835 3413 5669 4692 333 7427 976 8019 1915 9812 329 3941 6537 5097 6588 5134 1396 21 9113 8078 9985 9996 5388 3580 5279 8702 767 430 1039 795 6341 2176 1251 7754 4943 7028 7683 6840 5258 885 5566 3187 4078 3486 7406 
84 3000 5022 6670 7688 4915 1998 5269 1869 9073 6661 5705 5457 8307 9044 2143 7576 4802 4373 9961 8832 8936 3918 6737 6208 1836 8948 1381 1097 6064 7827 1371 448 4423 6225 8131 1051 6891 461 523 6933 5683 3967 6470 9889 8431 6874 2703 3131 9494 8735 2630 8070 9389 4356 2332 4215 2356 2766 4687 2199 2033 9306 1612 9936 5273 843 4438 1895 4071 4111 2403 1503 5627 7175 9276 6672 525 4021 8101 8453 9049 2269 4066 2811 5608 4019 5506 5530 1301 9806 3017 237 4596 5701 6705 9556 142 3516 1558 9388 5703 
85 3000 4150 940 6310 7213 4051 8215 8101 1962 4809 6490 7399 9904 5865 6486 8475 3091 358 2538 7137 3232 4083 6713 3755 7375 7588 1054 9416 1716 1381 7957 5202 3536 4277 8663 4587 1254 4858 9879 8970 2614 6064 8525 6326 994 2910 4607 2981 9836 3324 2209 8517 5210 2111 8617 3799 6493 8043 1564 2124 5181 4079 4603 3505 1818 695 601 2066 1060 2359 3359 6575 4855 7114 7361 4091 3754 9294 5645 6749 6341 5369 5796 1654 6795 2902 4070 3913 574 2643 7639 2787 8220 3747 4963 968 7296 2105 4283 6980 2440 
86 3000 1818 247 709 3558 9783 8652 2053 2120 3406 9317 2699 5604 1444 7080 1029 49 7970 915 142 741 9464 1184 9012 1021 5023 5002 6761 9218 9707 9738 62 3707 1000 4634 3670 6095 8399 551 4068 2527 6133 7840 6252 3123 8999 2339 3625 9531 1330 9494 1032 617 9081 6602 907 6269 5048 3188 2553 9333 7204 9497 4543 5670 167 3114 250 2340 9787 3714 6494 3912 865 5931 5326 6896 7987 354 8925 2302 9495 2647 7627 6325 4572 798 1079 9150 3459 488 2515 1889 796 8587 6157 1639 2083 4777 7746 4666 
87 3000 3274 1295 8189 7709 3490 807 343 7421 858 2403 8910 7923 1478 5717 3472 6487 1511 3176 4635 7348 2395 368 3316 3633 9184 4539 3135 7426 2011 1215 5951 7945 685 8947 509 7854 2397 2184 4221 7697 2563 2265 8064 8454 8794 6546 4611 2227 7976 5641 9184 1049 6495 8796 4126 3815 3569 7382 6210 1341 7717 6520 7161 9552 6348 4826 7313 783 8474 2279 2381 3221 554 6221 3368 8455 5455 5476 9591 7168 4543 2597 4832 2940 2897 4237 6616 4181 7653 9645 8615 4195 9463 7284 6172 9358 7087 9585 4957 5432 
88 3000 5111 5809 2743 1991 4782 3048 4306 4988 7976 5348 9456 7434 4287 948 4187 8205 1241 7660 4955 8980 7637 6357 6081 9297 12 2599 277 9738 2230 6379 2300 3235 8196 9990 5726 4506 7698 4027 2859 7613 5370 1503 7750 1646 2785 99 2356 4530 3664 2530 5813 4960 2222 5048 6841 2459 4629 4056 9272 5564 3602 862 697 8128 6117 4540 4251 3763 4252 2937 3510 8390 9151 1785 519 928 8113 1953 6947 2100 4806 4814 8360 1369 2610 5746 1629 1991 1078 5748 5451 4208 5530 1188 4008 6548 9764 1676 3738 5261 
89 3000 1897 6057 3242 1880 3333 6534 6308 8904 847 915 8067 3602 1805 2980 4266 9954 2500 982 3675 8704 9621 4265 3610 5545 4839 8012 8589 7428 2524 6114 2106 6997 584 2166 1536 5143 4429 8593 6161 1695 4064 3890 8323 4221 4299 7994 7701 4965 8095 5785 8713 5908 3023 8701 1044 1947 857 4488 3298 2206 288 5070 9775 9469 2763 2544 376 7741 1453 3303 3624 7926 3339 281 2824 1642 4428 3323 5335 3149 8096 7683 4975 9414 6547 646 7547 8287 5409 6271 9492 4816 1442 8262 9666 5677 3386 970 4243 1733 
90 3000 5918 8506 4741 8719 6748 1993 9175 6050 6831 4933 6337 3755 3704 6707 3193 7532 7958 4193 5414 1939 2821 1513 1028 1695 6877 7907 7198 1117 9904 3724 120 1680 1839 4544 8057 7697 4869 3430 7486 132 8645 1291 2378 8529 8620 5384 6600 1073 7517 5932 9441 2775 9919 871 4265 1777 9980 8721 291 3788 2268 9583 7490 4642 5729 4259 4617 984 777 1497 363 9073 9509 3365 7628 1721 9045 8746 928 3348 7990 4957 6921 3168 6030 7498 8059 6498 6640 7922 9365 4187 2929 9829 8335 181 6601 2992 7967 7202 
91 3000 48 5598 2914 558 1563 4621 8756 77 3680 4321 4410 166 4640 2859 7651 7992 2980 7049 3768 9793 5247 5225 7339 5313 6839 8240 7137 357 5969 8585 4151 7475 758 7636 2745 4773 9444 1026 4933 2848 3727 2138 7778 9839 5231 3729 3925 4619 5095 7677 5249 8100 6688 2848 9635 2665 1448 1095 878 9729 7848 1380 1713 5425 3484 2018 9965 4404 292 1046 7827 1779 2887 4726 4264 3177 26 4160 538 2923 9201 37 8860 351 4352 5507 4172 4239 6708 7174 9042 5360 8750 4220 1700 7175 1302 5645 7181 4636 
92 3000 3745 5649 1611 1120 7360 7116 9601 3490 1789 3243 4784 5276 4624 7284 3458 7985 4129 420 1369 534 5071 7757 3611 6809 7690 2444 7655 1350 9787 7924 9501 3155 1942 8301 2952 7619 5849 6835 2022 6590 5783 2570 6460 6552 3191 5071 401 4935 4406 7303 4147 4548 1486 6621 9067 6137 6180 3896 5624 9070 7017 759 4531 145 9522 4969 1021 523 9554 3915 2258 786 9773 6233 7859 4123 9228 1553 3545 7638 6073 8372 7925 1779 3406 47 2392 7904 8235 8918 4152 3961 3567 8552 2379 8294 3623 4119 7489 1581 
93 3000 2176 883 3543 6890 4022 823 3776 7864 9560 7385 9249 5028 2517 8346 624 225 781 6814 3069 9172 368 350 4284 2144 2513 8210 5653 2786 3883 6720 6524 5040 9917 2769 1608 8211 1293 5433 1508 146 3515 5720 6370 8542 9628 4440 2663 384 6063 8202 3080 9500 1594 3536 9563 2243 9432 9136 9460 1306 2442 6236 4797 7649 1478 7102 4686 561 6851 1654 847 5843 2917 2213 6265 2116 5795 6371 6963 5255 4203 7989 6908 949 3425 6315 6037 5381 2400 3235 1407 4041 3939 8636 1478 8655 8060 3912 3510 2249 
94 3000 8459 3578 4090 2327 2094 5018 2792 2183 1906 6356 8943 335 2652 2455 1535 8079 9875 9032 2248 5181 1993 4910 1603 3676 5511 2386 8237 9808 3364 5728 1311 4087 6380 7797 6032 9473 7872 4789 2307 7681 1349 9112 6523 3622 1361 378 6444 7952 7459 4526 9243 7765 1287 1066 2653 5396 6797 8453 9243 5354 3591 7580 3823 9385 3379 3402 3966 9652 9576 4681 3669 45 14 1856 123 5614 2781 3040 3617 128 5189 8141 566 1758 5858 1108 9666 6887 9937 303 1167 2042 7442 6996 9277 3954 4718 1986 7689 7739 
95 3000 9033 349 8236 3210 6289 4304 2663 9310 1864 4218 7536 6667 4579 7717 2262 8282 3782 6939 250 8335 9569 3903 3179 9120 6119 4006 8406 6103 8163 7640 9495 1105 569 9945 9863 3612 1062 8674 9563 207 6061 192 5184 2130 9643 3597 2877 959 5637 2964 4511 2425 2832 7721 6947 8336 3323 1139 4443 6644 3976 6956 4179 9625 1010 4125 4909 186 7723 9682 8743 6304 5323 9741 6043 3577 6896 8622 3454 5914 4497 6088 5057 4342 9363 2723 6643 3938 5255 3425 3120 8888 4920 9026 9036 5671 9683 6043 2232 4369 
96 3000 2160 4544 623 8098 2100 4145 2096 569 5349 8134 7539 1769 5939 5714 6995 1773 1303 2375 8937 2674 617 8392 2670 8644 6261 5442 3860 4116 8413 1354 3188 94 2762 2978 8122 8588 1345 7183 7825 5166 6517 9976 1177 9647 8039 3747 7933 4902 3289 2645 2997 3792 608 6070 3824 4223 5761 295 948 2333 1527 8211 1635 3799 417 7201 6661 3271 508 5135 212 1930 4415 4488 2913 3172 1373 4591 7979 6416 2460 2000 495 9040 8931 8989 9815 6436 3684 177 5093 195 5851 7268 3931 4418 8514 1929 4160 146 
97 3000 9541 6778 8740 7920 5554 4513 3791 8465 9018 5151 9739 1500 8456 1405 5599 2666 1786 2178 6376 8593 2793 4180 3590 76 711 1681 8932 3387 2942 4379 1038 9711 895 3394 5392 2697 8950 5392 7357 4151 6550 4831 8321 7839 3413 4329 4981 1419 7876 3165 1739 6505 8353 3895 6236 6848 7934 7103 7997 4642 2090 4268 215 4963 9520 8760 4650 8322 6115 4967 9655 1353 2044 5534 1333 5619 1973 6737 7809 4546 8400 1981 6637 8483 8128 3416 5323 7885 1844 1689 4982 4619 6845 3812 7112 1401 2869 9157 3495 9355 
98 3000 1064 3581 9231 3693 6078 1666 8881 7525 1272 7097 5754 3795 7061 1154 4301 5337 2379 9333 5648 3059 9270 6093 6246 2252 597 7729 9648 7023 892 3364 1412 2857 310 4074 7129 7294 1726 130 3574 8743 949 6375 2986 3415 59 5714 465 377 3873 737 4506 4743 9536 3469 645 8977 9235 3235 8243 2327 6040 2660 381 8388 2866 1788 6894 780 4566 332 519 6959 3144 8038 6174 152 6095 3190 3361 9414 7871 9222 1690 7811 4469 9472 9537 8730 1147 47 5817 311 3265 824 4886 8009 247 4566 4572 5273 
99 3000 2674 4174 7323 2358 2495 8054 4489 3257 6371 3612 3720 759 2138 8879 9497 9636 8395 2256 6780 7946 7222 382 7790 6473 18 4135 1909 6281 6466 2749 8706 4398 6625 6063 4094 7626 6141 4888 9600 4476 4588 9508 4777 5222 6937 6299 2721 90 8140 2474 8730 5562 848 8957 2082 8811 6249 1374 932 263 8037 9180 343 4275 9496 2901 3438 7948 3720 9507 5678 8057 6947 5908 2262 6114 5033 575 8656 1547 3031 3283 4246 3011 7914 2988 9113 7823 4411 3818 3938 9517 3973 9199 3026 3530 6863 4093 464 1010 
100 3000 7370 5379 9392 749 2150 342 4409 9245 1688 3297 7099 8880 4893 335 4684 4231 6809 2192 1803 6507 9454 5249 5409 6103 5789 648 2802 3284 6803 1544 2779 6997 1732 8470 9913 1800 1396 2838 1950 2926 4667 8559 344 9461 8054 1785 3903 5657 8422 8786 5571 362 8830 1944 2327 4581 7497 3870 8214 7161 9890 9657 491 8594 3943 7247 8909 2958 8389 5927 8117 7967 4233 2951 3185 3165 9338 8288 8259 6223 6140 7488 8338 7384 2489 2682 4176 2013 5611 1706 308 1284 9203 5337 6206 989 3641 2676 551 8470 
