FILE: 2323UnifS.txt
100 100 0 
1 3000 7302 6607 8952 6653 6148 9301 5338 8643 993 58 7282 752 409 7150 2113 847 7256 7349 1010 4311 3584 8493 2969 3166 8668 164 1889 3321 151 2499 6792 9937 8328 3124 5157 931 3545 2212 9391 8592 6727 5666 6414 9326 3030 6429 376 1533 8620 3916 8497 1596 574 1573 29 8009 9909 2564 8352 3616 7729 3571 6181 5989 4511 6740 3913 5918 2498 9726 1087 4038 1236 3888 976 5569 6217 591 8301 3192 663 5642 72 8043 424 1849 9551 8832 2011 9701 3343 9096 3740 6183 1613 2561 19 1702 1420 6644 
2 3000 8740 5153 3188 4075 1817 7097 292 2637 8829 1072 1775 3043 3803 3027 8186 4930 5116 8880 547 979 8519 200 2441 9164 3292 8018 5226 3119 1522 4759 6380 638 503 4304 958 292 8264 166 6189 6182 2223 1808 9187 801 962 9069 7791 6037 9133 4728 4532 2291 5479 5183 3719 5725 3993 9263 1659 3631 8192 5160 9993 7928 8519 5488 2161 6784 2872 468 2994 4360 256 9233 1426 8683 7559 9265 6338 7643 9456 3952 5519 3110 1434 8273 7756 3183 5949 2603 8051 2563 1696 4651 5961 1045 6020 9518 7060 140 
3 3000 437 7877 7531 7824 9287 2284 1881 1407 1514 1614 3778 8527 5569 3615 22 6277 7431 5593 7626 8443 1768 3223 4041 882 6207 7482 486 5017 8740 9703 8420 9453 8252 4764 9129 9730 8171 2396 6439 6188 3247 6614 2562 9970 9453 3275 7054 7134 7014 5766 8907 908 6557 8811 1766 2056 8392 400 2268 7374 4910 1854 1503 6315 6113 6004 9611 5731 8268 3505 3491 2745 5678 7262 7642 5749 5592 4994 8129 3523 6228 9916 9674 2483 7925 9550 5866 2049 7423 2653 2508 8145 5263 4281 4074 4817 6316 8970 3306 3981 
4 3000 3433 2046 3924 3293 4226 9056 6468 2145 968 3332 7261 5787 3617 1665 503 7573 5978 8126 3480 9331 4969 5989 4907 9860 3031 7795 6396 1552 3654 3534 7039 5136 25 6954 1128 2549 6813 9996 8992 7936 5062 5349 964 6766 228 7137 4471 3081 3324 9725 4245 4866 5200 4656 5668 7548 3948 5706 1233 5611 5423 2069 136 2349 6902 9666 990 7731 3856 579 7664 4402 9858 607 8251 1802 9604 4954 7154 8412 5070 2033 301 2123 4786 5403 3490 8738 6244 3825 3848 8586 1417 9449 4423 1274 5419 4116 1900 8554 
5 3000 8278 3802 7437 5323 9838 1166 636 8738 7791 6240 6627 5470 8823 5235 6287 7068 2898 7478 9576 3459 653 464 2006 4568 3932 3046 4227 66 9436 6741 4746 7237 5496 5164 5761 6977 1984 1586 2132 7915 3333 4617 3468 8660 4692 2017 9340 8167 1204 2627 7626 4240 407 6431 5969 150 7763 2734 6374 9379 5308 6476 2917 8495 3432 2663 2587 8144 5779 8928 9254 2175 7275 6209 752 4885 5283 7563 9101 6388 3875 5101 3841 6112 1239 5037 8502 4423 204 885 190 2368 1895 4756 2301 9545 2505 6798 367 103 
6 3000 3205 2752 1014 6860 3164 9638 4056 3550 5704 9561 7707 5197 7580 1645 6923 6603 1380 2094 4869 8980 1050 2373 7500 4686 552 5517 1288 104 5636 565 4052 6633 8745 5119 8927 9811 7042 6028 1455 6560 3562 8194 9797 561 1491 1510 8073 5743 1564 5912 2832 7911 2597 4571 2632 4489 5138 5195 766 2390 8244 9463 1092 4014 9381 590 7006 1370 7456 9002 3526 8319 8965 6150 2509 947 7275 6442 992 6060 5022 7301 2655 7809 9639 7352 2411 2429 2010 2724 4123 1118 8248 1491 1440 1025 4595 6225 1765 4379 
7 3000 5449 4683 3345 5730 4521 8613 5483 7321 9105 689 1881 2585 7488 9572 7103 7765 9471 3088 6164 1663 26 9541 7248 3505 6070 7146 7545 8946 6370 1585 2217 4181 4568 1693 6488 8199 5335 3268 857 3151 3649 1001 9442 2846 7193 8535 1439 9372 1888 6654 5717 7843 542 9582 8531 9269 4628 9426 4361 1555 9188 8729 9877 8616 857 1157 1032 7629 9017 302 3270 4403 77 6624 4874 6873 4870 2502 3426 6721 9185 5421 5395 9124 7416 9281 8859 627 9344 3829 9336 5132 32 2220 8758 8026 2861 6696 7552 8425 
8 3000 5674 2400 9861 9545 59 9307 1881 7195 3751 2281 3328 6403 6156 9263 2026 6161 7006 7574 1621 2294 8136 8354 2424 8456 8384 9116 5373 5254 1624 4434 9124 7492 7912 4748 267 9542 7766 3298 6662 8841 9570 1185 3910 7511 98 553 4935 2108 8169 5897 2706 1488 1424 3498 6074 2806 6227 8980 8736 5641 692 2995 1326 4232 839 5030 6628 7862 9867 5345 7920 9341 557 5023 434 1637 804 4164 5948 2619 2263 8186 503 7925 2130 2259 5239 1963 8043 3871 362 7028 6110 3500 2233 552 2063 3433 3583 471 
9 3000 5531 4695 6854 8724 7447 2107 664 2872 570 7470 9392 5848 3144 875 5900 3823 5671 136 7369 2204 814 8349 4263 9759 6423 9573 2420 855 1692 2643 8270 5836 6430 3098 7167 9519 3470 3246 4864 7808 4191 342 2093 2450 7171 2901 2286 3898 9970 5127 2415 2310 4023 9476 6953 6673 2675 7338 4966 2044 2331 7844 327 4925 6733 4801 5060 6755 4360 1751 5797 5537 8960 5155 3376 5579 3201 5699 5550 5366 5444 7729 2829 3560 9652 6813 7446 3114 8412 5417 5444 3526 9090 6722 1894 1203 3109 6552 9233 7963 
10 3000 8349 3433 8728 7651 4675 6781 5069 889 2591 3204 4080 7946 5015 941 3562 9732 2183 2418 7256 6923 9678 4933 1933 7203 9575 9463 7610 638 4729 7599 888 3170 6169 6603 1420 8241 3629 2593 1497 6535 9198 1852 8765 3853 4102 260 2065 7107 8600 854 396 8442 5018 9510 5007 7481 3894 8753 4612 1696 3263 9690 3726 4907 1053 2070 4137 3899 616 2465 9487 3170 9380 579 2994 7804 625 3685 8289 4464 8385 9180 3380 513 5477 5270 7743 1263 4654 9776 2539 5345 2880 7074 3949 8203 8733 3146 9641 3717 
11 3000 2934 8769 8364 3950 1995 820 2655 7017 5004 1714 4685 3081 3519 6958 5221 8477 4601 836 5718 7954 6963 219 3531 5050 251 6498 256 587 7442 5640 3198 9287 375 6378 9955 4528 8400 6511 6137 1207 159 7345 6204 6739 8486 6247 7434 176 8433 7332 7007 9458 8428 267 2225 6780 4545 7210 3851 2088 7912 7864 2571 4701 5235 2666 8586 3060 2452 4087 4329 2592 1510 6076 299 1715 267 1609 4032 5952 5520 8380 2186 180 9157 2605 5761 9000 7433 958 8433 5235 3376 629 8022 6550 2309 7505 1083 198 
12 3000 509 2484 619 5889 6977 5904 6919 6791 8345 103 1528 8647 6905 104 4333 7023 1756 2420 3777 2677 3084 1991 204 5059 9565 7243 2317 3927 8892 3269 6773 9097 1427 3137 896 8314 6979 7329 8516 3245 4704 1291 8937 3603 6135 1126 9022 9392 1334 7396 8412 1279 8168 7057 7865 9088 4713 3519 718 8422 4779 4831 7481 5412 6566 9983 3548 9584 4437 3347 41 4856 3824 7233 7771 8661 9253 2570 4330 9192 5497 7719 4305 772 1855 5403 2617 7351 9551 7767 989 4128 2264 9563 7533 7297 9781 9455 9465 1916 
13 3000 4771 9458 8946 7904 2688 2489 2046 4163 4804 8059 834 826 4354 6075 8594 9622 5815 8777 8162 2378 7312 797 3395 7637 6144 7339 3757 5407 7431 491 2035 26 5900 3658 5181 1167 780 4120 8273 2952 3835 3715 1609 1199 511 7649 917 8797 4218 1428 700 9198 3730 5919 698 8041 3711 531 5477 2894 8372 4525 7147 1132 8244 6447 1198 5926 81 1687 5468 368 9888 8162 2231 9715 9076 127 3414 1763 3734 104 8933 5341 7035 8945 8163 6930 4762 4014 4521 5415 3963 5493 3189 4951 4724 822 1948 5960 
14 3000 5073 7249 5143 4254 9011 2523 778 8279 7657 3694 723 4488 3532 4053 4062 835 7960 8185 3552 8398 1592 5159 5214 1123 8061 9831 1050 3698 759 2281 4881 7547 2740 5369 1313 4951 9746 421 7824 1295 6360 1037 9984 5437 5284 5022 9789 8210 9739 4449 7130 9035 8995 3840 4383 672 7022 6474 4119 2092 4269 8822 9950 9468 2563 3106 490 5301 3140 7979 6447 5666 7794 7339 833 5579 3158 7260 2313 2496 8102 1049 1661 7934 4266 2430 1353 7217 9705 6858 8284 7348 5674 944 9606 3001 6526 20 1690 647 
15 3000 2737 3820 2221 798 7066 288 5411 8379 3824 7515 337 1221 1284 3793 2407 6686 7200 5803 7951 6412 7467 4918 1935 9183 7895 1644 8798 1925 9109 8173 6424 8829 4582 9066 3224 8595 1782 68 8356 9804 6453 5035 5062 4415 15 994 7133 9384 92 1330 8503 6412 4166 7090 5959 9815 6350 6421 4980 2521 7297 2124 8708 190 7220 7342 32 3461 2052 9366 6806 8321 2715 1568 188 4607 7529 3461 6103 2618 7738 8885 9836 7870 6158 2309 3745 3960 8960 3272 8101 3567 570 8935 5054 7571 1696 4770 5721 2300 
16 3000 481 3366 401 4898 6779 1361 1917 6827 9558 4506 2079 5482 7431 841 1275 3941 2301 2012 1183 8835 6145 2695 614 6343 913 8166 4477 6315 1555 9973 5866 4516 2178 9754 1279 3000 5315 1164 8951 8603 4335 9938 327 9566 8967 2072 4646 279 3953 132 6660 4156 824 7690 7469 4627 2806 1877 8490 4262 2842 4075 8545 2014 4749 8716 4078 8595 7493 224 2490 9966 2591 8069 8608 8962 4641 9950 4276 5039 4971 3107 1065 2141 8419 3752 6117 4700 3233 4630 1106 1755 4102 697 4333 9199 8303 2937 5937 149 
17 3000 4983 289 6235 3443 7559 9708 7188 262 9247 4348 6991 8874 1712 9871 7788 7506 6847 8882 6509 5340 1676 3483 8840 1636 6379 5964 6307 2974 5446 7603 6495 8629 1955 5607 6388 4066 4972 8167 8829 2559 81 7639 2118 4940 3034 1860 2717 7468 6531 3576 1098 7827 117 7999 705 9246 3219 8498 42 2744 1287 400 7891 7502 5079 2927 1650 9362 3062 9255 8796 7443 6938 4697 1481 8890 295 3010 4239 1744 388 833 4833 5940 3040 238 8214 2427 666 9423 3615 413 3432 1512 4763 2735 3525 1496 3221 9362 
18 3000 2562 1284 4852 9007 2112 2894 9408 8878 7351 9757 3245 2551 3840 6150 5167 5959 7425 4760 5382 1522 7266 2361 7602 385 1989 3626 4250 2795 8963 3062 4804 6594 6704 5064 7261 3842 398 2104 2724 5560 561 1035 3123 4605 4806 7527 2050 6662 2756 8626 8722 9371 4063 3435 5080 9565 9565 1927 5991 8648 5562 1873 2600 6088 1220 3906 8786 1040 9092 4699 756 2089 8781 8280 9761 5123 3706 5460 7933 9330 1015 1396 7248 1316 4602 1269 1623 7356 1268 4100 2124 3761 9994 4678 5308 5374 4342 3619 4691 2194 
19 3000 7988 5553 5330 4120 3369 5428 1549 3822 3461 2948 7767 7740 6684 5130 2473 5200 4928 6986 5309 5664 4705 332 7288 4101 1426 724 4132 4479 6804 2515 2739 1394 9381 2038 773 9806 8182 8914 9374 2920 9489 5490 9005 8173 6746 4391 8412 1364 3587 4208 6714 8893 9984 3307 8621 8134 1530 1760 2771 5935 1837 1405 3196 5232 8066 4028 3909 9803 9578 7675 6626 7131 9711 1082 1597 9408 684 6237 1577 2650 1622 9059 8914 3946 9712 8212 5763 6829 4476 2034 7428 4769 5175 3598 8823 2801 1339 3895 4066 7264 
20 3000 6415 3145 9192 3675 4547 224 7993 2725 479 229 982 4400 2580 162 7485 229 8996 2731 852 3650 6932 8293 6802 8512 5049 4905 4885 5693 8993 6514 3070 7844 49 9259 5463 2266 6917 5912 3146 1901 615 8429 8142 4456 2504 8639 503 9645 5445 7050 8526 4566 8070 9785 2096 7193 2191 3637 9145 7998 3324 9256 5246 9697 4338 2455 6326 5123 2241 3646 4506 3218 8073 5396 7069 3158 9940 8114 8544 6598 9164 3856 5925 8042 9559 8260 7011 3340 9836 605 1868 6308 9126 1995 7421 3477 5640 1667 5170 6961 
21 3000 8438 1423 2025 5453 2336 8192 4278 3350 5933 4710 4685 7994 2763 8332 2687 5047 5569 7964 7747 1984 3713 9118 5816 9717 3696 7104 8922 2340 2812 8330 7884 4998 5928 9741 8154 9887 5387 6376 8782 373 4028 7050 4501 3236 1347 8166 950 9045 2771 5645 3006 653 2057 4988 6254 9815 6826 9456 1574 1938 7211 6380 2856 8950 7633 1599 7844 299 1707 2009 2094 2069 269 6257 6070 4229 2525 3542 5354 6006 333 553 3990 9377 5600 6525 945 693 814 6423 9703 426 2695 2254 976 1035 8970 2493 8546 2968 
22 3000 8280 9652 8229 8779 3201 5954 9967 5376 6404 7147 3037 4394 9925 4435 4398 685 7573 4539 153 8945 453 7880 136 8459 5621 4885 5631 5968 7861 424 211 6672 4587 6366 3701 3345 3870 2264 9267 3583 5592 4164 3637 5177 5719 1538 433 9606 3710 2342 6641 3662 3038 6199 2199 9190 4846 5710 2711 968 4725 5887 5291 2693 2611 1710 7522 1110 5821 3810 9549 8253 5195 2281 9294 1822 4383 8612 795 3670 2242 5743 5673 6435 8364 6253 7717 8275 1729 8665 605 5750 2482 1883 8737 4808 6835 7745 1206 9914 
23 3000 5097 1715 8886 1291 2822 1683 4646 295 5088 4903 6687 2907 3903 3053 5013 1356 8727 5415 1018 3868 126 185 200 2531 6552 3908 7999 9298 4241 9033 8768 100 245 9602 7857 7102 8579 5055 6831 9064 9504 2161 1808 9844 1925 5083 4925 5018 8921 3558 8928 6622 6395 9205 4885 6029 4855 9960 3029 4940 4312 2633 6720 4510 2308 3595 9537 2588 5074 7582 5489 9094 1800 4633 2360 9512 2040 5144 8172 6511 6241 3056 772 9692 9394 7162 550 3459 7811 538 6279 3016 9029 8106 4077 8485 4833 2316 9501 7155 
24 3000 7415 6951 2758 3854 8646 9066 7045 9440 2480 9045 17 7428 482 8781 8376 8732 479 7989 5582 4540 8340 8640 2699 7304 2875 7513 2353 9867 3864 6888 5827 2708 3209 3347 3276 9309 9212 4711 7063 9657 3978 5097 8225 1861 3938 8106 6067 1898 3508 8124 872 1487 1862 9763 9740 4083 2833 5414 5559 8998 7945 935 9091 3649 2563 9455 4183 3927 5169 3313 6115 2693 9766 4112 3060 6401 1406 905 672 9842 4839 6502 9806 9017 6296 1906 7354 2132 8385 8870 212 8720 8123 579 2368 6884 8085 461 5117 8674 
25 3000 686 9122 404 3576 5577 9399 7284 140 179 9550 1515 5719 3329 4558 8274 4347 2063 5567 7992 2732 1513 7441 5324 4374 7940 4443 1234 1818 4882 4051 8217 7017 2433 8885 8629 9837 9644 6769 6161 4670 53 8914 424 5184 336 6228 4665 7195 2082 3744 6605 9661 6701 3187 2408 3803 3444 3651 3767 353 562 409 8121 4923 9580 1850 1992 1504 2698 4532 7456 4082 3322 6371 1725 6390 9716 7947 9867 9776 1774 1935 644 9198 929 670 5479 7347 3178 1826 542 6894 5232 2223 1968 859 3796 9766 4195 1106 
26 3000 7972 3500 1432 4969 4782 1794 2243 9993 7827 8651 7269 6808 9058 8138 61 123 3682 6950 1050 7850 8188 5090 4635 8347 1499 4676 9397 5791 9253 6880 1438 3674 1198 6982 852 6423 1728 7556 1305 9146 3527 9775 2759 5507 4355 2851 7306 3715 6941 1588 8135 652 2018 2066 1623 4114 4472 5455 2546 3186 2619 9941 2423 6736 610 790 980 34 3954 8529 737 9504 8174 5255 4727 5590 583 9072 7331 3754 5188 6643 8248 3596 713 3879 9581 6101 1756 4746 6054 9012 3065 8197 8351 321 6938 3233 9580 9896 
27 3000 3755 2086 4866 9221 5624 1527 4060 9275 3164 2299 7587 6518 5406 6677 5402 7023 2818 4150 9086 8712 3461 5233 7060 1734 2261 3395 2923 6959 3417 5122 6916 2599 5926 8102 517 8952 2234 7526 4149 1277 17 530 8025 788 7078 8750 6110 3775 9379 9003 3214 8850 2192 2102 5203 2320 4376 9783 2340 1680 5777 9769 5751 7235 7762 8948 7016 1849 6863 4687 880 8813 1562 4264 1096 7842 2185 2422 9388 9194 3940 7061 7541 5921 3058 3039 2620 4237 6080 4111 5303 2012 2253 2983 1349 5397 9058 9498 6190 3569 
28 3000 868 6947 2644 1601 718 6497 1751 1459 5211 9755 6747 1122 2546 9447 144 1829 3666 8230 3952 3450 6544 5625 3013 7984 3575 3074 1474 1176 2110 7125 2365 2265 8107 740 328 1857 2907 2729 7442 7919 3138 5308 2202 9900 3741 9784 1598 977 4124 360 6335 8428 7437 6074 9173 2127 2976 855 6388 1164 1711 1702 2368 8592 4935 5003 7321 4299 6047 957 8120 6002 5447 6143 2267 8370 8572 4194 4980 270 7038 4614 9410 137 2929 9706 9982 9469 6190 9634 8857 4452 5157 5602 5523 5703 212 1170 9512 6141 
29 3000 559 1680 6236 6986 4123 1819 5955 1874 582 1302 5866 9113 7517 8679 5315 2043 9691 3269 4142 7540 1447 5223 4143 2633 2243 3699 3658 9253 5295 3178 5290 7103 9362 7895 6741 4650 3646 4398 4780 8255 5817 2230 2331 9409 3168 2738 8688 113 6891 6011 2855 6368 9482 5931 10 9798 5263 3364 1099 7397 4040 7461 5543 9399 7877 5101 7086 5275 999 8440 2756 7853 2821 601 4953 5564 4097 9480 6668 2815 6200 9680 9821 8484 3525 2571 6723 2539 9013 4471 4671 789 2806 2956 3660 7748 4023 1295 7223 7639 
30 3000 5666 1005 6396 3510 2640 2538 6808 4481 2913 4087 8894 1115 1789 8524 1241 8916 9310 8452 7043 9948 787 9394 3701 2582 449 1098 5530 9366 8221 6976 9602 3022 9627 1654 4714 569 8819 6664 3470 5564 4723 4247 7505 8480 326 9291 5817 5195 5069 9384 6237 3617 381 3004 15 8432 8327 5823 9541 3969 3390 5141 9175 5203 7367 2448 9223 6871 7401 4102 3018 719 7135 145 7139 876 981 1229 4750 7348 1534 3679 2066 7637 89 2677 7940 6492 299 3566 6582 3775 4950 1289 3393 461 5866 7946 3938 2757 
31 3000 6933 8476 6026 4349 255 4466 4934 6771 5426 6087 1741 7906 1938 2147 4794 8601 4706 8283 4301 7417 2720 3262 41 3501 821 3418 2208 7576 4608 5211 5371 1070 8460 5909 5572 3358 6691 2397 530 7131 7829 8111 2991 1897 2013 8098 7186 5599 1528 2197 8425 4362 4448 6347 5808 362 1423 2025 8069 7827 5575 3801 2538 7152 5525 5022 7230 7151 1551 1621 6065 5423 4860 4051 7202 6852 9992 7343 4505 225 348 9291 2138 2979 6842 6757 2271 4076 9677 110 5929 4992 3249 5779 6950 8844 4175 6940 9078 7632 
32 3000 2443 2326 6178 7614 5690 3154 5574 2799 6607 8193 4515 6568 3463 6939 9765 1425 3758 928 319 6860 1001 3169 3239 5353 4613 5703 2623 6488 2953 5286 1692 9206 9472 7196 8008 2170 1988 7169 1809 2267 5091 1458 7479 1223 5667 5013 8134 353 1553 7794 3340 3431 3315 9201 9949 7687 9149 636 6069 2926 2906 6182 8147 8776 5248 1417 1192 59 7925 343 2107 286 1175 448 6160 3279 4254 5887 6570 2917 9086 8791 7223 1005 7041 8704 8512 3274 8839 136 6302 3499 7577 8252 4021 5747 4877 2675 7871 4747 
33 3000 169 9425 5171 4386 3093 974 5824 4330 9020 4433 6900 4771 7713 7856 356 9299 5097 4676 3877 5893 8167 6266 4836 6050 3012 2618 7388 2024 5966 1155 2682 2201 7892 3662 2202 4595 1576 1347 4233 8466 2260 8025 3449 4071 1292 1423 3629 529 2904 2615 3497 1824 4114 3585 5685 920 7755 2904 8826 2010 8624 9542 2764 888 2763 4802 6899 3443 9858 2378 1650 2281 8769 6536 3044 1470 6180 8427 430 9414 8381 520 7323 9846 6163 9154 5363 951 2852 5233 1410 2610 5458 3023 7756 1775 8952 7095 5465 5959 
34 3000 3670 7376 841 4864 5841 2338 5011 122 1236 306 6648 3169 1949 8887 7805 1238 6297 2534 2882 1485 1848 8227 716 3229 1574 9283 9796 8327 3128 7287 6601 9672 1245 2152 7067 7809 3271 306 1176 5683 7815 993 671 1511 6527 715 9895 9780 8997 5785 9757 363 787 3011 4822 5769 4581 8507 3524 6513 4462 4626 1508 4612 3316 5018 8094 5206 3355 7811 5866 6305 9776 6925 3388 6658 7535 1503 1044 1751 1246 3467 1 7928 8215 3206 4302 4637 4586 3381 6078 4799 4624 862 3887 3308 3114 6782 4184 3649 
35 3000 887 4727 5906 2644 3477 7038 8188 3325 2893 9248 1203 5930 2527 2642 129 7021 5175 4936 2234 6736 4196 9091 7096 4152 7784 241 9939 790 6373 757 8102 2228 3163 3427 623 7853 7774 2766 959 8730 3022 4449 2824 3596 4822 2869 9153 2984 5214 6824 4193 1470 8519 3321 8717 8038 611 9512 8366 4586 1324 2752 5111 2536 9976 8784 1843 7588 4024 8045 90 2589 840 102 857 8529 2613 6210 8587 3659 4376 9993 8255 743 5162 6258 5580 2425 2276 7923 369 4725 8701 1078 2974 8663 3623 8171 3892 2 
36 3000 6086 9311 6470 7120 1768 1708 2754 7008 2883 7224 2445 9388 1206 8067 4997 8961 4233 587 4824 5779 4448 7222 9648 3738 1735 6546 1956 7203 8898 1461 3596 5749 317 5500 3488 7039 3727 7262 8466 7812 5114 2973 7241 3012 6749 7167 7495 3027 8338 1494 6087 9067 1297 1657 2405 6654 6159 2466 4820 7247 3095 1027 281 7985 5574 8046 7031 9562 7135 7264 444 2221 1289 3017 1989 9873 4550 5917 1324 2346 2586 6664 1508 5756 9494 7976 7341 1001 205 4649 6829 386 6011 1743 5774 2363 3215 886 5489 4408 
37 3000 4912 4712 3639 4014 5890 9416 8201 7813 654 5441 4562 8821 4584 6283 5726 1812 8208 5427 5658 6809 4606 1405 5748 712 9939 981 4401 7037 7097 455 9751 3791 2480 5103 5502 9470 5899 6732 9892 7173 3605 9361 7784 6858 4439 3036 5879 5702 9109 5758 1056 6608 2595 3545 1840 4818 9675 8613 2987 2662 3577 5689 3205 2431 7757 6436 5985 7368 800 2024 3576 797 4450 3800 4067 3360 4758 2109 1605 8394 6367 3217 9737 5426 9903 4379 7868 1794 2513 7015 860 2392 1513 8022 1739 7542 1163 9209 7539 8989 
38 3000 2574 4853 8266 4025 6731 7382 8986 7732 650 1187 5045 3354 6651 4553 401 794 4763 9718 9097 3234 8249 1057 9845 1882 2262 1391 3743 8842 5619 6420 5115 8110 5703 7279 5475 4699 6495 1229 618 1877 9722 456 835 6548 9133 9013 4251 2739 7908 7872 3290 3228 9178 8114 4268 9285 9682 2232 105 8547 6544 3566 6163 1012 7171 3864 9218 3161 2287 8964 9539 202 2080 2602 6116 6444 5481 8345 4987 3792 2569 9653 711 8368 94 8059 956 5256 130 9479 4214 1375 1858 8646 637 6474 6459 1668 6007 2252 
39 3000 5151 6711 8826 9608 332 2809 525 4008 9866 6797 8810 8982 4480 8370 4123 7747 8292 3264 9235 2950 2464 4568 1958 4542 1981 2158 985 5774 5551 251 4858 7316 8632 3092 4054 9502 9587 8764 6201 2708 8958 1118 4422 5838 1873 9834 8791 2955 3567 8602 931 8020 8041 1436 1726 7766 9834 7100 2160 2693 8928 1674 7283 6192 8775 9231 3299 1787 7450 653 7784 8509 1926 556 3023 4390 5480 2356 2477 8085 8215 1448 370 8621 718 6516 4407 3262 835 8970 1613 3510 3573 497 7296 9224 4126 8751 7138 868 
40 3000 4030 1160 2411 9879 441 6858 8315 7166 8533 6745 5445 9729 7029 1672 4378 5407 6853 8746 3390 5748 2906 5766 9295 7003 8968 3781 1410 9253 5728 7774 8646 3648 1934 5471 9721 7785 8672 4272 6499 9196 6766 6314 459 6978 7306 1650 2281 1533 5303 9560 4562 2440 6465 7986 7657 4453 7096 1086 8641 1620 7127 4924 3401 9533 6270 1272 1853 5693 3289 9547 6277 8010 8409 6872 2784 1425 8839 6253 5907 2652 7426 2894 6314 3055 4433 8628 1650 9638 2439 4474 500 4168 4369 1324 9478 426 4645 8748 3446 9570 
41 3000 3463 1931 8849 3636 4197 6729 181 7160 3925 2855 9579 6920 7079 5184 9533 9811 2230 3190 8726 8837 1979 8504 1002 7239 5997 596 7454 732 7166 585 1638 7883 863 3171 7916 8604 7361 6697 2916 776 7357 1329 126 4990 620 5365 7608 7423 7775 9671 8835 831 5200 238 6660 3673 3057 8865 404 7354 6440 1969 6068 1598 9659 7517 9680 7944 3634 86 3752 1364 6430 4048 6873 17 6905 4872 6428 3109 1489 8568 4429 6899 4083 9235 6489 8814 9093 4752 3904 9699 7576 584 8875 4184 6520 1715 2842 9184 
42 3000 1248 2707 7952 517 941 5884 1647 7654 7293 7642 4381 6585 6291 2879 459 818 3111 7556 2001 502 151 9381 6032 9668 8180 6617 4697 1605 618 5013 8603 2353 935 2869 3280 2326 3182 4212 8773 6057 5641 110 2357 68 7601 8102 4377 8870 9266 9762 7211 9080 4775 6376 7363 1668 8361 2753 674 2330 3622 9161 665 9982 5929 1384 0 3383 7951 8903 5077 5879 8306 1210 3743 8276 3340 2236 6132 9833 2031 2914 8632 7389 4011 1858 973 2602 724 4177 6442 7324 9701 8406 5227 7100 1961 1562 875 2780 
43 3000 2540 2332 9887 276 4145 2380 4429 8424 3927 5779 8177 4987 3388 6571 5278 771 1403 4451 2438 1874 379 8576 4143 56 5526 9495 993 1234 7263 9214 1170 2108 6746 9371 5027 4900 4517 7554 2803 230 2283 1728 5463 8111 7819 2794 8662 7068 2997 5279 9835 1389 4932 6134 8413 6490 266 1678 9162 2416 2569 2649 8647 5460 2863 7393 4825 7907 3278 3168 9754 5910 3826 5581 5441 5483 2308 6145 2798 6622 7336 7964 3740 5551 4490 9538 6392 5095 5592 6702 3436 3175 1111 2680 3571 9426 5686 6271 6105 9951 
44 3000 6786 8157 8671 182 6477 5337 8062 5885 6336 3683 4201 2275 5467 8628 7228 1265 1662 3972 7718 6838 5674 8815 16 8539 8620 2616 8705 3100 2511 8379 8196 4185 3898 3958 5441 261 657 1494 5776 594 1885 4969 1882 9367 933 5897 5877 7934 1554 7123 4530 5184 7181 4765 7603 6037 3331 8267 9313 8072 3131 8588 2922 6265 5972 4505 8455 5866 9284 7049 3537 3389 3439 2064 7357 5742 9781 891 7762 7464 1774 9175 1467 6100 9283 3800 7399 5700 5974 7945 3158 8435 9842 4274 4610 4345 6865 6234 8600 9212 
45 3000 7778 7501 8793 552 7979 9528 4639 1741 554 7235 3459 4257 2430 2815 5668 8055 3650 7668 3104 57 9782 2460 504 780 7439 5307 86 9079 2935 8081 9265 5016 4061 848 1498 860 4989 4422 241 205 4298 1052 6045 5219 6128 3228 6770 2013 4453 618 921 4136 488 5123 4116 4199 3217 4062 8676 3621 3038 1481 6340 495 8551 7588 4101 5593 6450 6306 3177 6477 4558 963 1096 9755 7976 8099 6913 1443 8360 9397 9549 5467 6325 1743 9255 284 6970 5411 2207 3625 8533 370 8211 5367 4168 718 1554 8530 
46 3000 6845 7240 4961 8398 7379 8094 6688 9767 5582 7615 736 2310 4543 3254 190 4080 8024 632 3687 3127 994 6728 5004 7246 3277 1184 5769 1847 6333 5738 1309 5950 3156 1786 9607 6311 1305 6066 3397 9661 9054 4460 5376 3082 4670 3936 6546 2503 8818 2600 7675 9320 83 7886 3893 5139 3628 2857 2402 4652 2965 644 3316 6634 4866 7004 3628 3056 7381 1002 4299 6340 997 3820 473 4726 2912 5691 4817 5767 4439 958 3983 7953 1533 1257 8202 456 8442 6825 3998 1001 4485 5936 26 1859 3957 2455 6038 3976 
47 3000 9153 1526 4971 9210 6521 3381 8166 707 5939 5268 3704 1399 3121 1516 7873 620 5138 1715 9756 8854 9077 7025 8947 608 3812 4610 6392 5406 4912 198 8350 6912 2665 8761 3488 174 3232 3328 3093 6994 2921 1915 4410 9431 5595 2585 7111 1411 3194 6633 2881 8485 9390 9891 8137 5691 6366 2166 9863 3554 4713 4795 4579 2207 6463 6330 428 3636 1237 6347 2392 2053 5527 7379 634 2390 5093 4975 1959 6920 494 5883 4403 5 5740 4359 4956 967 67 6601 391 5082 2842 3305 1237 2702 1590 355 8865 6502 
48 3000 3145 7623 5703 6851 7928 5909 8579 5306 7349 1997 5181 6236 4335 1839 3649 6568 6983 1865 5293 3653 5335 8413 427 1269 1282 5291 7339 3738 1593 9460 4376 8175 4062 4842 5164 4853 6793 4252 6945 5709 594 9461 2041 953 4511 9374 2445 3827 4476 6344 7538 3464 5089 600 4923 5894 4516 2812 4398 3159 2515 4768 5038 559 1597 8189 5414 2029 1292 1658 6934 3627 5561 5678 303 5162 3316 5861 5117 9937 2078 4231 2578 2620 4751 8660 1330 5238 9525 428 6428 1304 2903 9902 1426 8059 5856 351 3592 6843 
49 3000 3096 9873 2246 1590 5482 1459 229 5455 5547 1173 8491 5553 6146 4463 3802 5834 2239 592 9598 8079 5792 5201 9943 1017 3800 985 6617 7580 9446 6512 9335 263 6374 3146 9083 4628 6091 114 4585 924 8497 7683 1893 3829 5536 8474 7099 326 7974 6894 2179 5696 5300 6690 3955 7640 8752 6641 6187 8525 7476 4358 4783 5755 7796 8225 6146 270 5619 7453 8633 3160 1962 264 7149 419 1608 201 858 5811 4876 562 4024 1869 2530 6957 9980 9013 3804 7991 8211 2798 7553 4075 4575 9287 6532 4358 4636 8544 
50 3000 4798 1787 138 6255 8237 6289 8586 3478 8217 6079 5967 4507 8364 7097 2585 2877 4466 562 2031 5478 7500 8659 3267 4805 9784 8348 5848 9326 4252 3293 8255 1981 6861 3927 9363 6802 2116 5631 3030 3659 1721 5043 5815 1130 6358 4494 7812 7500 590 4565 6620 9878 886 4768 4431 1449 6776 2362 8243 6837 5126 9278 3203 5609 7541 7184 9071 3891 895 664 9807 4117 978 8530 6290 2896 9279 3254 2157 7016 2884 8527 2763 7555 7507 4942 7278 2134 3637 3804 3897 5288 5824 9061 8182 6958 5070 7367 4526 9115 
51 3000 4368 6259 743 506 7346 473 5782 9524 46 6373 570 5205 5831 4508 1972 6349 3406 303 9884 8766 7975 2858 7449 646 5515 1891 4393 6057 181 2787 3492 6565 4831 9791 164 981 4680 7310 5179 3229 4079 9349 503 8346 6413 7070 8261 6603 7130 4474 2827 5748 9897 2211 6038 1377 5870 9514 5537 5436 6105 4255 6233 2834 7077 1133 4897 6195 9340 7976 7870 8728 9299 182 1908 5219 4112 3273 8144 1159 9724 3579 9181 9984 2009 7048 9302 8449 1059 6180 7815 123 8575 5082 5512 7013 8403 2656 4267 9304 
52 3000 183 3905 9743 3238 6124 9368 7235 7103 912 2676 635 5359 4731 6240 4524 879 9421 5055 9381 5327 7751 8636 9928 7648 5824 1078 6593 693 8603 9235 101 5962 8565 9035 9187 6476 7475 9906 1435 7777 1293 7341 7248 7043 8197 3580 6931 337 9738 6416 912 7979 5116 6130 3078 8041 8584 553 7240 7967 9972 8243 6726 4322 8344 9799 7090 659 8773 7294 1960 3521 2240 1829 1995 6555 8668 9223 6979 2763 3069 3818 1035 4872 4825 411 966 3830 87 4318 7716 5427 7305 9552 966 5039 5879 5135 6842 504 
53 3000 7936 9529 8761 3113 3233 3199 1391 6735 7187 9292 7743 5060 2021 2445 9388 6972 1047 5726 9792 45 6067 5684 785 2163 7897 5536 2149 1268 25 6476 4331 3227 5384 7111 4289 7834 6257 1013 4449 2926 7300 2409 4801 6634 1701 9985 8110 7747 452 8824 8259 4216 4754 461 1711 9769 1542 1067 2100 8662 2141 7760 7946 8545 4039 3037 3495 1461 5792 7331 2683 2970 5052 9697 6227 9387 9717 6622 1840 3162 2211 8952 7567 6371 6883 6959 8257 2336 537 3519 5146 5376 6084 5421 8575 8674 9318 2804 3830 276 
54 3000 8821 6713 107 7207 8987 4781 2599 7725 6176 5041 7715 1686 7992 7859 1417 9039 5684 5990 687 6455 9675 2764 8112 2064 8211 8395 9607 8333 9144 4412 5246 3056 4828 6220 3234 8481 151 3782 6992 8553 3686 429 5376 4283 1967 9792 6012 7251 6891 864 1764 1219 6251 1177 326 1881 7380 8118 6930 4737 3935 8358 193 1082 5794 5413 1078 2133 2089 5324 4983 1273 7354 470 6960 4423 804 1500 50 8535 8737 7390 6753 8219 61 3629 3613 481 4949 8525 8934 7603 6611 7640 3624 8132 6201 6351 5152 6004 
55 3000 845 530 4647 7791 4787 5351 7106 8070 3674 2231 4735 2921 1952 3881 3417 1546 3399 7494 2299 6018 4774 6051 6507 9148 2592 7757 2988 486 3033 3597 9471 436 4964 3022 6562 2510 6093 7757 2953 3693 2246 3733 3767 2938 9771 1146 2020 7794 1061 2645 3211 9147 3213 9633 3038 4089 9799 6705 8238 6923 5772 4209 548 8272 5492 8925 3802 2336 3880 2873 4139 2257 692 253 3347 3615 7924 2497 5325 6053 341 1455 5674 3021 9123 705 4415 9643 8650 4984 1823 8722 6399 7750 7397 4853 5973 6860 1945 6672 
56 3000 3254 8385 2804 7229 5679 8540 2177 2482 4646 3742 8595 7916 1034 8797 1516 3295 3863 3203 9027 5527 2067 5592 8697 9663 9397 6278 1531 8020 2452 7952 9067 7423 1823 4479 3586 4578 6380 7842 1457 9567 667 3194 9596 7474 5435 2044 5061 8123 1289 3564 7763 3956 5468 4026 6309 6026 1750 4356 6964 8117 3474 5822 5743 8993 9695 3840 3623 2768 4463 9907 4889 7401 9221 1662 8590 1319 8339 1069 3137 8160 7758 722 4012 9649 6775 8284 4611 6588 2939 9043 210 7983 84 6595 5049 8286 9477 1654 2555 2767 
57 3000 4098 8983 8674 1012 6040 2458 8341 8543 7041 8245 5069 6560 2129 6112 3661 9822 6406 8865 6054 2631 4946 9900 282 2962 5826 8893 2563 4707 6276 5605 2519 8042 1955 1818 1513 7930 9357 1391 4113 737 1336 8445 2683 8978 5758 3671 5100 4191 7282 8766 5590 7932 2255 8987 8694 895 6747 3839 6360 159 7700 5881 8155 4560 7204 7660 4607 8185 9903 6773 3669 1994 3518 9043 307 3566 2504 9835 9218 4973 4822 3486 669 8771 1847 865 9460 2123 1390 5056 7016 9048 3856 5165 6602 787 1516 8258 1658 4304 
58 3000 912 9413 7273 8904 8384 9910 4765 981 8723 3537 9402 6886 6947 1023 1242 3928 3205 2595 9093 9489 801 8668 7608 8277 7352 8645 7497 7690 9059 7858 8867 1318 8115 2623 7689 561 3227 3421 5384 4376 3273 6215 1543 7146 4077 1874 9761 4682 8311 3737 6607 8335 8525 3297 3711 7251 3295 4005 2980 8736 6505 3210 4934 6756 9745 2212 180 8556 7842 4449 3991 9405 7511 1804 4028 5470 9130 9038 1177 4811 1648 6352 3516 6501 606 66 3403 7874 9293 1431 7689 9892 3022 3561 1062 648 6534 6492 2510 6980 
59 3000 4525 366 4911 4223 5295 6738 7746 4075 7529 8013 2941 597 198 5000 3834 4331 5589 2599 7258 4550 5452 3608 8763 9624 281 659 950 5521 1716 6273 4943 2425 8070 1045 4970 9484 2982 9955 6085 7677 7191 6797 5005 816 3444 6741 4073 4665 4520 7018 8353 4184 4381 5723 5840 8900 2452 8753 801 6407 1022 4865 242 3984 5773 8860 3495 8342 9429 2888 4935 3493 8538 5887 9819 6750 3368 1137 3249 2846 943 1947 2265 6180 1186 5460 1060 1186 6204 4590 9316 834 2685 8080 3672 3248 7427 8683 2313 6451 
60 3000 5995 9475 2685 1240 4488 8283 2334 2177 4453 248 2873 6716 903 8508 7069 2442 3476 3005 9061 2449 708 7418 7695 8831 7437 4227 2995 4308 5329 7888 5748 1967 6536 6150 222 3135 463 9481 2 3377 3680 8634 6961 6615 2946 325 3342 7374 1358 1043 6981 1155 7633 8986 9640 2928 8510 4117 8476 3757 4273 6348 628 5543 7409 1849 935 3895 4381 7481 2774 9129 533 3356 2025 5387 8115 3520 4160 7882 7438 4761 4460 8272 1150 3542 1352 8154 1637 1061 2877 687 1554 6435 6278 333 7473 8007 714 736 
61 3000 6664 2779 3102 712 6993 3975 7080 8372 9956 6718 5099 3368 6825 1844 3636 7266 7928 7833 1532 2039 5051 870 1464 6688 6967 3024 4525 1992 8085 8560 7946 3375 230 8375 5935 1905 7544 2551 3639 3413 4514 1040 4235 5739 7126 2477 9147 4105 7137 1108 1382 4611 9484 1853 1999 5854 2807 3485 9694 8674 3102 9944 3521 4030 500 9766 8726 8988 9167 3644 5716 851 334 110 2145 9396 8448 9346 8133 7254 448 5115 4602 8400 8168 4821 4746 4775 3868 7694 8613 1034 8881 1094 827 7416 5393 4950 1426 740 
62 3000 1345 4315 9824 3528 8461 51 1904 1246 3399 7636 231 7682 2029 4101 7394 8435 6836 3086 2468 2543 7446 8023 606 2225 4280 3446 5753 751 5330 4426 6486 8441 6061 4125 4977 6786 2439 9485 9089 692 7086 5033 7582 8853 8551 4815 8459 2246 3720 2457 431 751 3336 9344 7501 7902 657 935 6687 3751 3230 1191 8856 5869 7796 5134 2689 8467 8314 9537 1775 9639 7116 1723 4822 6736 9185 6505 8998 9861 9552 1244 6396 3491 3832 9032 3624 6219 1868 9997 4519 8633 4514 743 5989 9304 3534 1904 6974 8912 
63 3000 4630 3828 540 2491 3598 390 9092 9797 5599 919 2712 3811 7566 260 628 7353 3730 6958 5800 7831 4272 9567 2636 115 7101 1080 7835 7526 2756 1493 4345 964 2433 8483 8459 6152 9138 6222 29 9003 1964 2305 5803 9124 3493 2813 5891 1430 324 5497 3356 5892 6725 1081 6928 5412 1411 2701 6845 1813 7446 3463 3815 9964 5267 2124 1109 26 8844 6902 9773 7821 4949 7410 6971 3330 5565 4715 7447 7313 3409 9520 8118 6056 586 8474 5783 4242 365 8604 7971 5945 2085 9875 6899 3754 9177 5874 6565 6018 
64 3000 323 2617 2961 2217 3726 5484 7418 6458 4516 4277 3062 9095 5281 6402 4412 6478 9710 8182 90 8821 9381 4286 8664 6201 3656 5288 7610 2675 2709 3356 5403 8532 3683 6052 6734 659 9962 8274 845 1037 3578 2308 2998 3367 733 6015 9064 7811 457 9141 3238 3866 6381 7745 8875 1360 1641 6764 2462 9570 6906 693 701 4473 1531 2393 729 4112 7829 28 3453 2096 8483 2119 19 9220 7062 733 1401 3210 1683 2786 1114 6595 1783 9481 1055 2702 8023 3864 468 9781 5315 6509 8034 3244 8974 9326 7084 6045 
65 3000 3997 7494 3943 7166 7463 9521 9389 8248 4061 5427 3249 8330 4746 3052 2109 6723 8508 2490 156 4007 7284 8646 3143 1148 3979 1926 5478 6751 3620 7035 440 2423 7635 9920 3516 6275 1251 2825 8872 4541 4027 7472 8934 1324 3503 6376 7110 6468 1976 2270 3628 1552 6407 5673 4499 4015 1445 567 3609 9396 5577 8207 7933 1713 413 9055 5875 1952 3079 2840 8730 4691 1753 6741 5281 2847 4311 1692 9506 546 107 6821 1423 4118 4874 2005 1051 1222 8756 8556 5505 8086 7452 8026 9204 4883 6501 9146 7219 9227 
66 3000 8681 2878 1729 7790 4535 5605 1618 6053 6028 436 5186 6174 3320 6639 5991 2985 4668 7202 1812 8111 9457 4515 6740 2223 4351 4179 6391 5399 2569 6941 6250 5629 6287 8749 3131 5431 2168 8940 9770 6597 12 6544 2539 3070 4535 4723 2285 1930 270 3324 8296 2525 9595 9568 5390 3712 3884 6851 4132 9228 7787 1689 4169 1188 6631 8764 700 1704 6946 4117 4064 2633 120 6452 2453 3449 9174 6571 7755 7234 8664 4933 4516 4805 7713 7337 2033 6958 6156 8728 9566 4837 3825 5137 4677 8432 2945 3732 4700 3201 
67 3000 3665 1009 1325 4815 2709 9094 8317 2028 5154 181 2352 7676 9332 9089 6987 7793 4856 3946 9745 8865 3776 4995 2332 3192 4853 1533 3976 2391 962 6965 7895 9015 9619 1990 880 6297 6637 5907 6019 6025 2897 6051 8528 4535 4255 5353 4721 6831 4570 8017 4101 8836 1851 3338 4568 7760 7541 7626 767 594 8913 4274 5547 737 4604 1933 4556 2734 3261 826 3949 5157 5322 7180 1233 1590 7918 5784 9233 9760 2899 674 3177 8777 7988 3941 913 4508 1058 2664 6250 3071 7532 3968 5422 2458 914 8210 6677 2280 
68 3000 6438 286 2994 1639 7849 9064 7920 5121 7301 4944 4537 6922 8388 5540 7550 3092 2295 9492 8506 1903 7075 8394 4127 2351 50 6859 7782 772 3344 695 4071 5590 2526 3223 6544 189 8398 9702 8538 3907 1888 9893 7145 1160 2083 8738 297 8684 7379 5175 6985 912 9761 9065 600 3463 2201 6256 5392 4769 9189 1762 6064 5817 383 1073 488 8023 7389 9593 5540 9227 3660 191 6071 7814 7527 8891 6992 4959 8348 8676 8490 5001 5787 1425 4369 3937 2216 7971 3514 6041 8244 6281 4481 8616 1365 7771 3213 4859 
69 3000 7742 1734 3876 4861 7101 7900 2830 4727 767 7121 5713 3821 2809 180 7658 138 4322 4722 6635 3801 828 313 9913 8680 2804 1628 3650 2141 9331 9753 5609 2913 4876 1623 998 7088 9193 7579 1435 2240 346 7053 7035 9673 869 2373 1629 4789 7036 703 1100 5585 1270 4095 4852 9278 7664 7675 395 7046 638 5954 1064 6902 6713 7259 6857 4687 9417 6290 8399 3196 7310 4808 4035 9421 5136 441 41 9920 8100 3617 3965 4319 9273 2625 1095 6927 119 6795 4044 6487 4142 7810 5467 4042 3671 9138 3903 8938 
70 3000 9758 3592 2737 2936 5204 9010 2289 2467 717 2069 5032 8999 4182 212 3931 7531 3071 1715 3905 3218 9963 3861 6422 6116 1202 9256 7207 4052 8671 261 7089 3619 4696 1547 5961 9302 73 783 9873 718 5220 7442 1242 7993 4454 9737 2199 5251 3395 9675 1047 2244 9492 6246 1855 4089 5675 6728 7172 9146 7132 6124 3865 5010 1214 4715 2086 2635 461 3749 7363 8577 8752 9247 5810 5367 585 3938 2471 9 3479 7315 2784 595 3501 3823 7171 1060 3918 9162 8751 4043 6975 4725 4182 1891 8796 156 7626 5778 
71 3000 7414 4030 7835 2948 3920 2668 8372 2090 6744 7064 947 6833 9054 7947 1879 7365 9284 8965 1694 182 4789 7992 7832 5958 8619 6563 492 5541 9423 7431 1593 4072 4476 251 6866 3235 5833 5392 1070 1628 9603 5863 6328 3253 8353 7380 3597 4144 6637 6545 7252 7111 9645 7155 2805 4610 4984 4636 7746 9738 7577 8600 5502 5359 7693 3535 2532 1344 2097 7603 8540 9947 8330 9583 9817 9298 2108 3926 5700 5025 7853 3937 8169 0 2343 3086 4558 2213 1490 4441 3395 763 241 8225 3366 9981 5609 7503 5408 1678 
72 3000 2820 1988 7923 5514 4595 9973 5114 7497 3552 8395 8453 6598 7730 1013 1274 9505 9242 4721 6480 3487 6058 3977 7389 7394 6898 3366 1699 779 9269 8280 8572 1141 609 3731 8856 9297 2570 1280 8419 2880 8418 4097 4620 7957 3560 147 5891 8778 9198 3495 4459 5646 9106 3742 2182 911 9530 3582 9514 3096 2218 4489 7599 9138 571 519 3478 4762 8922 252 8436 2976 4936 6843 9463 693 5139 6211 3846 3475 3569 3343 6884 8408 3556 6733 2722 5094 2619 935 8326 4774 501 7251 565 7574 315 2537 6428 7876 
73 3000 2824 6138 6363 7815 3841 4944 747 8897 4763 6578 9467 1750 6213 702 4643 3990 4826 8450 6463 6221 3148 9986 2148 6153 2663 192 8047 851 9947 2471 4844 7105 5943 684 5904 9925 8365 9210 8735 9162 7225 1122 9579 4257 3486 4507 1126 7108 837 6889 3354 3071 599 7794 7494 76 9750 9432 3120 5876 2075 5505 8365 3417 2451 8141 3259 4336 4239 2951 6191 579 9821 2216 3508 4150 4246 6193 2221 4980 2009 2549 5847 6925 6955 3921 3377 1885 5305 3597 1362 2051 1807 9327 9131 278 9017 5254 7128 8577 
74 3000 9697 1978 8379 4740 2346 4732 3081 7083 9850 9696 6316 7322 1261 8428 8893 1561 6698 427 1310 9421 5373 3808 847 1282 6749 4120 1779 3655 4811 1274 8714 2677 5470 4602 3062 5736 7095 6044 2624 1212 4157 1451 4301 6350 4014 25 9944 3258 6810 1872 5309 3026 8501 3689 2153 7972 7010 2571 3448 2014 1503 7947 1717 9167 4792 1633 505 161 8862 6024 8962 7190 3523 394 9564 6783 8188 5336 8950 797 6774 5317 1886 5543 5732 9362 8355 9026 5196 9866 3777 6324 3263 9521 2339 3074 3394 6383 3469 7105 
75 3000 4943 7046 1422 8172 6806 7961 7994 5836 4202 4861 8363 5456 8572 322 54 2312 611 9451 5030 3849 6415 3689 4904 49 6761 2745 9281 1929 9509 4660 7220 8160 5132 3983 1830 9811 5363 8087 7979 3226 4976 1597 3133 1014 6687 8949 1329 1176 9184 5080 254 4344 8274 4226 1469 9158 1166 6867 3743 5761 3870 4776 9521 7418 1725 4208 4513 263 3052 7208 408 1170 5930 1042 713 3752 8102 5758 9722 2476 9995 9870 4603 4915 882 4164 609 2117 8149 3635 9428 7099 9708 7542 636 1471 9516 7594 6297 180 
76 3000 6230 4259 8669 4385 4985 1194 1053 2447 2297 7808 1749 9054 4090 9944 1152 2468 6844 8687 1964 9893 1880 7296 2536 972 2757 6268 3328 9410 5800 6514 6507 2719 3754 675 8653 88 2560 2551 6604 8380 1257 4662 6423 6253 5012 3927 5479 6406 1270 5481 7673 5952 9029 4600 1768 4909 1249 6764 2861 2828 373 5841 6970 3533 6982 393 8746 7995 1575 8112 2318 5329 9463 8378 5256 1913 8808 2941 5660 8634 1765 4731 2373 6261 8765 4793 8326 8941 5915 7341 6999 5816 5528 2947 2012 776 9772 9848 9838 324 
77 3000 7449 3375 5646 9575 3899 3519 2264 6377 4022 609 2270 3556 8438 9124 3204 9288 2758 9624 5911 5595 9989 8810 6005 4966 6062 7707 8459 5103 8480 7975 5317 1790 8104 6337 6538 9896 4045 7144 3959 2486 1699 3054 8386 8076 3896 3844 9804 5999 5179 3341 724 9902 9203 4481 2644 9370 9268 2493 5637 9667 1965 6209 1072 9612 3958 7496 7447 7571 1885 8813 9356 5582 5384 8899 9583 1599 3247 6578 4312 9860 2697 2692 1466 9391 1790 165 2177 619 4942 2178 5374 124 1583 8488 5492 3505 7932 9851 3322 6381 
78 3000 1901 589 9968 3508 1121 9268 3939 6028 4097 7510 1366 6839 4482 6925 9338 4091 8481 4172 2371 2806 5379 4136 1993 4627 1192 1245 9466 5687 5446 8900 1616 2603 1075 7030 9809 6604 7456 7782 2030 5769 6555 9326 8106 5403 2204 7789 8042 6531 2510 7312 3487 2522 5374 8238 2323 3831 7150 3417 6381 874 4419 2640 2280 5019 8891 5198 5392 7713 5434 566 6931 7725 3227 7213 4169 6517 33 9530 3778 1741 9608 2897 8290 8859 2221 6859 5689 891 8314 6439 2128 6282 5271 1570 7765 4906 7330 4653 5731 2176 
79 3000 8600 6243 4218 1301 9221 8854 1696 3650 4639 8898 5249 7250 8008 6737 2043 3409 5716 4872 3917 1459 6040 4247 5094 1630 923 8687 3021 6044 874 7455 2339 7835 2998 5934 1968 8401 2145 4437 5323 2767 5192 5140 3654 3087 8443 7143 2511 263 8153 9649 1334 3692 4188 3276 6167 9134 6795 9491 5501 4712 6507 8166 9231 5033 7173 3264 758 3429 2106 6646 2191 2336 3362 5 2695 1782 4144 4924 9956 6014 4328 1063 4765 8242 9114 2462 8738 3510 805 1978 5154 9690 3711 3846 2921 6610 2171 4356 3662 3290 
80 3000 1711 667 1937 3323 3318 7740 8574 8363 845 3392 7143 9753 1535 1487 3537 8265 9675 3239 8694 1975 3375 6648 4433 2258 4467 4055 2421 7908 1536 7832 6258 7388 6068 4186 6700 9195 1731 5093 9991 361 6778 8357 9334 3072 9569 5796 9476 9414 7229 9545 4424 4246 7424 6497 8289 6193 3259 854 9245 6770 1313 4816 6621 7627 2784 7388 1119 5919 7771 1312 8148 7804 2675 8130 4295 62 725 1361 6908 9844 5634 7814 6817 2540 8371 7024 4173 7776 7069 8803 7407 3537 47 8930 5329 8412 1966 2958 2333 1962 
81 3000 3107 8147 6746 3222 1768 3521 2287 7317 9799 8055 2659 209 1247 6983 9262 1573 4138 6227 2035 5786 5379 4963 3421 1052 8783 6298 5455 6647 6223 6083 9980 8291 1909 9843 1986 1644 9791 7840 6076 3926 4084 8252 6056 3664 2924 8485 7646 8563 5144 4604 4328 1502 172 8894 6301 4654 1066 5543 2578 1735 661 4447 6199 8372 848 3151 2569 599 4975 6899 925 1483 3376 6825 8924 5863 2025 6258 360 3227 4308 5154 6002 8704 5930 2658 7560 2188 2941 7787 4774 5582 2888 8237 5629 8171 9093 7317 9697 117 
82 3000 8052 9008 4597 4078 9970 1147 5590 4960 2405 6736 8291 7780 7051 3373 4508 3670 9636 814 1211 3994 2953 6654 2617 2592 3012 137 5408 6157 8314 4089 7070 2727 2256 4977 7356 8305 8661 1091 2880 1609 424 8855 4828 6940 1292 7261 9798 5181 771 424 3769 2914 2147 8268 9185 9669 3639 5334 5175 3296 2681 7717 890 3458 3319 8116 1966 3254 6744 9029 120 8964 4937 4051 5860 7924 7453 7315 4323 4515 1320 1047 4247 4289 4067 1250 54 6217 9877 1513 7069 3054 8864 4947 9857 9839 9473 4238 3691 517 
83 3000 4013 9835 9137 2681 7302 6259 9775 448 8451 6533 3034 5451 5762 4744 4159 5963 4759 6724 3300 4141 9334 8860 5728 1398 6033 5028 5174 1901 1451 1651 293 4186 2763 883 4256 913 1377 1915 7462 6729 9708 414 3382 4270 1083 6076 7518 8276 2767 8313 9499 7845 2117 59 8291 6796 5858 9708 541 2171 2484 1167 2038 853 7790 2044 2304 4315 3520 9955 2311 1485 9143 6955 5318 9749 6763 2103 838 4071 9136 2140 1727 4233 833 297 4397 213 2508 3235 2160 5680 8306 6096 1687 9611 6389 5693 2606 6040 
84 3000 2587 1813 209 1931 7177 6655 1294 3170 4785 2387 3134 8688 7412 6828 5560 2709 590 7259 6184 5117 2654 2356 8731 9956 7149 2249 4506 2049 8353 6701 6990 1743 9936 1425 9545 7785 6728 2511 6260 8310 9631 8986 5917 9971 3639 3500 9076 5178 8996 1131 8291 7475 5466 6321 1455 5030 9745 7935 8258 2261 5979 2443 9780 9579 9424 5228 1207 1263 3218 22 7669 1449 8285 6463 3203 8260 6363 5779 2848 6045 6157 4598 7857 5753 2613 6877 4035 3430 9326 3967 3206 6838 4061 2791 7805 202 7410 2156 8586 7082 
85 3000 4565 7185 5470 1367 227 1877 1505 6398 6627 9789 9955 2212 4681 2846 4520 918 8266 8272 2671 185 1626 3654 2115 4872 9894 118 388 6766 2749 3645 7568 2459 1191 4499 2115 9342 7442 4789 9836 9726 7978 4152 5972 3086 9675 3560 419 6437 9094 7255 6064 2826 4876 2806 247 7955 3273 9297 9357 4925 6801 3630 6544 7111 6014 4961 2556 9155 4411 7260 9710 6086 6459 9991 8975 569 8748 6926 193 8276 4268 3072 5415 1380 9809 9735 5367 178 6493 7702 9038 2834 3421 8548 6401 3255 4455 4071 4244 7084 
86 3000 8116 3850 5141 5820 616 930 9541 9067 2006 5629 981 4903 5456 7473 4426 8378 9658 5251 7738 8133 4349 5205 6258 1147 8969 7333 528 5607 4434 9825 7129 1908 8041 1619 2642 1770 1494 3091 745 5483 2057 4856 2420 7285 6830 4705 9298 8849 154 2665 123 913 4135 4180 341 3018 2300 1422 4814 1385 6370 2722 3663 4908 6167 129 1228 9277 2638 5098 8164 9222 4008 2290 6650 8887 5059 1516 8732 322 9531 7786 7787 108 5647 9499 3115 4101 4773 4749 7648 304 3184 5759 8797 9862 6977 1440 2412 6183 
87 3000 92 8073 9874 2189 5467 8119 8309 5677 9313 7155 3929 2826 8520 8926 8494 9811 1180 8536 8905 2551 244 3751 9918 4582 295 4436 9982 3049 7453 112 207 2831 2402 5639 6451 8787 6540 5028 4537 6122 1262 3369 8590 8891 354 6895 2506 6614 5528 1163 4538 9023 5072 7363 5012 8935 5624 6750 7170 3249 7078 3206 1127 2062 612 3920 972 5920 9837 8201 4971 1189 5075 4407 8917 3546 765 5004 2588 9608 5987 9754 9340 6670 8113 7020 8821 581 9590 3199 2811 1741 7834 282 4186 9217 8268 1539 9011 2994 
88 3000 463 5326 1751 4343 7423 7016 3610 4321 7987 9063 4003 385 2351 9182 5137 1146 726 6658 9731 9236 5113 6780 1857 2305 4204 3401 898 2139 1414 9619 8647 1912 6026 6586 9514 1553 7476 445 3872 1243 2751 7383 4515 3037 6915 6819 6255 607 6767 2712 8633 7118 7613 2993 1758 1219 3170 7124 5276 1169 8595 1782 454 7079 6634 4669 5401 1285 6904 6441 3402 6844 8289 774 4387 4155 4474 2539 9521 5706 2594 4119 8914 8941 5010 9835 2467 7263 4214 8511 3834 9149 856 4152 7510 5398 4895 4758 9049 4505 
89 3000 9876 9253 8402 6152 335 2547 6384 2833 2324 8715 4260 9597 7065 2313 6463 1925 7724 7804 6434 1717 9319 7122 5585 1421 1743 5352 5389 6275 5914 4541 2597 4681 3062 5629 7574 6696 7120 8512 5768 660 258 220 2299 7936 1536 1230 9669 5784 8675 9899 8611 8359 2968 5019 2044 5827 7299 6505 2169 1614 7301 4202 683 7779 5633 4817 2118 8506 9377 6980 304 1729 573 4427 7963 8875 9865 7306 9421 2737 3283 1617 6448 3469 2142 6761 7223 2708 6070 1234 8425 5818 9163 6427 448 2266 9258 8564 5736 4111 
90 3000 339 8762 256 2633 8062 1208 8080 3071 8410 9477 9107 7500 9468 956 9897 5827 6324 9410 7637 4906 9101 5662 7235 5793 4106 6401 1528 9109 8107 1120 4629 8541 5737 7167 8386 2462 21 2938 1976 3676 6029 9177 4617 7290 7649 8414 1409 6710 7497 2525 2300 7764 9937 8412 4172 942 7239 1811 6063 1774 8850 9231 7497 9324 3805 8008 9958 2808 6245 4489 1475 6345 4077 342 4337 1823 747 6990 5935 9900 143 8168 2724 9122 4623 606 7315 3169 6168 2841 8691 6229 658 2146 5543 6490 5274 9593 2737 7764 
91 3000 9029 3233 905 9232 6414 9408 9158 3316 4181 2182 926 1675 1244 899 2923 9323 1703 5869 7239 6880 1001 2177 6552 940 5199 1613 2467 2568 3378 2734 6986 3920 3167 9045 7093 2992 9396 5311 2468 6487 5872 1987 6334 814 283 7778 9412 1208 2223 324 7021 8978 4346 5005 9283 6874 6644 1881 4471 2588 3848 741 5469 370 5954 4297 9363 779 1881 9486 156 8551 6239 6903 4609 8597 9242 8366 1204 120 9727 2592 2236 8868 1310 9011 9024 7498 1663 9696 256 4078 4917 9425 3449 8704 7186 3863 9542 8248 
92 3000 5225 5868 610 9227 8203 9930 703 8802 2604 4724 9813 3900 260 3798 961 8453 9500 4379 413 8779 9426 4307 1022 7069 7317 7097 8689 3015 9158 5115 1956 3552 3288 893 4718 729 7182 6563 2067 7710 7351 1411 9252 2889 2368 7564 3771 2139 9024 3795 589 9183 1602 7463 472 4089 4281 4566 1455 9894 6663 7926 3432 7345 2425 3497 5871 7776 1098 4803 8652 4100 2965 5490 6034 9931 7095 13 3744 6830 2489 2445 9190 9677 2362 3411 4805 168 1541 5144 4508 8433 6998 4669 3295 2783 1495 5115 9956 7585 
93 3000 369 5146 2910 9251 1429 6519 9175 365 7986 9769 6455 1929 5003 8015 8356 3729 8375 8899 2725 2835 7330 4640 3114 224 9957 218 3373 5520 1855 9683 5362 9871 7917 592 9791 6941 7226 6561 186 2035 1086 7954 9980 9341 4173 690 2724 7304 8812 3176 5430 2119 2380 1366 5035 9358 7834 1945 7990 3709 7362 3636 2977 6851 9160 6637 6746 3451 7338 174 3083 5282 4940 8191 4896 3471 107 3155 9434 8869 5342 7989 6624 550 9924 6132 535 2428 5426 9724 3974 8005 4374 5910 6191 3244 2020 1280 3728 7560 
94 3000 1246 4420 4378 2948 594 6605 4279 1222 5411 596 8124 9393 2136 7586 2506 3157 5693 2249 2379 8525 27 5927 649 1563 1748 7940 892 6264 6915 5018 3186 547 935 8860 3086 374 1590 1816 3704 2000 5194 699 933 2340 5862 8716 1778 7469 7921 5527 5829 9241 1431 5428 9844 36 841 3663 5468 5630 6765 851 73 6192 885 5554 719 5403 3976 4950 1249 7708 7062 3650 2499 3678 5692 627 5642 3515 7339 4276 8649 8668 1934 5600 5883 1580 5512 9512 809 3558 6991 4276 1839 773 8080 9062 1292 8376 
95 3000 6295 9628 7489 2750 1124 2133 9962 1874 3295 5066 7798 3826 7181 9308 1104 3398 6331 6315 5593 6847 2116 4425 303 4764 5513 3291 8435 3069 2001 6445 1319 2135 9593 1974 5500 4031 9986 1334 2959 7895 2840 6281 4448 3429 3178 3933 5956 2522 1916 9947 8299 8993 9513 9836 9838 6466 2750 8395 2313 4362 4632 7264 9812 2022 7414 610 859 956 8757 8939 3630 5207 999 1022 4292 9855 3563 3961 8469 7632 8485 1369 5829 3672 9059 9681 7804 8380 1622 2584 8424 8428 455 3578 8286 5879 5804 6661 1642 5428 
96 3000 5042 5133 6613 9777 6940 8535 8533 3132 9069 7702 6407 2820 8332 7954 2509 9038 4611 396 5089 2723 7550 1358 4220 1549 6451 9950 755 4047 3307 3748 8424 1851 8951 2602 9047 73 2334 568 870 5791 2928 5969 34 4678 6252 9575 5164 5746 2528 916 5082 4212 8453 2713 9650 2503 2105 3438 3731 9368 969 7995 4283 7131 3090 6532 571 7060 1350 1371 7506 2860 871 2070 2113 2298 9541 8604 3120 6949 1666 2677 3671 64 4751 7150 7166 2569 9397 3605 6229 7184 2333 8026 4794 671 2567 4608 3322 4205 
97 3000 660 7690 7141 1868 1133 1816 7909 7271 7993 9916 8205 8302 3383 9614 9245 9995 9364 7664 1721 5527 2811 2509 9763 5337 3446 4962 8034 4376 4988 7015 1941 7476 9431 8775 977 2845 4444 3519 5184 3689 3903 882 4744 7960 1537 8163 2693 6223 7711 9755 763 7655 9328 4713 8345 4168 2852 2427 4578 2650 463 6439 3565 5339 9335 6372 2715 8320 4038 7988 4202 8145 2065 1377 9562 6576 2484 7259 7403 3463 7714 1421 4246 7735 8432 7276 8490 6520 1596 6545 7503 2397 1597 8066 7834 8762 4541 4730 8555 3323 
98 3000 5648 8535 7727 9729 9776 3773 1987 7305 5082 8338 9265 8934 9792 3159 4620 7043 2105 9758 9212 7734 3222 5937 2385 3022 3499 9581 6885 1209 1720 597 7200 5383 7504 969 1024 33 6830 2943 3845 5801 689 5336 6666 2351 6864 7967 6836 9361 4828 4222 2023 5652 3777 1728 7300 6429 3775 1170 5358 8650 41 3222 9850 4529 340 3602 1854 3150 5521 6260 9462 219 3162 4687 495 5931 4350 1345 8346 967 3585 5226 939 616 1804 7540 2824 7021 2534 5519 391 9550 1174 4351 207 3290 7389 7243 482 5671 
99 3000 645 3598 5663 1213 8859 5328 4142 4392 172 1288 9100 641 7858 9832 2471 5468 8348 9496 2034 1705 2383 7812 1623 4876 9288 8234 4471 6695 4382 5203 9673 6689 9497 7329 1776 1937 6636 8695 3494 4950 4748 8297 1549 9661 9630 7600 5635 5549 6956 6220 506 9882 8428 5735 1193 8095 1055 1618 1344 2275 9552 3294 4688 7794 1871 2326 9625 8045 7852 8722 6941 7322 998 5368 646 1807 3382 590 1943 8701 3671 8834 6315 3460 8278 9474 3739 5173 5644 3751 2027 58 3632 9825 3293 3078 63 5962 3538 7692 
100 3000 6363 1845 5371 3724 4342 8000 3841 3359 6097 3364 5410 5266 7038 961 39 6840 2040 1715 6400 4578 4724 6382 222 2573 9853 5607 5750 9134 8867 8112 341 1532 8527 7000 2172 8874 2701 4191 1085 3096 7258 2982 2549 8085 8102 8725 4752 6928 2322 7643 8814 7277 2466 3757 2128 4851 3949 3950 4824 5053 5578 1146 9360 2719 3202 5622 3234 9988 6494 4439 4829 2296 8847 9004 2374 2502 409 749 6032 3128 4230 4944 3121 6736 5540 2627 6448 4419 4152 666 5778 2427 9992 9939 2420 6908 1746 1647 6945 6783 
