FILE: 2423UnifS.txt
100 100 0 
1 3000 3277 3358 9326 7081 142 6669 3493 741 4120 9099 158 2169 7897 8691 2840 884 7522 8798 9076 8073 1995 7829 4072 7898 5983 7123 7480 6934 5662 6940 3300 1723 7677 588 2910 4459 1236 6664 1214 6799 3324 9428 5924 1794 7041 7299 9959 3946 3071 9474 6973 7397 4264 676 10 2233 3361 4026 3277 8918 3827 2036 7048 857 3815 5732 5695 5072 3262 1901 8833 1018 4098 8460 5606 7511 3589 7953 2081 7792 802 9173 1782 2704 6191 6906 9338 2007 4316 9804 7261 3807 9683 6382 5853 2118 5705 9134 6225 2542 
2 3000 6795 6786 6458 6082 3581 4663 873 1070 1242 3184 2439 3233 980 4487 8297 3867 4600 7172 8412 6156 2237 9173 7354 9598 3183 8755 9197 2566 9861 3634 5548 2992 4913 8223 6696 7176 1411 9003 5896 6718 6201 8021 6765 3579 6367 4508 3812 3260 8820 4629 6090 6117 3011 9350 3975 6790 6776 437 9063 1762 5297 4574 7206 5045 3190 5615 4655 1987 9727 4946 7345 1203 7168 9992 3292 4640 2229 828 8124 5755 675 4932 3731 5824 5029 52 43 8380 5415 5206 9933 1767 3525 9797 7244 9825 9704 867 7941 699 
3 3000 3168 8461 4388 3774 5342 9128 2751 4729 6328 7539 3526 8725 4492 6234 5190 1714 9178 3496 979 9868 6551 9340 8790 7141 8561 9643 4209 954 5031 8383 6663 6000 8872 8013 8697 6177 4427 7957 8376 4654 8929 1231 4815 2044 7097 9191 6826 2721 8847 4398 4703 9250 134 1621 5116 4945 6917 6955 9145 4556 2246 5068 3428 3073 6478 4569 4441 2662 622 1509 5899 7726 2794 998 9284 8084 7816 6955 7496 281 9925 9975 1634 7024 8617 3327 894 4739 7607 7075 5596 9253 6925 325 3343 9604 8125 1596 8290 9977 
4 3000 2629 7313 3552 9757 3188 8431 6728 1718 8475 5182 8558 8330 801 9944 4693 6190 6949 8236 605 8584 2145 7844 9608 6168 7146 6060 4015 5780 8452 5061 9414 7368 1649 5398 2067 9056 7873 7622 9444 321 3401 2026 3868 3304 2362 6522 9300 2245 2582 2630 1233 1040 4545 9604 9725 8925 3484 6677 5553 4285 4596 3431 9482 6585 1383 8294 4677 6434 7115 5161 2224 3763 9420 8141 9785 4137 7999 4425 3373 3186 5468 5286 2259 9168 1320 5197 6993 3647 9015 9079 563 305 6198 7672 2666 1876 8033 1030 7115 5202 
5 3000 3676 143 2366 4420 5857 6682 5165 2266 3599 871 7334 9513 8058 7484 5667 2529 1484 9964 4957 8956 9316 2671 4153 1526 5394 1252 5634 9988 300 1135 7613 1170 2821 4157 9662 7163 4540 3302 1367 1625 7552 5576 4103 4223 5302 3004 5938 3182 6550 1748 9660 5976 2462 9358 3930 8133 6825 136 7557 170 9385 8639 6903 2649 2312 1296 6409 9365 9794 6156 2247 8652 746 757 9098 2814 4652 8124 55 5689 532 891 9649 8330 9030 3543 2 2812 7628 2793 105 4169 8988 6071 8218 449 2414 8152 7401 901 
6 3000 8445 5898 4163 2280 6569 1130 240 3284 6059 1624 7501 7110 9944 233 5968 2141 2096 2131 4976 749 7443 188 7447 6234 5312 8460 7290 7881 5890 3817 9933 4142 9820 5683 5972 3946 910 3913 7950 6131 1974 4784 257 7006 3800 5117 2162 6031 7237 4527 3960 9628 8408 5788 6254 3113 7056 3335 2352 756 8004 9881 3800 3962 5745 1165 9032 7585 2158 8823 5146 4353 7349 1382 2807 7436 3613 3385 4276 1124 2527 2634 4561 9636 5162 5561 5694 4054 5424 726 4135 7383 6520 438 1297 7735 546 499 7201 9632 
7 3000 1202 8076 7249 3449 9634 7698 2132 2963 3397 5379 855 1043 8544 857 6886 3457 4843 7973 7439 804 4115 3162 5873 8574 1701 2079 7219 5332 1048 4337 6835 9024 1430 6388 2178 1416 8782 2512 7716 646 9666 3939 2944 1912 8364 6100 3543 6278 7090 3990 5659 7612 9331 5673 3298 7639 6310 3895 8861 9127 6579 5836 6792 7196 8731 978 355 8752 7242 7102 1540 45 1433 4409 4087 2352 7563 7767 9640 5785 4042 7081 7022 1227 9773 5787 4642 388 5612 7479 6018 3993 8965 648 8429 8083 1494 1561 4698 8456 
8 3000 9966 5247 8087 3222 211 4630 330 3487 4216 7764 2783 2161 338 3210 700 895 6642 3534 638 5133 7371 6922 984 7303 2531 6929 5605 8121 607 354 627 6026 4405 3228 4340 4737 15 4943 218 8941 8901 493 3080 8094 3115 846 8361 8365 3640 1443 4518 2683 1849 8816 8554 8930 4103 5333 4675 6245 9459 2074 6063 9459 511 9823 9780 1650 7359 8191 4795 4835 4693 2859 3139 8769 2014 955 4176 7885 6967 4544 2014 6350 1811 2253 6025 1248 3009 9014 4499 3892 3938 3939 1425 9253 735 6312 6390 3523 
9 3000 1255 9715 7607 9794 7169 4268 8066 1871 9172 7004 4816 6203 5325 366 1360 1943 2521 8824 3189 9129 1074 3626 6433 4996 2434 5664 9634 8407 27 6474 8654 2415 3218 7357 4698 4940 4405 6622 5470 7586 9228 4960 9448 2568 9914 8938 3286 7773 1741 2622 2343 9946 2624 7323 4334 5993 5835 9466 6108 2419 5839 6588 3552 2886 7262 1459 4614 3896 6976 4326 5458 8599 9321 3288 9745 8726 4437 2789 1027 4652 9736 238 8281 3572 4486 760 4560 5818 7530 63 8769 9287 8123 5434 568 1999 9899 4862 8398 2786 
10 3000 7959 4285 638 96 9089 2957 9875 8927 5094 6949 313 5889 9269 765 8298 2381 5985 7092 5969 5908 3406 4671 8036 9508 9328 4290 1683 9313 144 2909 9597 232 2931 5903 6115 9762 671 7434 6508 9919 586 8947 9379 7294 5604 5793 2190 1245 8948 1972 9918 198 1854 3007 6829 6081 4408 6937 1381 6888 9510 3442 4255 7358 9967 1084 9499 7784 8707 2683 8815 948 2115 8812 8955 7180 6504 9414 2250 7538 7701 3555 264 5122 3762 7287 567 4504 812 9653 6644 9286 2011 6801 916 7786 9644 4232 897 6846 
11 3000 333 7174 8465 3764 3382 9074 2275 6355 2234 8222 3275 1132 9070 2495 3364 9618 2517 2230 7172 2775 8491 1218 6954 3566 4161 5829 627 7640 5037 2252 2915 2134 5190 1872 9629 2614 587 4762 5071 8131 5557 1306 2558 4401 2382 1946 8077 5120 4010 5050 7062 1392 9898 2911 4294 9290 4973 5868 6932 5542 1723 4548 661 1334 5416 244 8976 4247 2433 3405 5575 8318 1737 260 9895 2218 9462 7563 5759 5564 6629 5466 3157 3352 9983 8512 3146 8518 5961 4759 5875 2616 7779 3025 1744 4630 5650 8257 5675 7911 
12 3000 120 5032 4520 5227 8537 9174 7580 1955 4637 7500 269 7385 1262 5693 879 4155 6197 4299 492 5810 1138 2844 6002 2484 3779 2085 6269 4710 3029 4378 1398 5352 7349 2174 5138 9668 6220 4641 410 3485 4732 2411 7962 9519 1297 449 8146 1798 8492 9052 5815 8228 7019 2966 8357 1271 2802 8635 6845 6758 7193 9574 314 821 322 9858 3161 4951 7552 5752 5678 9183 9075 5450 7698 3402 2625 6951 5378 6779 9318 4050 1097 5330 2617 465 6486 7598 421 2078 8580 8459 281 7310 9093 1064 7740 5615 6823 6888 
13 3000 7795 4100 3179 3920 9491 2273 833 2969 3633 4915 5495 2097 3627 3073 821 9179 9446 3184 6434 2588 4715 4319 9079 0 6931 3556 6904 5330 803 9473 6855 3789 4712 3775 5209 5071 306 1032 1224 4655 5210 6558 3918 3248 8871 2399 1969 4335 1519 1464 6744 9866 6258 9761 8452 4066 4282 6776 5418 5367 3214 3963 6490 6465 8569 1370 6562 2507 8346 2383 5229 7397 745 6596 8566 8232 4999 809 4024 7858 5350 8147 8463 5554 8128 5309 9305 5843 1973 7937 8805 5422 1173 4113 1460 8225 2128 5977 4533 8602 
14 3000 2939 9480 1706 2630 6126 2248 9859 7546 4464 9581 8967 9308 9952 8576 5136 8275 5899 368 6745 3015 2142 508 3734 2245 3382 7452 9998 4881 653 9188 8917 8229 5909 7977 2012 4288 9742 3229 717 4189 2216 2495 1282 747 6840 591 2806 9151 7650 6842 8381 5769 9427 454 9376 5082 1041 4010 2835 4743 1907 5093 2010 8761 1583 6028 5 8809 2482 1756 6560 3658 5708 5830 7951 6735 27 4535 19 1807 3955 9134 4319 6790 969 6242 7400 5682 7852 6317 3206 8621 6155 286 8605 71 6788 4288 2041 5127 
15 3000 7734 2547 5308 3951 4889 8365 8457 4332 6027 3249 7821 2365 7890 4150 7167 1264 6404 8839 1976 8293 16 9401 6841 9827 6160 3857 5999 4532 849 5911 6978 4678 1387 2817 7380 5567 2211 1380 4780 3099 3853 2075 9755 9448 5033 1293 2033 6876 7872 1711 9775 9663 6234 791 1974 4170 7185 7399 3985 7018 5592 6551 6174 1397 1830 2284 5697 1504 2625 8654 1405 5096 5019 8856 1867 4179 3459 2468 6523 3811 12 827 9966 9041 7707 518 9337 9962 6995 5003 4859 4900 5345 4362 3486 1720 9952 3164 5679 7259 
16 3000 3583 6466 5314 4885 3539 3932 2702 181 3744 2079 746 4756 9962 4651 4219 8173 8137 1110 2162 8012 5853 3262 3416 8053 6932 9999 5271 4583 9140 175 5246 831 5035 3595 5988 9525 5926 146 3304 3578 8964 7031 7308 4896 7361 4152 6703 1309 3724 7597 6181 1632 6523 1266 6950 8850 9680 6617 387 1421 5284 532 4817 2717 9433 1322 5411 8577 1194 2839 7219 2992 4697 6728 1318 1916 4348 2796 4090 5196 3171 7508 9628 6632 4268 609 5257 2162 5415 9868 192 6170 6773 3954 7312 5916 1728 3424 8064 4102 
17 3000 857 9853 491 9547 9017 3073 382 6002 5561 6549 5549 9082 7677 872 3234 1322 6852 5380 631 5364 8464 7909 8542 5264 4495 2656 8151 5926 9371 6182 931 660 8928 1530 1666 6865 2501 472 4608 9840 8139 3879 2749 4715 945 218 232 6513 4539 2174 7868 8329 5653 1392 1795 7641 1839 1356 5255 745 2313 8375 3493 5311 1921 712 1788 1069 8225 5829 6603 8614 1720 5753 9862 6344 9174 577 6354 5516 92 80 4262 3429 6307 3473 8809 4735 4693 7269 9043 871 3006 1281 7734 7618 8851 2741 4403 783 
18 3000 1766 8547 1475 11 8444 5636 3555 716 1068 9476 9833 4140 8776 691 9608 5537 2253 9805 941 482 1446 114 2435 9302 6400 8681 8135 9638 1229 5458 5554 7129 1199 532 6831 4216 2949 9497 3001 7080 7826 6946 1402 698 8353 8099 6201 2027 7817 8544 2048 1317 2987 2107 851 1535 9948 6853 1678 5935 3071 9205 3788 3731 7101 6187 2779 3915 2373 5801 9867 7183 3150 5516 4291 5998 9087 8896 8837 2772 9826 342 8489 6176 2704 7964 2211 5570 3599 4578 7848 3567 889 6824 149 6712 2548 2418 1926 4293 
19 3000 6356 5515 8325 5274 3241 215 4235 3352 3743 2173 4809 145 7605 8355 9119 6494 6487 4903 6935 1904 9805 3133 8624 2096 3698 3657 8182 4695 3116 8627 9379 3036 7036 2107 5045 8100 6800 8572 9466 8571 7583 9522 3913 9018 2981 8237 5297 6208 2723 2640 7942 3535 3517 6299 8491 3582 3011 7545 3931 8802 6881 6720 2746 329 9051 1544 9196 4910 5029 616 715 9964 8372 5035 8444 6765 279 8142 880 1752 2302 3392 654 5961 2187 355 4431 2585 2841 8831 5942 2657 4419 1100 2135 8858 9540 2291 2447 7452 
20 3000 1628 8878 1215 8343 6373 5304 3197 3259 6327 8724 2226 2062 8612 1876 2988 7180 5766 4080 5925 6167 9703 356 5261 2383 8807 8672 152 3809 8143 5315 8970 9973 2799 8386 6700 7017 4350 9420 5467 873 449 3138 8192 8574 7542 5308 5367 7691 6704 8753 4957 3887 2611 7462 5430 6603 5621 8841 1905 2866 6997 4085 5434 9223 7242 6669 5400 1798 7566 8976 5048 4479 4473 7037 135 5223 7480 3406 709 491 9954 8154 6009 7806 3077 7990 2496 6440 2937 3511 5002 6216 742 4565 1009 4448 6160 3757 8049 996 
21 3000 3785 8063 4235 1452 2724 8577 1913 8445 9315 8386 4434 1078 2965 8562 6063 2485 5115 2284 5004 5516 1330 7085 9550 6543 6515 5224 7364 7397 3253 2180 7879 5422 3271 3273 7824 1664 2029 8412 9883 7175 6437 4965 4462 7451 5690 8756 4602 4985 5240 3183 3998 9956 3878 6469 8157 9035 3956 7028 8671 2318 4723 6965 622 8385 8788 3697 3110 7487 1714 9696 2902 2849 4732 360 1214 107 579 16 3608 4865 2464 6031 3024 8382 6156 1066 5929 1375 5204 3443 1598 5959 9270 5644 4511 5698 5598 928 9886 3796 
22 3000 3605 8082 2329 9403 2591 4288 7609 2044 2584 6120 7563 4187 8302 8668 8125 1917 6241 2780 475 3751 4897 437 5315 7567 8096 8244 278 5669 1467 9058 449 7963 2028 1726 2020 3271 902 8965 9067 8762 9156 3349 3451 7511 6767 1437 7848 4184 4709 6017 1901 8846 173 6476 1493 8892 4901 7296 1156 9110 6657 4677 9593 9861 3809 1282 8333 3390 3054 9108 3507 8256 246 481 752 1897 4373 7180 3237 1307 4636 7681 2815 1847 671 2527 4302 4181 5888 7828 2877 9332 3932 6879 4613 1864 8275 9904 126 1195 
23 3000 4934 1934 1351 1027 8305 8796 1451 6906 133 1238 7837 1908 1597 7175 8325 440 8531 2057 411 183 9757 7371 3674 2144 8556 7254 5304 8844 7252 3246 8755 621 4933 7160 5518 71 8285 2073 29 4599 5561 1453 7693 7110 3670 6404 6038 4809 8390 1033 8990 6144 7710 5952 4278 5858 8292 9894 3961 8174 5065 9463 8078 8105 3937 7002 1427 887 7636 6591 3468 9537 4672 8167 1350 536 1431 9772 6061 7641 7388 7921 1709 3814 3447 6102 7923 1283 3405 1392 5379 9727 8542 9209 4453 2581 5338 6178 6999 1472 
24 3000 6309 1130 1252 8778 3977 4222 9852 8310 7955 4184 1002 4121 5163 3689 2739 7440 3170 2850 341 1732 6657 839 6852 5877 7007 5638 6737 5486 5022 1904 2654 2326 6757 6969 5361 1885 2492 4959 6745 9054 8819 9044 5968 1934 3853 1803 8748 3770 5580 3724 9764 3013 3313 9827 8177 1497 2289 4405 6287 754 1378 3897 1311 6445 3929 7887 280 918 1730 8221 8074 3892 2098 6256 8567 1266 8098 8229 8908 2053 1878 8756 6924 3437 1136 2448 1646 3959 8711 3663 6961 4822 5296 4374 8390 9328 5278 163 2990 437 
25 3000 5704 4348 2383 6446 8370 224 8906 4803 5036 1435 4887 4036 5765 472 5055 3816 390 5293 2056 3136 3101 4068 5117 6624 164 8051 1812 8974 754 2578 2974 7503 929 6184 718 2841 711 7853 9592 7730 4306 2388 857 3968 3443 3904 9888 7459 3838 7454 6702 1403 4786 8773 9611 7597 1870 2146 1996 5879 2809 6409 2214 1677 6417 9069 6623 1697 4695 8548 5733 7733 8046 4554 3486 8596 3612 6580 9656 178 6745 524 5378 3630 5590 3432 1801 1676 8804 6374 1862 3042 6394 5437 5193 5018 3683 846 6144 4140 
26 3000 8401 4211 4937 4997 895 3900 1944 7169 7475 8530 5091 282 6874 8593 379 7193 9840 6201 5545 5297 1853 2954 6831 5962 8959 5941 8893 2088 6740 1856 7824 3791 2403 9249 7310 2208 9992 8893 7903 1435 8731 2282 9426 8583 4488 8254 6501 1963 4363 7733 7199 7394 4407 6602 4821 2635 456 6699 2796 9947 2102 4941 2710 6774 9778 564 5460 4551 4975 499 5530 5641 3582 2867 8393 8391 2351 8599 1037 315 8485 1183 5622 9404 2354 4534 6254 3561 3337 8992 8885 8156 8783 5443 4346 1711 6102 7562 4496 9712 
27 3000 7984 2186 1497 6536 730 7813 224 5516 5727 1219 3784 7120 4031 2204 2171 5262 4083 6467 4048 1737 2552 6599 1642 8775 8296 1204 8777 9727 9452 2146 2023 7876 3656 9920 4974 3368 1375 7150 5653 8268 2380 206 7035 9752 5328 8952 703 1404 483 4619 3624 2661 5553 5799 8050 6364 4654 2565 4548 4444 403 8721 8149 1730 9130 2169 7630 7884 9219 3407 7911 7460 2573 2152 5586 8084 9202 2080 7576 6766 4942 3706 2902 4332 2290 5370 7591 7985 4372 2368 2703 1984 2032 4191 5483 6457 4046 9898 3635 4333 
28 3000 463 1613 2731 6400 9070 6148 6733 4489 4980 4743 1647 2782 3349 944 2302 7247 5216 6593 2248 3197 6464 5956 6789 972 9915 7960 9130 9745 542 6574 9659 9464 3808 9298 8345 900 7134 3787 268 3840 4487 2595 4273 3388 4093 6051 4743 4405 9280 3247 6503 4062 2442 1169 2849 2529 2128 1934 6699 1779 3256 8165 4872 2523 455 6491 5485 9270 4530 9160 8489 3510 2050 3791 9313 5020 8062 1243 5645 1303 1935 1611 7338 5140 6321 8350 9429 280 9247 515 8298 5244 9327 3138 944 5259 4105 5721 7385 2321 
29 3000 1521 8859 6189 3372 4494 8984 3122 6614 8645 1237 2929 5939 3131 465 4236 3491 4614 340 7573 347 4348 609 6533 5325 8393 2458 2045 1921 960 2018 9777 3363 870 1976 664 5799 1146 1329 4559 9604 1730 3250 7015 8812 5320 1087 9179 8677 6336 2482 826 1353 3008 1619 6512 9709 2595 9594 4845 9255 9721 2910 892 8206 7841 103 1708 5665 3833 6481 4982 7927 5707 6999 821 2920 3453 7257 6649 2757 2998 2617 5234 4422 3302 5450 5842 8580 6569 510 8513 6511 1588 8428 1464 5163 199 7331 1616 342 
30 3000 6879 2593 8247 8019 1464 4701 9769 3761 4981 5255 3630 291 8616 1086 9342 3175 5808 6507 4631 4625 7456 3676 4720 5435 264 1100 4724 5041 8206 253 5183 9703 7113 320 712 8814 2389 1072 1778 9332 9854 3859 9603 8342 9703 733 4193 3738 3600 1693 5487 3029 4892 56 7636 277 1949 5956 6406 1154 4626 7959 9705 6122 3858 2816 1235 1748 4372 3329 7268 132 525 4348 6552 6469 5273 6897 3334 4731 2256 412 3516 1477 1018 3119 3930 7785 5344 525 4741 9310 4723 2042 4976 4471 8943 5735 1172 756 
31 3000 5801 1188 9159 9158 1945 503 8957 6732 6839 7422 2809 7279 9851 4570 6326 155 472 8830 2773 7205 1651 4836 463 7821 6261 6594 3291 2124 6693 7233 4382 2275 7564 6868 2871 1910 1564 8603 3803 3693 8414 2649 1162 5004 6962 8571 4025 1749 392 5657 5833 287 4570 1418 6803 7496 9503 8207 9444 8953 3934 7962 7221 5240 3051 5084 6323 6384 9334 7426 570 4411 6514 5420 9440 4030 6664 9318 9219 1444 418 4566 7283 1279 303 5302 9493 1648 7213 5971 732 7331 9992 1078 8548 1086 8150 3053 9936 3080 
32 3000 7706 8253 1242 8448 151 1076 1186 2980 4535 6216 7017 6925 2687 9025 3790 6928 7552 4016 6768 6085 4655 1480 6948 2133 6693 2234 9719 3749 1249 493 6630 4994 1631 4861 301 7864 838 7460 2446 2976 8649 1169 5026 8379 1839 4999 4525 6482 7517 7589 9357 9120 9592 8824 388 730 8365 9586 4592 9665 3238 9619 1825 7626 8561 3532 4730 7219 2591 4913 1765 7642 9584 8582 3353 8490 5012 957 1159 1690 3899 8551 495 1561 2288 4597 5847 2995 1832 3786 9524 7768 7505 5149 3440 8972 8446 3043 4011 3574 
33 3000 1921 6277 187 3101 415 5359 4605 2445 1845 7864 7860 6800 2900 1932 5914 6720 5507 7888 619 1303 6421 7991 3374 9495 9939 4300 1895 9532 3738 4674 125 6490 7844 6894 1258 7975 6719 904 3890 7928 4476 9187 1299 8559 3220 5259 3846 408 4512 291 4500 525 3958 7853 7497 8781 8927 6787 110 2303 9387 2205 7557 8027 1872 4605 1023 3389 6571 7122 8816 5126 7545 894 646 6216 6061 8563 5023 934 7067 5896 9784 8035 8770 1527 5752 2062 5360 4829 3506 2783 2846 1915 3287 2746 8020 9753 8025 2964 
34 3000 549 8416 9490 6723 8189 1450 7571 1519 5125 4374 2677 9110 3436 1297 1267 3706 7682 9667 4497 8273 2626 3142 2 8971 4065 2583 6800 7707 2800 5179 3311 2824 1727 1691 8519 7907 6048 1823 6243 8716 6612 7719 2543 8246 6382 5584 6242 9911 21 5429 2587 8850 6613 8943 19 1363 5495 5489 76 2470 5228 6226 425 1592 5683 6352 1011 6361 3260 5480 3333 4554 9223 6130 2850 4152 1169 350 4506 1523 7613 4465 1382 7728 5710 1948 6475 2959 2088 4411 7598 9097 6815 733 5412 391 493 4303 4573 2271 
35 3000 4464 8387 8011 8282 4160 9634 4333 5140 5560 9685 8353 5915 4784 4931 4738 1343 806 4374 4791 9257 1294 5629 6350 2148 1577 9045 6818 2844 6732 9947 9312 8324 6799 9012 1945 1649 5124 761 224 2019 9820 183 2578 2960 8360 7480 9013 8630 5289 938 2887 8254 3065 7923 5813 8683 6026 4002 5686 5074 7476 190 7837 9705 9903 8320 9308 8901 8316 4541 6254 8100 6712 935 4476 5031 7668 5267 3064 1025 5048 8857 1182 449 9853 2571 7969 8263 9177 946 5562 5704 8303 4435 5254 4098 5915 9779 6767 6787 
36 3000 2437 8502 657 9194 1500 3532 3841 7001 4533 3947 8248 2463 8472 7848 2598 8839 6608 3353 7301 2948 2543 7719 2491 5858 7288 4587 9170 1690 9473 9356 3493 4556 8688 2675 4165 3611 1947 2066 2970 6244 3282 1673 8424 9381 6450 127 2553 8922 781 6548 792 7299 137 4663 5018 9158 5007 5051 9694 5167 7717 5517 1157 3954 770 9587 10 2162 8318 3130 6656 2631 740 9100 9948 713 2369 412 8967 8698 2323 936 7924 8377 8474 4619 4187 1727 4537 2730 9433 9714 284 9229 3927 9231 4886 4270 3924 8157 
37 3000 3374 5814 2195 8538 6235 9382 1678 7895 2119 5918 2261 8663 3687 7796 680 5743 6567 2930 3544 2188 1453 7028 3494 3015 9314 3959 8475 7134 9735 4252 4141 7407 2382 1712 9381 8835 1592 8173 4971 4863 4089 6364 5355 1816 9822 907 3541 1455 5930 7437 9133 1665 3833 9851 9484 5258 9446 5674 3969 6911 6519 9561 1392 8223 3103 4914 509 897 1138 3628 3685 8052 9167 3965 3668 3654 8180 6548 3490 76 576 8482 9500 3780 2251 5602 7511 9127 7817 2841 2080 311 8939 2729 8910 1414 5802 2012 375 4596 
38 3000 1698 6401 4178 6398 741 3438 5119 2177 8713 3499 10 8666 7019 8907 5689 4657 9784 1185 183 9809 4067 6426 6978 1581 3197 8783 2427 292 3243 2099 6274 2306 2598 9646 5305 1336 4701 2001 131 7881 3871 3038 5083 6785 4273 4053 1245 2918 2009 6006 2606 4987 334 9895 5332 7469 7993 5253 176 668 688 6765 7999 8900 5666 9018 8426 6802 9436 9370 1621 3766 8606 8947 3191 6494 3851 1763 2214 9687 7001 1968 2388 4849 1257 9217 6313 7224 4529 2169 2890 850 5903 104 7847 1750 5227 2671 7397 9231 
39 3000 5832 7762 5010 5328 368 7502 1317 2353 9767 2377 7139 8587 5337 3475 9637 2080 3975 2858 1591 2593 6506 2059 3800 1651 9149 8705 612 729 8107 1259 8576 7560 7281 1893 8218 566 9109 7485 8944 1424 8535 8739 7067 5740 93 7432 6961 1865 8126 1784 5335 7825 125 9954 8639 6381 3192 1662 3589 8212 3633 7936 820 3222 9669 8981 1665 9979 7281 174 8053 3265 9169 6190 5542 9770 6845 3244 9465 1889 5849 9462 4215 9668 4087 3382 5639 850 3295 567 6572 9070 3630 8358 5487 155 1387 8741 8271 6563 
40 3000 9834 9348 3128 9939 3181 2571 8608 1799 3669 2813 4759 2339 1783 1860 7401 7369 9593 2372 5533 3369 7221 9510 1858 677 2425 677 6434 4793 3321 3392 3455 5818 4219 1287 1150 6006 4587 8224 4811 5452 1142 546 2948 5900 3066 7444 6563 2676 345 9455 1554 4748 5234 5084 4240 2905 6844 5549 19 6073 8862 7650 5138 5741 388 4770 1602 8525 9898 5992 5196 6850 2339 3345 6642 7757 9337 7180 5872 9839 2544 9659 9433 8298 98 6381 1014 8129 6213 6127 5098 5429 3898 8732 3739 6830 792 1077 6466 7058 
41 3000 8130 1215 3308 4617 2836 616 947 5596 2735 4536 1996 5604 4891 513 7403 9829 7076 4992 1974 1221 2359 8066 3030 6797 6817 6353 2179 2084 381 3986 226 3666 796 1737 5191 9876 711 4263 3470 9603 7898 5478 4107 9221 8586 2047 6197 7653 3932 5009 9416 9553 9607 9521 7671 6613 8509 2732 5878 6999 6608 9777 9862 2908 1909 7897 9391 6250 6539 8689 4319 2462 1965 8473 3873 2436 7332 6790 9047 2579 931 3024 8135 3000 4783 1145 5380 3813 2361 2585 2754 9576 9424 7229 4858 1845 7983 2539 6952 9863 
42 3000 3396 800 6102 9360 4574 4488 5465 9498 7329 9771 1685 7918 834 8128 5425 3933 7215 6093 5014 9831 4263 3129 3229 311 1278 7622 7197 39 8032 1005 1419 9336 6858 9999 3925 7983 7865 6990 5552 7155 7279 8521 2344 9481 8907 1914 1081 7227 8727 19 7929 8604 2603 4081 222 2202 7124 4735 1360 9549 3570 1135 8837 5793 5002 8191 5397 8515 6476 1945 3306 4655 8383 3067 1757 5578 2913 8474 7398 254 3647 1078 7984 6566 8269 7656 9153 748 4411 4847 4330 4935 8610 3272 7752 2858 8404 9780 625 3642 
43 3000 7546 7820 394 3746 4342 5939 3155 7020 3115 4399 9171 2887 8800 9924 1536 2655 4652 8573 7942 3946 3091 6738 5589 3260 9665 257 9208 6653 140 1670 2215 8550 713 5583 989 8676 1356 2167 2271 7116 2277 8780 3696 7499 3512 9710 7442 8304 7638 4048 7009 2295 5615 1686 7120 4082 5750 7433 6750 5801 5786 3266 5276 924 8116 8700 1758 6193 8128 9280 7337 1679 5663 3210 766 8964 9610 6092 7060 7449 5618 3798 9274 8793 6935 3471 3405 9463 8378 2641 6423 1425 3418 6472 7415 950 4394 3137 1873 5546 
44 3000 5859 7308 9087 9018 1037 1781 2678 4654 1420 7223 4247 6527 9478 39 156 8937 4501 8372 1427 3963 1563 6222 6771 7149 3612 5692 8740 1314 6685 7361 3003 8482 8249 8778 752 9945 8662 1084 4225 4442 5768 3759 5361 4473 2610 7489 7576 726 8265 5170 668 4643 1819 1020 8841 9095 9445 7831 1857 7200 4628 2340 9318 9249 1499 8722 8064 7768 1301 212 2702 702 1981 8852 9258 2722 900 3364 1954 4659 678 5142 3111 1063 8158 2375 6176 5887 6493 2293 1874 6295 362 1541 7488 4595 4312 4667 9257 8300 
45 3000 4220 755 7906 8306 1883 8158 7297 5209 2737 7381 6209 3731 6691 2068 3237 5284 2096 8129 4821 8647 2832 982 6399 8784 8526 928 6684 3769 7888 6644 5063 9850 5180 6806 2130 4628 9802 9831 3335 8371 9011 1757 5762 3443 3755 2228 8030 1866 7645 8624 3322 999 9038 8303 5540 7353 6257 8971 8574 8519 5928 7182 8713 3229 4446 4956 170 9541 2564 4525 3729 1143 3110 1208 8532 1792 1822 4401 6971 7870 1319 6702 2724 9065 8187 1159 1902 7187 3195 6635 7329 3092 4634 1310 5941 1748 4782 4297 9320 5417 
46 3000 9495 5395 7337 4960 922 2952 4939 9276 3342 9866 2044 2856 2132 7705 6571 1469 5856 8955 595 5971 1479 7387 9618 4236 2706 6557 4979 1217 1451 6422 9375 7129 2421 8094 5516 3758 836 6704 7903 8893 3267 2402 7730 8886 1598 9475 909 9334 121 3596 9225 3892 5746 7195 4613 1200 1346 2952 6559 9947 2216 5422 2631 2052 5668 777 2124 3973 3742 4683 2845 6141 9047 8289 1012 518 3730 2352 4281 6283 1557 9486 7899 3634 3137 4524 3981 5732 4255 3025 3914 8748 7343 7888 3881 57 6062 4099 3517 4540 
47 3000 3027 1605 7684 9018 635 6306 1373 4815 5041 9180 7734 8438 3241 3528 9226 384 3288 342 1895 2079 7634 1806 2776 931 9593 2913 422 3518 2931 1213 8554 6894 4580 4686 2839 8023 481 7732 794 1337 4547 5300 4812 4423 750 5127 8312 1827 8340 8115 5023 6990 185 6823 1378 2307 4232 2088 2048 7308 8098 7774 8592 4971 6790 3643 1232 6152 3537 6347 3759 2144 3759 8553 1559 5361 2158 6189 2766 8148 2931 3811 2535 9713 3108 8105 451 1185 9022 9505 1054 8800 5892 1937 7488 5208 546 694 8281 8905 
48 3000 7253 8430 7250 1796 6692 9282 6522 4875 8044 1116 2693 2033 4199 5896 6101 1995 105 8183 3230 8377 4227 1756 2235 7867 3138 4354 1599 6538 9236 554 1907 4279 1581 2760 748 7355 9860 328 745 9088 1482 6813 703 8668 1783 5336 9892 8086 7377 2085 5444 7193 2611 7932 2885 6882 9162 8182 9784 398 8749 441 2530 2773 8971 616 6237 8381 2277 7033 7772 6623 8048 2684 1902 5737 7822 5599 577 4732 3624 7341 5328 3443 9437 9626 2801 717 5791 9074 3399 724 7473 72 3069 7384 4376 5779 8200 6934 
49 3000 5455 7239 3649 8603 5820 635 3897 3428 6955 2652 7325 1183 49 3980 3614 5438 2470 930 4276 6747 7350 5184 6302 3950 6298 1663 8945 3611 5246 4526 3617 7574 3408 1288 6920 8651 5373 5068 6797 4424 6319 4961 1808 9185 352 4531 3534 3990 1973 8434 2105 4845 666 7167 4850 9013 8612 9931 8077 9451 1533 5638 1972 7364 2651 2021 8632 2890 9784 2889 3208 3912 5554 3493 8195 2987 735 4023 821 2407 710 1231 3584 7382 5065 8176 7901 7348 304 2093 885 5403 5687 393 5248 5862 2197 4780 2327 9944 
50 3000 4628 3501 8239 9578 6799 1714 3155 9338 9898 9986 3706 6501 3943 913 8507 9232 2373 3867 6812 2890 9761 7866 290 4464 2660 2572 7926 5130 3559 7408 4052 935 7981 8809 9495 1606 4692 5593 5859 7485 9044 2450 2923 4583 9438 1572 9170 7769 6916 2394 5441 2076 7874 9467 1711 2133 9903 8452 6990 9728 752 245 2351 9486 421 3218 7086 2683 6372 3594 7977 9175 1872 3942 1703 7462 7457 9798 367 2865 5521 4410 145 3840 8031 1611 3068 6408 7367 6815 1920 6716 289 6134 8270 1720 5022 3631 3617 7993 
51 3000 1477 6686 3678 8659 4585 9494 5780 8450 765 4685 9393 6894 7513 3071 9782 9618 6119 1517 4781 7786 7503 8938 4701 5656 1183 416 5352 6261 7362 9453 4198 5223 2146 8335 9633 2682 5883 6634 3385 3357 4624 7823 6043 4728 4719 4030 5708 3346 529 8901 9770 9267 5263 8601 9814 8607 4949 934 9644 4231 5516 2588 6434 4558 3019 4508 5011 494 6967 5391 5252 493 6799 3306 2612 3740 1466 5442 1781 1459 2148 5980 3455 6347 8098 2084 4242 131 5599 8028 9689 9254 61 7440 434 8683 1232 3671 1483 3842 
52 3000 1540 8294 4612 669 7553 7723 3896 3804 4578 7961 4359 2893 4366 7470 3756 7025 5958 8165 7467 7287 9648 4542 6534 7453 4073 914 8805 2785 6426 6792 3217 6974 5801 373 7197 7196 9651 168 7188 7293 3383 4741 2300 9084 3071 588 1092 1799 1296 8125 1472 9637 6110 5816 3722 7450 3127 2414 6654 4548 739 7337 6885 6639 8452 9158 1241 5884 8355 2232 2283 9079 9706 1437 6960 3966 6651 5051 8384 3667 9061 5742 739 9241 6497 9692 7299 368 5301 3845 1589 4158 8809 1273 1656 2085 695 4677 7476 5044 
53 3000 1429 8006 1478 6536 7874 6203 2196 3976 5996 3076 1052 8127 6706 7296 2250 659 4824 6513 5810 9831 1170 9610 3717 4301 7776 7067 9201 5059 6230 9460 9134 5486 9137 4084 9566 9536 4713 9693 4368 8049 4494 9380 7015 3177 4181 1565 5488 953 7604 9120 299 1962 3810 6614 5646 163 7277 5685 3688 9810 1258 8536 1948 521 4243 9555 3843 453 9548 5062 2331 7620 8033 1180 6693 9316 3938 9830 2435 9681 3852 2854 4312 5384 8798 4261 2482 9428 9452 595 1787 3085 4482 9435 4150 5959 2010 6013 4103 4161 
54 3000 4207 7964 7443 6625 5003 8192 3007 9540 928 5869 7574 8906 5080 5559 3893 1220 4209 4456 1835 2282 8939 7763 2670 4134 7101 2185 6472 110 203 7549 2641 8030 3016 6552 3562 1500 6292 2632 1376 9349 2602 5963 7887 3188 5302 7574 7587 3092 621 1602 3810 1412 2877 5656 8005 4702 2817 9316 2147 3787 9083 755 4253 1936 2800 1483 7045 1180 5289 9219 9720 6740 8911 8889 2857 9587 1032 1743 6440 7125 1108 2604 1015 2002 904 5240 1963 9040 7832 5857 6907 298 1417 4722 6233 8251 2885 5908 6749 7101 
55 3000 7882 5169 8459 2212 2307 5928 4466 7663 1284 3407 3996 1940 1248 6867 8558 1737 5160 9984 1214 3895 846 9338 8985 5455 2466 1043 8376 1848 5098 5484 4033 3199 2460 197 514 8761 7740 858 7196 9478 7572 407 6300 8661 9117 6295 4046 805 282 5852 4927 8514 3061 9788 9113 7568 9995 3809 2977 100 3766 8365 2753 5908 9911 6523 1303 1887 2662 9960 8030 9592 3908 3086 1897 912 5290 5291 7587 1889 3410 1313 4772 4647 8177 9736 523 7447 4267 9611 4832 2879 5714 5204 9266 4164 3625 8861 8747 9588 
56 3000 7024 2012 6450 5065 6807 4286 1833 4815 2844 761 1788 176 4183 7333 4920 6540 2397 4212 8949 8404 8046 7543 1234 2560 268 9155 2431 9403 9491 4429 3266 2361 3276 8293 4439 5458 5283 9348 9651 8992 7355 2109 1756 3352 4738 7378 2040 942 4421 744 2621 6248 6596 9195 1979 4016 9254 5874 3604 5561 5896 2944 7779 3205 6371 2583 6479 2831 848 6113 1396 4568 6899 1238 5099 1601 9715 7417 5302 7102 5450 9362 2274 9291 7681 8660 9362 4618 7000 3515 6644 9073 3729 6622 7708 7617 3760 1162 9552 1745 
57 3000 7517 4925 5615 5165 2052 2553 1924 7609 6252 5914 6376 6767 9185 2596 1139 8342 1563 2529 8177 4241 330 2731 7907 8874 6379 180 970 3596 5393 2808 3142 9261 1804 8624 3351 6907 5891 2959 4839 6562 3988 3838 9433 4184 1828 5474 4949 6713 1007 9894 5720 5257 8571 6678 6250 6401 9736 836 7988 1640 3721 8801 9229 4939 2721 2553 8150 8416 3991 1860 8951 6146 5062 4654 1141 6104 2080 5527 1935 214 1277 2346 1786 2539 3550 1009 3032 5588 2186 8305 1679 4747 3697 2920 2298 840 1784 4552 6056 815 
58 3000 4429 1159 1867 6546 4111 4331 671 1772 1142 2782 2831 7155 135 3979 8669 3461 9592 3878 2110 2871 4620 4805 7465 8414 2771 1445 9330 1524 3005 4965 5615 7727 7782 5262 3696 447 8276 1333 9692 2938 2716 9770 869 8347 7847 1382 1164 7895 3524 5941 9841 7186 426 5052 3265 640 894 3154 9807 4052 2897 6632 7871 5276 7124 1073 7044 3035 7195 6630 2376 3849 3001 1520 1782 7100 7174 3649 6567 8215 4671 351 5083 9968 5492 6264 9499 1923 517 9327 5713 7984 476 4896 6369 2085 8033 7996 7018 1995 
59 3000 3005 3686 5391 1253 700 5561 3801 9226 3382 2370 4672 9293 4860 2762 9192 5154 8207 8157 9088 5261 6592 3743 1529 5381 7254 7599 7154 9276 8584 7935 1227 7514 347 8469 7907 4399 7014 1923 7659 3034 4233 1639 7774 8503 8418 1329 6027 9177 9459 2947 7450 6152 6570 2682 4237 803 7245 5081 8772 473 9355 5294 9777 2276 6358 9446 1595 5034 5644 3134 6589 9336 9992 8046 668 5718 2170 6707 1945 975 2639 5353 2506 2594 401 4923 3321 1312 6963 185 2266 1799 3420 6978 5277 1468 678 7584 625 7407 
60 3000 2790 4225 6323 1441 3422 683 650 3310 5442 2049 5803 1982 3633 2589 4676 5085 538 1745 763 6466 5421 8254 1183 1876 6355 2392 2833 2774 5444 6349 1666 8266 7155 2723 5093 5160 9787 1143 7513 6153 61 3010 8958 6134 831 4374 6880 6623 1932 6928 1045 8328 4133 7127 1566 1828 6239 3438 52 6381 5296 1708 3888 6858 9939 8660 3633 8805 6850 3516 3553 1620 352 7744 5269 9866 5122 2924 4538 2706 2032 6750 1150 1457 7113 7149 1961 5278 3645 4523 7043 4973 7373 2128 8961 4932 4844 4563 5173 3184 
61 3000 4876 4395 3564 9583 3143 6905 1092 2115 9894 2956 5569 1333 791 9992 559 2915 875 1159 3413 8348 1651 2549 6413 3737 1312 8575 1055 6736 8071 5462 5447 1610 6627 2872 4842 2417 7759 3648 5285 4315 1036 1686 393 3001 660 7932 1256 2261 4431 4500 9467 9663 5833 6922 3269 358 9254 4518 6840 9017 8320 8887 2688 9892 7367 538 7182 4993 6026 3627 9206 403 6936 8832 1931 708 6591 4349 7723 1557 9297 5014 6167 344 4267 9546 5219 5021 5835 5921 5486 1025 6794 4867 7627 6341 4861 1485 2879 4685 
62 3000 2270 4996 6711 6813 8483 6610 5603 9952 6033 5523 6942 5362 9484 3042 2058 4016 7529 4824 2369 412 8195 1253 8663 4506 7192 5931 3497 1767 9371 2305 6727 1367 3318 8410 4159 2482 9067 9737 9328 8732 8938 234 8396 737 1508 1427 8186 6800 8695 9662 7328 1717 5974 1479 540 3709 5717 7108 6030 9482 3662 2090 6021 7410 8496 7022 406 8844 4574 5429 3525 7546 7758 9760 4067 7244 4382 5510 8095 7321 3341 3463 5203 6621 1308 67 7789 5382 1070 5928 3459 5295 2997 2432 556 7689 9630 6488 6810 9836 
63 3000 3395 3405 1117 9390 7444 7882 8438 6941 9619 3133 7831 6701 9544 8132 3601 5310 8837 2984 9577 8773 4452 2420 6516 7518 5140 7421 2628 9576 1047 4961 7229 1893 6418 5879 7521 9765 5447 877 8490 4391 1234 4637 5937 8563 7880 8073 2630 469 5701 8696 7577 5630 9563 9114 8434 6960 355 3651 7031 2943 9571 3096 8020 3950 7031 7570 658 6667 1717 7526 3707 6653 5739 2865 3460 9030 1425 190 4897 7283 1536 8170 5957 202 2606 1038 4945 6932 1404 213 1060 166 4530 4047 8040 7444 1124 5694 948 594 
64 3000 8707 9107 6070 3289 2149 3159 3944 6725 5755 3889 5509 3439 8483 4873 1387 9235 2280 5722 4282 3246 3552 8698 4509 6115 7750 3469 8646 6309 7084 9968 1311 4546 1367 9401 63 6358 1977 3359 3433 2772 8946 1072 2074 9122 1179 4772 3037 1979 9789 3195 7177 4210 4563 3199 9675 8165 3556 9515 3697 6981 5801 2608 7166 4019 7149 4685 2668 421 9236 3809 474 793 1575 6144 4700 7018 6764 6333 2578 181 8831 5986 6862 637 4700 308 1352 6188 8776 2839 9549 8396 663 8332 6435 7012 6003 3741 3366 2538 
65 3000 441 7349 6110 6912 6717 6010 5993 2311 4875 523 4179 8089 5610 9125 9069 5836 6727 9115 6834 2558 2735 6598 5061 1989 7559 4356 9535 4022 381 7846 4141 2271 4606 9321 3887 9751 9949 74 1062 2688 7653 810 4510 2452 8826 142 2032 5618 5907 1213 5917 2147 7259 6443 1589 1696 4877 397 9389 8049 5234 781 9475 1680 3243 7568 9850 434 9347 240 7513 8333 9734 3159 2741 2517 9679 9065 6483 8294 5 694 895 2329 6675 531 2990 3952 3507 8671 1415 4589 8014 8824 6350 5325 367 2431 2543 2583 
66 3000 5487 913 5455 1934 8259 6038 541 32 1872 8423 5653 4673 9283 4150 6564 2976 7808 9514 5623 7693 6837 3896 3533 1642 8671 755 4249 267 2491 6752 3011 2321 1445 8996 7494 8674 2866 414 2082 9246 1606 3246 5276 8068 6506 672 218 6462 9986 6549 8345 4354 755 3289 6163 9704 9656 7853 5154 6067 8628 5873 4800 8273 2798 3894 8738 6240 5693 9752 4032 6907 7581 1064 3584 4287 6937 1852 1653 7660 5033 7287 2513 7872 3650 6566 2226 1775 5921 3898 3548 4784 294 7635 3955 1560 7622 7512 6794 4818 
67 3000 1379 21 5562 2262 999 1905 1309 1643 8340 1781 3163 3942 7277 9885 1984 4681 6412 5943 7141 3352 4917 5168 6413 980 1500 2380 9019 5806 6492 4254 1769 7092 7063 9687 8342 7060 5561 8299 1684 944 979 7053 9543 5182 3543 4996 3116 3716 2428 6139 8827 2432 6595 443 3231 1715 8762 2951 1039 7133 2485 1023 6272 8249 2383 9716 6541 5548 7468 5276 441 5503 7616 6758 8089 3753 3158 5775 4767 6415 7587 4369 7706 9515 3407 1003 5985 6550 1092 4688 3558 4166 1178 7225 5410 5973 9478 3576 6829 4475 
68 3000 5421 363 5813 1129 3517 2488 8594 4528 7947 7876 8293 6712 278 350 6697 7599 302 626 9157 7544 4 5434 2623 8026 646 4763 6790 451 2987 7233 8377 3089 622 3592 8531 6133 6444 8335 3354 4880 2237 9452 7553 1042 1390 6299 1219 2180 4734 5592 9730 9260 9512 5531 6778 2338 1465 8042 519 4368 49 9154 2854 3138 6772 7490 1829 1325 6662 891 7164 4681 2855 1160 8903 8342 4311 6934 9193 1258 6652 4681 7186 8757 6130 7819 7067 3223 6712 3966 9205 2909 301 306 4430 8869 71 7088 1439 16 
69 3000 6933 9248 7319 6306 9125 6152 1202 46 4929 9470 1039 5330 8508 9170 3508 5595 8870 7642 7036 9305 1963 1940 7955 3761 5884 4156 9776 7032 9222 9915 5593 8017 2522 4997 3614 4627 2876 83 5806 91 1635 3625 9676 7395 5253 2841 3178 1836 9248 2841 2730 1708 5294 3867 4377 7108 1435 6670 8060 6873 5424 5999 5024 3638 1192 2231 8343 7016 8431 1108 6572 4912 5316 1615 525 2950 4339 1972 3178 2040 1277 3757 2694 4053 7281 4153 8578 5636 4093 6315 953 142 2380 7871 2964 7690 3207 7540 6302 3348 
70 3000 2619 9880 9859 3444 9361 8157 1506 9994 5715 5342 2991 3267 1469 3233 7972 2465 1001 9700 3165 4531 3497 4058 2626 1085 6291 559 5146 3483 1331 18 4786 5996 4764 9554 4524 7123 9658 468 3037 9025 1835 4230 4599 5078 8840 6610 2109 5566 2029 9915 3247 1478 1785 3366 9747 6452 5857 1593 9801 6827 826 1255 3588 9831 6694 5785 1924 9885 4597 8265 8040 3039 7648 2417 2485 9534 4902 1730 1151 4479 8441 6700 6430 6663 3596 206 1486 5490 2280 1003 7663 6034 9458 5343 5005 2228 2734 6726 5917 8164 
71 3000 5066 3764 1934 7537 607 6181 3630 1195 3669 8935 3642 2827 815 4461 2821 2771 6069 3044 9515 9947 9262 1316 1963 1914 7490 8875 3832 3059 9710 3032 2860 898 4453 1683 2639 515 661 4302 7519 7122 1656 1066 627 6734 2226 101 5029 4988 8843 2847 8002 4071 3002 7564 8435 7778 7684 942 7362 4697 6949 7857 1610 9520 8648 9237 576 2473 263 8058 6132 6874 7875 3466 5652 4822 8250 3025 8161 1000 4056 3083 3617 4611 2203 7274 5310 9435 5306 3136 5392 2016 6277 6856 3525 7967 6038 6145 8663 6407 
72 3000 4363 1230 3953 2514 3840 3977 4760 8215 6963 5137 9824 992 6347 9717 5531 813 8065 477 3322 5197 8118 9548 215 2388 2020 8183 2462 2675 7514 4622 2321 7815 413 96 7963 8600 3565 2939 6498 535 8942 841 125 7649 2854 1217 5413 4428 4290 9701 5702 5873 6385 6771 6628 5687 1004 2491 4779 2578 6462 9386 9470 4697 8364 3436 7646 2195 3564 3195 1909 7906 7262 7042 1672 6157 3216 8549 7434 9701 7079 9976 8183 4776 2869 3896 1924 4285 2555 2936 9333 9113 8773 7654 529 7550 666 2529 4983 2858 
73 3000 2850 87 4539 8950 7501 3144 9572 4202 9572 5180 8262 3383 5134 8832 8997 7714 2836 2515 5899 3056 8500 5171 7481 6214 2834 9141 8419 9371 2272 1154 4457 2649 2937 1456 433 4791 7734 1052 1433 1969 6561 7078 7069 4719 9654 6296 8877 2999 4047 6719 848 9373 3164 7352 3082 318 9535 6065 8560 5660 632 5591 3051 6131 7839 7644 8135 9052 8536 5169 7363 2144 1321 2708 5524 5459 4342 4900 1055 1442 6767 3102 1566 3108 3375 132 2492 360 2264 3143 8871 4414 5698 4619 246 362 4069 1494 8692 7855 
74 3000 2986 2400 9968 9912 3491 3038 7796 9851 5398 9672 1263 6352 3761 754 5347 6636 8457 6665 4569 7776 6909 7591 9773 6131 9920 9517 8026 4904 641 8346 5646 9824 6658 2149 4356 2959 5209 1534 557 4643 1524 8141 7735 3541 290 1267 1986 4828 238 2606 670 6500 1860 9127 4185 3809 8251 4065 872 1817 9069 6043 5044 6082 7628 6321 8134 1470 1114 4163 2975 9082 3921 337 1202 1318 4119 8733 3779 5057 3042 6109 4653 2970 8005 9967 7527 2946 8140 4541 5768 5661 3366 4926 5431 252 6474 9319 1411 8131 
75 3000 8346 9393 6721 4917 6291 8789 4897 495 5512 9744 5520 7198 3698 7829 2874 6119 8732 4827 7719 1541 9539 9726 2195 3498 46 7838 7851 8457 6271 8049 6792 8128 6542 8189 5965 6396 4833 8526 4552 4382 7233 3391 4505 3623 1530 920 4193 7384 9931 926 5182 91 4900 898 2137 4887 8122 119 5848 9320 2595 1914 9386 9145 7841 4018 7376 267 8250 7078 8400 8789 4544 1267 527 9204 8365 1035 9965 701 9990 7978 2834 1594 9174 1837 74 1890 9110 9612 5469 3963 3522 2818 6801 1370 6882 2849 125 5777 
76 3000 7743 4474 7173 2027 5210 7463 5883 1316 8529 6330 4049 2504 9798 8203 6096 1549 9811 8821 2991 9067 7021 6659 5259 6011 9629 5167 9143 7486 803 3146 5881 4676 7012 3243 4104 4907 9495 8571 5367 9831 8848 7458 2801 1729 2743 6315 2889 7953 6763 632 368 3478 8369 4101 6261 1586 3992 5864 9020 2680 9244 5877 8814 1210 2260 8414 4924 739 161 3683 6273 7122 8649 7575 5079 9813 4714 9532 3631 1305 2481 8546 4190 4684 2170 7281 2020 9311 2187 4313 1539 4637 4343 4509 5595 2129 2186 7517 7867 5334 
77 3000 2474 4390 8398 8062 9757 2333 2242 690 4100 7570 1242 4603 1916 6345 8937 4745 9935 4039 8583 310 2290 2419 4309 3543 738 5008 5392 6679 7993 581 3665 7002 4195 4785 4035 24 6499 9888 8145 796 1790 2647 1144 3344 2520 307 1593 8223 5679 4718 4494 8204 4878 4587 7435 2083 5569 5842 9877 6610 3381 136 5550 6554 5590 1459 7980 2881 5701 894 9146 9067 1171 9480 1255 5526 4243 9211 1640 2177 5915 2160 797 9118 3026 7720 3526 5443 8473 7977 3219 6169 4552 1210 9254 7300 9421 3504 7527 9007 
78 3000 6689 8505 4104 6937 8133 5284 1995 1649 9537 4338 1061 6168 9657 1706 1037 1674 2310 1222 7689 1308 1590 4880 2088 2104 207 1333 3011 5052 953 2512 2472 3274 1289 8376 4375 8344 1065 9778 6285 4709 3353 9465 4337 2256 8419 1199 1260 6996 808 6999 7532 9864 9558 2518 5653 3664 1547 534 7552 8118 7949 2574 5110 3056 3828 8660 3816 9721 854 5176 9544 204 3142 873 8451 5003 6215 979 11 8706 9094 9454 3162 3797 9517 9357 5586 2596 2273 1343 6110 7311 672 283 235 8225 1131 12 8786 5 
79 3000 891 6198 9692 6134 8856 7340 2886 1469 9557 3889 8334 2927 246 5492 7186 8292 1104 6365 6055 3148 8586 8789 4417 5940 1887 4730 5142 1155 2525 5586 8141 632 7063 58 7149 2996 2944 147 9624 1214 7460 5271 9774 8283 9838 4517 4712 1034 6458 7008 3731 2068 9188 401 706 9816 6857 7507 9626 6718 9836 1037 3239 5536 7759 6475 4836 3787 360 3071 3147 6299 1438 2966 376 5897 5949 8433 3347 2209 218 7253 7783 8605 5280 6208 5710 7250 3346 2705 5983 2288 7390 4519 7938 1154 3868 7665 8171 4007 
80 3000 8553 2394 439 1284 5504 7316 8686 9391 9153 1644 3198 4503 9523 5566 9881 4507 562 8740 2660 9052 1617 6918 9006 7737 2013 6686 8595 6421 8778 8344 5075 1652 7475 6893 980 3231 6171 1163 5747 4889 2527 1055 6874 3102 4011 2915 4196 4021 1237 3027 7289 8532 4434 9235 5992 5439 3032 693 4066 2772 8378 5729 5969 7222 9577 7848 6755 1698 2454 9849 5105 1013 1647 6071 9481 5690 5821 2766 7398 3896 6005 6596 7829 1502 7061 1250 6734 267 2273 2193 5711 4143 1058 9538 3771 3714 9810 9039 2244 8748 
81 3000 5866 1215 2806 8888 4589 8595 8627 2453 9591 1087 8655 3379 6067 9478 5013 6272 7261 7053 3528 9594 4061 9342 7385 6970 7704 1987 3901 6626 5626 6745 4431 8941 421 5604 7393 2135 1930 3031 4420 6077 2461 6343 9639 4219 5124 4202 2074 3652 5299 3238 1170 3292 5223 2792 5447 188 1707 7792 4281 3956 6976 9745 2798 9336 2632 5857 9911 6878 6745 6285 9466 1748 4069 9502 4519 664 9379 5797 4743 6953 3937 8895 6952 3735 5085 5700 8754 5233 8955 4172 5328 6202 6310 9318 9328 9495 1513 7316 3907 1740 
82 3000 4611 7760 8873 7150 6554 4031 9965 9462 7531 1793 1253 1986 8440 5616 671 5797 5474 3718 8664 6040 7836 841 9965 6363 8581 9243 8502 1479 8578 7822 5424 7844 3604 9360 249 2470 4553 5896 5146 9860 782 2219 2337 7060 6571 7493 4622 6849 715 5002 9033 9044 9239 18 3609 9936 1238 5801 7304 9847 7841 7719 3007 8812 4300 5491 3701 393 5207 3564 1734 3607 2834 9604 1227 2987 8594 1119 3600 6765 7635 205 6219 3182 6553 6419 4182 4920 4234 7770 5215 1660 5815 9846 7702 769 9775 3056 1836 6105 
83 3000 8154 8002 3897 4952 9887 8977 3656 3077 7272 5584 4898 7918 5559 2482 9080 9889 5667 7261 2103 1812 20 6430 4219 6480 1513 9547 3053 2337 5606 1459 9762 7291 5532 2676 8306 641 642 7868 7855 3141 7869 2480 8313 5182 6315 7488 8973 3100 4969 2260 292 3610 3546 5559 8797 6365 6450 4662 5105 4639 9868 2605 5086 4136 1980 3554 4131 9923 6302 6305 4557 1489 8149 5900 6139 5929 4228 3376 9755 9251 5348 3634 4170 5813 2263 1438 5931 5878 4639 5534 2404 1299 3138 898 7916 9327 4636 9103 3041 4546 
84 3000 566 6819 6995 8931 8376 2435 3171 31 6124 800 7785 7278 192 6098 1655 6419 6124 2845 5106 2078 2594 5005 5993 8438 8492 3242 859 8048 3140 288 9206 8759 9636 4439 901 8779 1312 1177 6704 9863 1329 2916 1918 8615 5390 6871 3168 5925 7579 1060 8302 4527 9329 8416 9419 4681 1506 9042 9023 7986 9630 578 9297 9308 2214 6694 4508 6843 2223 3718 6534 298 1671 5377 3514 7200 9331 5669 1629 7330 1580 9861 2 5284 6356 3609 8726 1150 256 203 14 9326 8745 5938 2483 5443 9500 3613 8548 1433 
85 3000 8871 4149 4954 8707 1474 6337 6429 9466 2904 4708 2458 6132 5577 5530 7189 8910 7690 926 2458 1469 5319 1127 3941 4753 7623 4835 434 8911 5195 7725 6253 3360 1520 9062 6760 4966 7565 6452 7020 4350 9497 8706 3574 328 9521 6843 9345 2465 9845 3209 1661 1760 9770 8720 3411 9453 5903 8237 7321 3961 5502 4060 3355 5935 2934 7550 9246 1445 9270 8874 4145 3287 4999 4878 5398 418 5865 5082 8453 5511 1834 5799 9880 646 9186 2386 3531 1111 5724 9610 9812 7339 9120 147 8088 4968 8377 1203 2209 3019 
86 3000 8416 9259 9161 213 7799 2943 850 9398 9559 4025 8994 108 5171 6539 3159 9251 1643 4029 1909 9914 1724 4921 7079 8295 7252 6016 1184 8769 5611 4115 7941 7061 9329 5762 5927 1564 8784 5117 5349 2767 8053 9951 7952 816 3870 5770 44 1198 7717 8054 8651 8546 1043 2636 790 8577 3598 4195 5874 8149 4902 2875 1240 3443 8834 9035 799 6274 1345 6116 6815 8523 1301 1641 4808 4696 4443 6333 1580 2609 485 1364 6367 2193 3318 3723 5116 2432 4359 9714 7892 6419 9012 6577 9399 4539 6258 2233 2634 5780 
87 3000 1369 3157 5669 7164 1751 372 1546 1309 5906 3572 1311 2108 5522 3365 162 8541 688 1648 6727 6609 8237 103 5470 9389 3205 6812 2213 5221 3427 1012 2791 4016 7245 5958 4829 1688 4357 9925 2647 2714 9771 5326 5282 817 904 5959 7644 7775 7793 2379 4793 355 6433 5390 9340 5370 5245 7672 1977 2863 4667 3524 5126 7419 9863 6735 9717 7593 6568 6579 5094 3473 52 1939 2038 2360 7209 3553 8921 2581 1770 4381 983 5419 2647 8105 2735 5172 5396 5749 3487 7338 6805 425 5997 4925 2610 204 8252 2878 
88 3000 8337 9112 8370 646 3263 6252 2625 2860 7511 3049 6600 8144 2259 8622 9468 6048 3082 3277 1387 2106 6421 134 4036 1019 9166 4868 4261 7967 1375 3583 854 8039 2113 8805 4457 3794 8418 3607 586 940 7388 3853 5789 2151 1397 8568 6917 8992 6439 8435 3529 1982 3584 2419 3421 8779 3577 2508 1276 483 4547 6588 443 6076 2849 9437 7836 4976 7030 1846 1968 7723 4915 7868 4095 4785 3825 186 2500 3497 3917 3610 9893 3111 4648 6697 3936 7990 4364 1500 900 8908 3015 1436 2438 2486 7996 7286 5492 8755 
89 3000 3113 1310 5314 6831 668 9499 1625 8734 6680 1944 7888 1311 9220 1329 3711 6304 9878 9558 375 8527 8353 2497 9489 2177 167 2845 4761 5268 7505 1133 6906 2189 3180 4842 1671 4389 7724 5651 988 9182 9601 4807 7250 6684 8547 6623 716 4871 2036 95 35 2761 4870 8653 5901 1726 1891 8030 7830 4919 3826 2256 4060 4841 6246 7782 4582 9019 1659 5726 7289 3815 4727 2243 7256 6363 600 7020 9140 4623 6387 9899 2709 5567 5742 5624 1494 1490 6578 6708 4565 4437 1911 4435 1437 8770 3823 7973 93 1844 
90 3000 549 1631 8137 2819 6696 219 7076 9595 6581 2550 9716 3869 695 3063 692 4317 5294 1563 124 7905 5115 1097 387 9321 9212 3949 6020 8537 9926 5757 6748 6486 4970 7768 3639 8879 2648 7200 8380 8130 190 5743 5675 3421 5222 6178 8781 8884 353 7125 8150 9906 890 5913 3216 7569 5679 9577 7290 1202 1068 3976 5593 9070 7999 1043 6403 7181 2220 4155 5338 6215 7628 1627 2752 6590 2733 8335 4268 1641 245 5464 4429 8929 9794 8373 3470 9677 3764 2599 7231 6326 6264 7971 172 8219 5211 860 1536 5409 
91 3000 7552 4549 4619 597 7597 7732 9177 9185 8491 1128 6950 7461 6796 2234 317 8910 214 8194 4071 8646 8418 6794 324 5970 7026 5583 6531 5054 4683 9122 6645 3751 3281 4351 5395 526 1298 4087 5684 9517 260 8646 9122 3717 4333 5590 9674 6284 3038 7592 439 9972 7092 8441 3552 4694 7368 7156 3214 3200 6991 235 1838 4891 6548 2025 9334 7749 2432 3221 5505 8398 8304 7483 5578 283 9681 6185 8855 9987 1657 1285 492 1654 9736 6320 6398 9558 3804 5530 1266 8779 5210 1102 9722 4015 6990 8540 606 6515 
92 3000 7201 164 4371 9136 5385 6730 3613 9532 2166 7175 6719 1453 1957 6489 4651 4190 8803 1710 844 124 5347 6048 4232 415 4918 1128 5405 8809 6747 7362 5882 3570 4304 2445 517 7544 6769 7979 3022 6335 3616 4213 4623 4620 2329 2920 5837 578 9244 8390 1372 8451 3512 6551 8158 9230 4191 2217 6494 9457 456 4457 4332 8164 4944 94 4673 1931 219 5322 6100 8067 8355 5454 6424 5921 3660 2797 9468 6315 8509 2639 4965 9101 2312 7381 1587 8847 3604 8773 3097 8646 5256 8293 7625 2045 2822 5639 73 3109 
93 3000 5998 5349 7641 4601 3211 1552 8479 4294 9340 834 3465 9400 6550 3237 1105 9134 8261 1380 5565 5391 6233 7702 7820 1561 787 9837 9931 9460 4139 4110 2449 4386 6869 7155 4942 8309 7509 5662 9647 1173 5256 4251 8247 332 5818 1464 1775 8109 372 3889 3637 7482 7656 8406 5772 5887 9187 2555 7920 7157 7596 3036 33 1575 8098 2329 7797 4065 3075 3437 1285 494 9799 2762 6736 2107 1264 1097 1457 8089 158 2751 1848 6246 5948 2790 4559 1811 5094 2414 762 4385 4395 2447 3558 2986 7446 4964 8500 9242 
94 3000 4236 3032 7249 8692 3855 8585 4350 224 340 8417 7133 3633 1635 8307 8743 5304 1685 5259 4290 2018 5647 7880 128 2891 8235 4872 6256 9429 5179 1651 1847 3712 7818 5101 3898 4703 815 6437 9009 2682 2996 2204 8286 1803 1315 3399 5366 779 7943 2717 7571 1693 485 9922 186 6924 5319 5339 3860 4215 4059 1483 5132 9849 3147 2799 88 9963 6566 3534 1134 9977 1684 3735 6898 2157 8211 3369 5262 1296 299 4569 9510 8521 1747 2004 7607 3232 4348 1379 4601 3154 9351 6052 8151 2526 2049 1780 7178 8407 
95 3000 9498 9594 3644 5109 1354 6791 7452 6758 3839 6058 4477 7976 6829 2717 7715 2689 4071 95 1561 1062 6523 3021 9214 4557 8818 9448 3199 9115 8851 198 9025 6470 499 6832 1959 3575 9459 7651 6930 166 2211 1809 1556 4443 8108 1568 2293 6882 4596 2661 3718 2163 5545 2794 928 9234 2723 8264 5069 9491 378 8707 1985 3089 2958 9967 4000 3373 5949 5094 4815 9441 9840 3463 7542 6821 7214 8024 5850 6285 2960 668 8247 783 7616 5727 5479 496 3830 1592 1058 6025 5956 462 4917 9698 2762 6214 185 5002 
96 3000 3275 399 3089 4143 5742 6363 5982 3731 9722 1491 3496 8585 1303 7584 1819 3670 1436 9349 1097 4154 7404 1023 960 3592 7413 1117 9178 234 8302 5291 3436 1459 6389 7346 6234 6334 1429 8349 2920 6297 3709 3873 2837 3966 4262 9376 3603 72 8206 3691 8515 8518 1207 649 7070 9563 9073 8826 8626 1131 466 9414 9171 8242 2741 2214 1233 573 914 9763 6901 8142 9750 9574 3980 5114 8977 4510 5270 1736 1628 1280 965 4398 5504 7062 4183 3813 7764 4244 9617 1326 2642 3300 5312 3350 2283 3783 7568 3922 
97 3000 713 3448 8970 5389 922 5498 9533 7214 5087 3952 989 2912 7904 7147 4181 5106 3058 9354 9594 8714 2812 525 1009 2254 719 4166 2277 7280 7467 3331 7222 5941 9838 4745 2671 6662 2801 1049 4604 7953 4729 1171 7430 346 5733 8821 6394 6451 9132 9117 3098 9139 6041 3323 4160 7850 3086 1728 2987 3031 3242 4638 4677 8691 9803 1496 4051 3082 3463 8132 6800 7516 2543 2132 3764 3288 6318 6331 8336 6745 1491 442 6990 2461 1780 793 2927 4550 631 8204 2861 6101 7062 3983 6916 6731 4621 4043 1653 8274 
98 3000 3485 1152 6227 8587 5667 5302 1659 3485 3359 2207 3241 6797 398 9921 6064 8553 6853 3588 3667 1290 6744 8311 9820 4487 8875 146 3420 7123 807 5228 6523 8360 5942 7012 5495 6354 3739 1648 5287 5185 3058 1477 6841 9919 8616 6646 7616 9789 588 4864 5239 9505 7312 9264 4283 8688 1134 4405 6173 9427 7374 391 2206 1964 6410 5117 9709 8501 8900 4638 1316 5137 4115 1670 7368 1921 1410 2209 1440 1041 4810 274 8998 3131 724 781 9171 1702 8791 541 9657 5704 5836 7376 4746 208 2967 7370 6478 5214 
99 3000 5787 237 8917 2587 7733 2818 5554 1113 6543 702 9832 9683 3845 7972 8803 8603 7870 5079 9903 9026 9295 4832 853 514 206 6524 2688 6715 6187 8177 5909 9179 1538 6913 9760 9285 7612 7447 4632 8306 4279 8715 7586 5587 4520 8614 1012 4856 2137 6874 4400 8660 2599 6058 9246 918 6998 677 7078 7609 9148 4442 610 5580 5794 5632 8015 9478 9953 589 334 6810 7381 5343 1998 1126 6160 5353 4481 3327 9415 3384 3080 1100 1153 5498 6816 6476 5226 5176 1460 1512 7425 5569 5687 2104 691 9861 351 9915 
100 3000 3458 9772 893 2437 1113 2175 2861 1174 593 3844 568 7951 8092 4325 8865 9345 9909 6931 8047 9249 6403 7864 1879 9548 9095 3462 8748 8936 870 5567 5939 9843 9327 5025 7042 3496 3239 3303 2472 3104 2143 2240 3130 5163 9057 1913 7174 8893 6317 6636 9921 3797 4544 9082 6881 5340 4733 2525 9901 8762 3468 1217 6449 1011 1262 8878 2012 799 4022 5321 5625 6788 7638 1197 8526 3899 5698 866 5926 7742 329 3394 1920 7181 6161 1672 7509 5010 7416 9664 1753 6767 8125 7777 6049 7666 5465 6360 1536 7655 
