FILE: 2523UnifS.txt
100 100 0 
1 3000 9252 108 9701 7509 4136 4037 1648 2838 7246 8140 3034 3585 5385 232 3567 921 7789 246 7142 1835 406 7165 5176 2631 3299 4081 3071 548 1172 1381 9809 3509 7025 8051 662 7988 8927 1115 3037 5007 9921 3190 5434 4261 1053 8168 9541 6359 7521 5031 5450 3197 7954 9779 9991 6457 6814 5489 8202 4221 9924 501 7915 5725 3119 4725 7476 4226 4025 4077 6580 7998 6960 3033 236 9453 962 5315 5861 2391 941 2703 3492 7365 1957 1963 9124 5181 6622 9907 1179 8518 5626 6580 93 1675 1392 6566 1031 8440 
2 3000 4850 8420 9728 8089 5345 2229 1455 9504 3656 5296 3103 3422 8156 5947 8407 2805 4085 5464 6277 1333 5954 8147 2267 32 3073 9493 3168 2013 8200 2509 4715 5347 9323 2142 2434 4060 4558 7840 5603 7255 180 4234 4343 6356 1772 9947 9833 483 8507 4531 7649 9943 544 3518 4230 7855 9560 1611 6467 9894 2402 3989 4418 2163 7862 5741 7149 7190 6582 9425 1696 8047 4079 751 5157 597 6899 2391 9909 3867 1894 5912 1943 8539 8623 1832 2330 3578 4882 7808 1815 971 5355 4943 8528 8606 3388 2215 8822 1259 
3 3000 5899 9045 1245 9723 1398 5971 3622 8050 1142 3463 3274 8923 3415 8854 359 7151 924 1399 4332 1293 1334 5457 3540 3400 916 1805 7933 6892 1321 7063 4906 2546 9492 1261 8265 2625 682 3517 313 3119 4610 5849 7067 4118 4740 5107 6599 8308 680 3029 499 7591 3711 4431 8466 7835 5442 3511 6022 1738 9581 8282 5352 9830 6843 3133 9270 9594 2976 9512 8306 2708 9910 4735 925 419 39 8917 6864 7039 3622 33 3595 1566 9308 7104 5921 7429 7792 1497 8685 360 8588 6370 2611 4391 9935 4222 3273 5972 
4 3000 1824 2580 3179 6221 2149 7806 6989 1292 5983 7033 9855 874 7984 8222 8884 4808 7920 8347 7730 7837 9322 9699 4309 2476 1261 4326 1634 7 3250 6589 1788 9601 3273 3842 3006 5563 8934 5247 9896 2705 1740 8703 6773 9841 4497 5906 4129 1409 1841 5534 8220 7214 3890 4551 3783 303 3020 7648 9873 2959 3770 4793 8829 822 5865 6922 8365 5138 374 9744 6785 3124 8982 5675 1319 6471 6394 3896 9593 7961 5867 8538 4217 6213 7853 4990 496 8556 1786 4332 7277 2024 978 5896 909 2478 648 7944 2331 1850 
5 3000 9075 6484 7294 3516 1877 2197 9695 5793 9408 5502 8042 3556 7292 9733 5046 7990 69 2451 337 4454 7978 4879 6300 8484 6856 9457 7041 9910 1165 5530 481 5104 146 3150 3564 7348 7096 5018 601 5335 1771 6535 4737 9786 5912 3990 2535 8197 1896 869 1694 7712 4517 2285 1891 6117 5887 7539 8741 961 3461 803 890 6804 1192 9929 231 587 3809 3384 5240 5128 4216 5305 7444 742 4021 8684 1009 4990 7190 6681 5456 548 6822 2049 1502 1201 5053 4700 20 5971 6081 7386 4135 1354 2323 9507 4435 1699 
6 3000 3686 9045 7311 7700 9974 2623 6425 3017 6414 3688 7294 9023 2309 8821 5012 7678 2813 2168 5084 2518 3836 8002 7394 7782 71 1403 3293 5659 6145 7068 5815 1651 896 6247 3017 8081 4778 1799 4444 5701 386 1374 717 3451 6110 8725 6250 6319 2909 3141 5089 1345 4219 7005 9875 1738 8975 1476 3938 9122 7765 299 6509 3911 2109 1741 1058 3799 6861 8644 6766 388 5733 6615 3104 3926 9951 329 7560 6188 32 7966 6467 1462 685 3770 8977 5678 8838 8728 4148 3649 4791 9385 1155 4444 6496 4772 2636 4885 
7 3000 6955 1469 1153 1168 4748 6784 8781 8605 7690 68 9828 9502 9601 2141 6670 9149 215 2857 8715 9946 8204 6783 4498 3643 7331 7011 6893 1718 5727 7090 1452 3868 8292 1083 7869 4633 2228 1756 4574 8141 5683 6878 6445 977 9535 3664 5648 3185 2293 1327 5601 7382 8120 1764 8066 6008 7992 8364 3362 6699 3970 2942 3706 5776 6606 799 9678 9876 5466 3901 9810 5687 2788 2195 3300 7831 256 3033 5854 4849 8900 8740 8649 3329 2130 2293 426 150 1881 1128 2699 2854 7897 9077 8100 8140 127 6425 1844 8487 
8 3000 4258 8095 6314 6900 363 9953 8779 9780 4681 3246 2237 7920 4519 7158 9374 5628 6278 9494 9655 7972 6606 5489 9543 6150 6677 4742 5836 988 9590 6273 2130 4560 899 1709 8412 9933 2265 6589 3774 9040 8233 9801 2250 8677 6133 1139 1787 4622 9110 6989 6329 3879 2274 4133 1034 5054 1980 1686 614 6850 8225 1154 800 4685 183 4617 2932 5439 4851 1037 1671 330 8830 696 5844 5901 3223 7746 2405 3151 1671 903 3525 4774 1493 2246 6810 533 7975 4157 8636 755 1766 4377 618 7954 9406 9191 9198 6575 
9 3000 6979 4734 8360 864 6892 6429 5469 870 7773 6538 239 6559 7505 9857 6819 63 9370 7512 9009 6053 1334 8902 8603 233 8445 1754 6847 5960 8362 305 9038 8993 7 1616 2229 361 5339 9998 6077 7364 4265 9577 6804 2686 2657 4974 4286 1649 3512 117 2271 7582 1226 5170 1715 5312 8995 1594 7251 2794 9347 5332 6777 848 7791 8117 4167 1038 9592 6901 5119 1661 9681 1422 6113 1874 5673 9879 6503 3937 4027 2747 3733 3585 9320 4708 1675 8522 6647 4709 2094 5047 7155 4146 9241 2795 6689 3173 7563 7610 
10 3000 7570 5137 2547 2541 3503 9134 4680 6966 7597 694 6547 3831 3523 588 3035 5030 9787 1766 4682 4893 7135 4409 4139 1812 9082 9118 5757 7987 5558 8220 8306 7294 9693 5203 810 1284 7714 2274 1519 3302 1974 6041 9992 736 7106 1325 2315 5384 9296 3090 9440 1953 8691 6504 8650 4681 4921 5122 8151 2080 5757 7193 4783 9809 8881 98 4862 1669 6797 2902 8144 8726 4850 7045 4916 6555 2384 5144 6212 613 7018 7929 7148 9732 2046 9305 3391 7745 6969 9531 750 3227 1142 6528 7884 7369 554 5319 2152 9974 
11 3000 7733 5579 8567 3578 4768 7328 1895 5693 9465 4729 1864 9184 4622 8031 1507 759 434 3623 8625 7596 19 2218 378 2082 8070 5160 998 4693 2632 8864 2631 4980 6 7366 9303 700 2775 3012 4005 5054 955 5267 8911 2064 6278 7644 8720 64 9587 2768 7117 3325 1368 5556 6363 1801 5400 4526 12 8996 5535 1232 8752 7966 5597 7822 9365 5435 2414 2722 6821 4043 1964 4444 9491 2720 8657 3517 7487 5175 7738 2551 4129 6525 809 4418 530 8036 4488 8559 3317 9996 2182 5420 5465 2710 8990 9009 268 5623 
12 3000 9731 7581 8421 4564 97 2444 8242 7118 928 4896 9009 6123 5618 1282 7425 1288 638 6178 7206 8943 9193 3697 1800 9910 7994 6927 222 5493 7166 5487 6024 1608 3271 1210 9380 1021 5462 1953 2304 3726 4761 3530 6988 5435 6460 9772 7269 4204 5650 708 3217 5176 5871 8875 8849 3454 891 3751 2973 5093 9608 4317 3147 6230 4078 9734 2774 319 667 8157 1314 3510 4326 3668 7624 8143 5997 1331 6425 4367 3139 381 7889 9889 3379 5527 355 7844 1292 6390 6170 2790 8298 5058 652 4831 5698 1775 4180 1861 
13 3000 819 8742 7412 9937 6293 2057 9619 1774 2462 1770 157 3368 2901 71 3048 8737 3077 7590 4705 2799 2117 7841 4764 2364 7719 9773 51 5254 4176 8456 1674 7552 3525 3892 5236 8974 9832 7945 4175 6359 6585 9400 6227 5298 7231 7150 3021 9873 8819 1499 2788 534 8787 3603 6206 92 4854 3020 5359 7839 8056 3401 5832 1797 8894 6294 1925 9087 6612 3080 4991 4426 1601 5031 4900 6749 922 1491 4633 3952 6965 6190 7993 5767 9220 1674 447 4755 9184 1861 3088 5429 8383 2732 9730 1499 9532 1133 7118 1243 
14 3000 804 1711 8270 1005 3241 1973 8940 6813 1271 5468 7211 4129 6372 3099 6209 5714 3838 2551 9938 7633 2692 5857 2254 3366 8703 5073 8945 6063 546 6095 2953 8910 9078 585 2712 3625 9737 6037 3610 7083 8073 3954 2581 6057 8396 6160 5823 92 5561 9234 9631 2503 9860 7067 4369 9491 5059 1547 1552 7394 9545 1364 4069 8054 604 8951 9519 2316 1823 5534 6673 1649 3621 4321 5069 7891 6896 1809 7725 1118 9807 7220 6977 5646 7671 53 3446 4147 5998 5776 8128 9895 6635 9628 7605 7141 7050 8556 2392 9607 
15 3000 2731 1273 8394 7104 2711 6442 1502 285 8229 8983 5304 3509 4497 4506 1927 5841 5608 1875 6001 174 2564 3883 1748 471 4425 6070 3199 7139 2589 3649 7531 526 8192 6567 1536 2539 2639 2692 1205 6393 1252 9116 4448 4481 51 1592 6932 4368 5652 2093 1046 2915 8302 4493 7990 8526 8021 8377 2990 1514 3888 977 3639 2604 6440 7225 1362 9547 3198 7942 6004 1871 7323 6144 3546 3751 9388 1475 6944 5004 2287 2768 95 212 9256 8727 4929 5964 5031 6735 1617 6234 119 9789 1917 5869 8207 1558 5638 2218 
16 3000 6684 9566 226 4871 298 6502 3486 3536 7929 9653 9412 4031 2494 8461 7162 2406 3973 209 3141 7190 5562 3828 6217 9764 2951 1833 6065 2852 6725 376 4625 7145 7892 7437 698 6049 6537 9127 7657 8553 3594 4124 4290 226 5756 6232 8761 2339 3496 5062 5703 9108 2222 4843 6431 3072 6554 1356 2284 8580 7727 6990 1088 3420 4117 3928 6744 8559 4895 5453 1948 6019 6803 5387 4027 4870 4056 5642 3904 5353 1371 1909 8190 1123 118 7465 4397 9624 7597 5107 9277 584 9444 7210 290 2634 5153 3911 192 8054 
17 3000 6731 9417 4748 5650 475 6439 3575 1742 1875 8751 4107 9289 3642 1872 8680 5138 6857 1879 4753 5388 5252 2334 8244 8893 2611 9348 9996 8879 3296 4761 5367 2690 5901 7453 6945 9663 30 2778 386 7120 6197 119 3381 4491 8855 8576 7747 5558 2548 771 4638 8830 1188 4785 2886 6036 458 4213 468 8747 3340 6349 9096 3120 8764 8498 1927 2776 3388 2403 4409 9785 6503 6808 8242 3798 8054 8143 8469 9287 9797 9327 3690 917 9574 6708 9404 7043 8719 5116 4471 1329 2580 1050 704 2500 4176 3986 5584 2204 
18 3000 970 5811 8098 1015 4777 8378 7703 2554 4784 9196 6421 5730 3711 5232 4049 5116 7081 4851 6500 9442 5626 7868 7268 8219 812 3736 2019 6482 3495 7854 6305 7664 5695 6000 6401 4591 5500 6889 3277 8600 5091 2858 9680 6791 1900 8672 353 7393 2879 8462 5374 3263 1911 779 6623 3506 330 1780 7366 3222 579 6537 4977 1374 2983 8469 6772 6790 5654 6902 8978 2277 7519 2752 8821 6873 4468 2332 9740 6215 8637 9289 9729 1035 806 4659 2799 3784 5929 5055 3571 3373 1785 8970 4989 8051 754 1216 9161 6393 
19 3000 4724 5478 1321 6428 3113 5001 6922 2882 4025 1398 1850 2549 8526 1580 5765 7788 8045 2820 8560 8143 4904 5934 9961 91 5969 6590 2231 4910 9428 4738 6019 4678 4690 2177 9317 6394 5418 8229 9557 4222 5678 3555 8821 9863 9215 2083 2183 1051 1859 1072 9171 8177 7050 9291 8361 9029 4491 3331 5091 1669 1924 2035 2297 5426 35 9059 4482 18 479 3558 4804 2797 7033 8988 5292 4122 9874 46 184 853 2981 7725 2393 7976 4662 2498 3099 8341 1207 5629 4457 545 3664 8602 5447 4915 7742 686 829 7640 
20 3000 6841 4611 3238 3011 8199 385 8401 3793 2174 7218 3470 9724 4644 3590 8492 4132 2535 5429 999 8683 2474 2420 3719 6254 2566 2440 5419 1925 7293 4117 4871 2103 5548 7512 7936 1768 1782 2929 7787 9844 283 7846 8242 2692 2579 1978 231 5737 7964 456 1388 3208 7151 5139 8764 6013 9050 4045 4666 7734 671 8914 5622 8748 147 884 4474 8474 2891 4307 5589 5741 873 8678 3200 7288 5019 8698 2873 4383 743 2452 6093 7570 6594 7721 7982 9539 6038 6417 8137 6123 2357 7136 4596 5418 6680 5848 928 5031 
21 3000 9132 4703 6445 7450 3113 8963 9547 3540 2697 2062 4183 4162 3168 8791 9440 9924 4661 6604 2261 9049 8947 5052 3285 3370 9335 3344 5807 2454 3695 6030 7873 5846 614 6805 7494 3440 8672 448 983 3977 8845 2881 4423 1665 33 9346 8254 924 7709 720 4990 9259 5699 7949 60 8255 1086 4600 5768 2698 2235 7551 8387 7821 9943 5796 8375 4676 1721 7382 3710 3630 9196 4463 6358 5985 8634 6489 1862 3725 4595 1508 2058 7387 6713 5606 913 2057 9594 463 3492 1491 5845 9034 8046 361 2226 9363 1227 4625 
22 3000 8930 6512 6428 26 1981 2621 5251 8713 8765 5094 2090 3981 6678 2901 1853 3149 4910 1022 796 8556 9340 2994 494 6676 570 1604 4925 5370 5073 7692 687 9254 9469 7087 339 3197 7934 5665 8866 3940 2721 2533 3264 9845 7814 1336 5263 8762 5708 9693 7161 4030 7308 6753 788 8594 4956 8882 9601 7253 8589 3467 3895 7030 5007 854 9145 5670 287 4405 7466 8259 5297 8680 2211 1973 4362 5748 5679 8943 7029 9618 9957 7260 2978 8802 886 88 47 6992 5150 2914 5382 1875 490 8920 9715 2063 9045 2475 
23 3000 4771 2152 3816 762 3789 5909 8256 3518 5177 7573 8987 909 9291 1296 1636 9524 8335 8700 9803 6498 9388 4556 7148 1757 559 600 2610 8390 263 7459 8741 1142 9620 4717 3178 3040 7991 9091 3226 135 1619 745 3578 4375 5416 7724 7150 4601 7860 8508 9052 5667 9024 2699 3672 5687 1729 9829 4893 1407 5819 6293 9436 1700 5567 409 3317 9185 197 5600 1447 9979 7543 1702 339 1560 822 4400 3950 8771 8535 2787 2647 7936 7500 5042 5297 9108 8998 2247 4479 6439 8055 312 4828 6677 5842 40 4497 5789 
24 3000 5204 5308 9746 3703 9309 9377 2659 7180 3430 9323 1986 813 9844 8597 7102 6148 5861 7710 5100 8923 4974 3039 1006 4451 1140 3763 1121 1104 6180 6920 9480 1944 305 590 7447 4461 5772 5208 6428 8451 3660 2990 3710 2007 3768 5499 1430 5643 7651 9324 8656 4539 4764 9891 6613 8911 1744 3395 7015 2510 4811 6859 3531 9241 5296 6318 6378 7909 8291 3129 33 5091 4431 8400 4074 6132 4790 5554 7144 4265 8916 1009 4043 7858 5976 2989 5938 5785 9037 8456 3710 924 2470 8169 4413 1772 2471 9865 864 2200 
25 3000 723 9575 4363 9317 1163 1050 527 9467 9893 3321 8260 2354 8201 6387 1836 3285 8717 5019 6121 3541 4689 695 4910 8874 2387 1659 2390 6130 6626 1105 7732 7989 9425 3483 2807 5844 1777 8938 3023 791 8558 5862 1289 2753 6550 1581 5111 7724 5595 1164 6799 3144 2870 4358 6813 1392 296 640 225 1405 5056 2409 6308 8430 3255 6288 1254 1891 6693 2563 4010 1384 2769 2736 5246 802 7509 5214 9444 580 1716 9113 112 8063 250 6194 8123 6005 4429 923 3183 9190 7555 8652 8419 9177 3570 1926 8092 7173 
26 3000 8830 4923 8442 5025 7007 6006 1646 4345 7122 8409 2913 3757 4689 9049 698 4263 5999 5452 39 2743 5518 819 9027 3576 6419 7205 8389 8385 4228 6832 4210 3907 3607 1515 3768 7993 8256 230 4500 3723 3934 4790 6092 1659 4621 3658 5695 211 1786 3878 6263 4136 6796 1137 8020 1156 6441 7944 3046 6708 1585 9941 2997 6811 8946 338 9941 9067 5997 2470 323 1778 8991 479 2058 1191 4119 8126 4743 6875 1782 5722 2997 5213 3996 5189 2927 1021 4918 3239 1716 7300 4500 2689 341 3102 5266 1890 9411 9528 
27 3000 2213 2286 8129 3850 5837 4099 6388 1756 8291 139 9980 7721 2656 7732 8941 3502 5348 8785 9010 4762 1644 7965 6224 5815 4330 9013 4631 2495 5487 9169 7129 3154 1386 1739 9431 7784 517 6774 7157 5260 4743 9881 6046 8715 3579 9154 5297 9034 1587 235 4034 6472 8914 9495 898 408 4933 5346 6756 7207 5029 7672 547 6224 499 5389 8243 3919 1575 2127 4941 6106 3584 39 77 8326 6220 1738 5765 4337 5945 350 8263 2743 1522 7701 2563 1733 2665 625 104 1957 1812 5399 9616 7518 9034 297 1079 5098 
28 3000 58 6280 2818 1199 7422 5799 1714 7518 4749 9732 6547 4442 4153 2441 4459 2666 6765 4957 545 2945 6384 6286 564 3959 6255 2846 6787 8315 8973 6023 6952 6662 9509 7856 6362 9943 1362 4845 3095 9760 5836 9883 6344 6876 4445 2318 7887 7833 4437 6135 6670 9697 7448 6263 6525 2932 1279 3013 7011 2394 4800 4629 7376 6454 5975 7979 3650 4242 3013 7363 8858 1018 8652 1439 6358 1670 7552 8291 6311 2335 6832 8609 5265 144 9713 6993 8875 1091 2304 1396 7739 6035 3496 673 6365 4815 7998 272 5259 8500 
29 3000 2483 6038 6142 9758 4865 6149 289 1353 6708 1172 9993 2766 8746 2251 3156 4940 9538 7411 1003 3155 7249 5994 8923 8017 4544 1218 432 4588 6626 858 4264 9623 2378 6057 4586 6948 8647 8261 4339 954 7644 4271 1698 8215 7473 9436 9669 7240 5780 8953 8798 6338 6534 7306 3014 9619 9927 5823 8591 1113 5402 8359 6241 7014 7806 5105 6329 6055 6666 4522 7208 8002 8593 3398 6689 276 2809 5035 6630 2698 9796 5553 648 359 3080 8329 4962 4621 4126 6550 2355 2232 371 3900 9268 2577 6374 3367 6009 3045 
30 3000 8093 4181 98 2527 288 6864 2731 3040 7048 6422 8366 9468 5444 3649 7443 7434 2306 4561 2219 9302 4124 7958 5739 8289 79 1102 3919 717 8191 3530 764 6384 4598 8986 6711 7058 5960 5479 86 3099 4985 3470 1702 8204 9081 2174 2570 2280 2132 4001 4737 2441 9404 7108 5256 2123 5570 6089 3271 8338 5862 777 235 7041 350 3184 3246 6625 1343 2555 1518 9544 3916 8552 5965 2061 9564 2565 1918 2114 2978 7145 4966 5317 1948 3561 9920 9077 389 7484 2901 4845 4497 2796 6558 8481 2020 3524 8406 8755 
31 3000 4668 3900 2291 3968 3635 6540 2980 6693 8251 8758 3876 6652 7764 6993 7858 1710 6238 9377 1244 6993 581 6410 884 2141 1701 9771 4374 6671 8778 9255 3392 3480 6669 7827 169 462 6437 4809 7075 254 9000 7187 9333 8112 1910 9043 863 7899 9257 9117 3242 6213 4692 6490 7797 4631 7583 4388 820 79 2293 2123 1905 3328 577 5146 5416 5618 7117 3231 5075 3399 8167 6788 1678 1209 3336 1292 3933 2663 487 9842 2428 9578 3765 3847 6716 9219 4750 1833 5535 9670 6735 6377 145 3329 2125 9166 794 8527 
32 3000 2970 4179 6306 9282 4611 8998 6799 3161 2462 4238 9519 7282 1911 1111 7815 2430 1346 7104 3216 5311 8310 9791 658 8913 8774 8766 6815 1011 9546 5700 1568 783 3790 2527 2595 3558 9688 7751 3084 3685 2208 880 2573 5535 8011 4986 917 2612 3480 7385 5375 4808 5869 8448 828 3773 7581 8536 3115 6404 3571 3056 5502 6475 1874 5646 8268 4379 7256 9483 1423 4998 7993 6716 545 3701 5770 6027 5747 464 8712 8311 3768 2117 7535 489 3183 2717 4824 7436 2747 2038 7433 2047 2858 2197 2015 3411 150 2402 
33 3000 3673 3129 5203 1816 7737 9743 3386 559 4669 1294 8821 8828 8086 6007 1472 4142 5917 1100 7362 6712 4675 9715 1911 2941 6865 5981 6402 7040 1509 8194 7569 779 7795 126 315 1355 1861 461 3548 7389 6692 349 9150 3047 5148 9096 4062 286 6120 7966 5503 9226 3802 2120 9309 6643 100 671 1395 2596 150 4868 2350 5166 981 4408 5146 3334 3285 1865 5983 7971 6321 5251 8249 963 5943 8699 9615 2455 5753 1273 2246 6224 1377 3899 6142 3174 7868 4426 5603 2956 234 807 8819 3717 7088 2412 585 9968 
34 3000 7428 9456 8140 8583 537 562 131 2916 9014 8442 8707 5051 4922 3707 4728 6173 9068 6801 6111 5062 3404 8057 9288 4713 6555 5884 3803 7086 2473 3072 21 5975 2210 1230 9971 8004 8825 3341 1311 1749 5409 4445 4414 4981 6236 453 2590 41 1046 5073 5417 7336 2439 4874 5215 6957 6409 2470 6628 8427 5993 7825 9342 8571 8051 7687 3928 7515 3165 3149 801 2803 8670 5334 2313 1647 4802 9196 7968 1294 3980 5463 2763 7527 3205 689 8647 1282 9589 5441 9119 3394 9006 605 6938 7473 7871 1823 4962 894 
35 3000 8041 2048 115 3921 4844 2229 479 6954 8227 122 5503 5900 7041 7220 9347 5664 6436 3811 7348 1778 8392 2168 5604 143 5370 7849 3696 4898 7090 9137 523 4420 435 4597 3268 5444 2474 8756 9489 5307 6619 5917 2332 2323 1899 2091 8873 4275 5364 5052 1581 5038 7612 2524 2908 9327 1441 8492 3006 5562 3629 7628 563 6873 9829 7856 6772 214 2607 1036 2418 3610 2585 1767 8094 1533 2723 4325 7541 8390 5720 7721 4110 154 4544 8884 357 4100 6078 3969 756 6683 7906 7792 7533 9533 8206 1387 9642 3573 
36 3000 8787 7693 4844 1267 1232 5356 4929 6994 6183 669 4051 5539 5738 7629 199 8716 8982 6119 9779 117 638 8216 5334 7977 2841 2628 6385 6178 48 7251 3391 3362 7058 9849 4842 183 168 6870 7474 4675 1449 372 9607 5750 6150 3088 7611 4818 3223 1603 5497 5532 8977 7669 7630 1662 3856 7635 4569 3088 2338 7 2033 9924 5967 1129 2988 4761 9500 8995 2868 3042 192 5182 7907 1553 188 4906 6611 5050 2060 5208 4340 999 7454 1263 1033 2452 8869 810 2037 9042 4558 6716 2081 6099 6557 7654 2359 1906 
37 3000 1837 6917 750 3061 6580 9347 5155 7978 3585 6396 9961 8505 2789 9309 5633 9673 4926 433 1430 7567 8300 2651 1240 5319 8690 6938 2549 7231 2373 8048 8531 1023 2284 8320 3259 8200 7285 9614 50 2553 4573 3367 2925 6774 5205 8777 1202 7208 2751 9116 7210 6722 5070 6157 7128 5699 9217 2735 4951 1160 9461 3434 9579 4015 8450 3391 5034 4425 1475 5232 3795 5307 3884 4129 3268 3949 1602 987 5374 1759 4785 3747 9263 2134 4599 6824 7154 6460 3121 8667 3300 8229 6366 7435 6081 5287 441 4815 3212 204 
38 3000 822 7949 90 8771 4752 9495 1253 6622 6775 5810 4975 3979 7386 3261 977 8520 4805 2653 1268 6384 9885 1794 4111 1280 4132 6174 1112 1743 867 7778 7433 6502 9494 2013 5136 7973 2908 2774 9643 3885 8020 5621 9330 7022 9412 9093 8240 3097 6110 4139 1921 6747 1491 1677 6396 5653 6305 8275 248 2788 4833 9965 9835 6787 4161 4172 7634 443 6584 9776 3702 7330 5131 5292 266 6544 2220 5180 9441 5582 1433 4283 4066 1331 2421 376 1670 9192 8928 4859 1566 326 9947 1561 5058 7025 3995 3674 8787 6210 
39 3000 6514 8812 1194 1047 404 2195 2110 699 9668 7958 5469 8191 6194 8580 5152 6413 9658 2452 3946 2237 548 9551 5641 8760 6317 5253 239 5684 663 2267 2294 7803 5930 693 2382 1630 8632 6205 1686 140 8112 6360 9713 5641 8314 5031 5131 775 2685 4966 9738 7630 2209 8472 5551 4996 6550 6225 5017 3730 8338 4199 4358 252 563 8730 31 8170 7112 9695 8323 8022 6411 1824 8060 5150 8210 4132 6454 5693 3484 7477 8060 714 7456 247 6871 8438 5754 2164 1532 4630 3687 6219 3678 1086 8648 8732 9403 2258 
40 3000 5637 7536 3845 9999 5921 8284 8901 6432 8805 8881 4072 4949 6537 2048 424 9330 2334 5999 7676 990 1536 3254 4421 4350 5882 7573 1458 334 915 9011 8263 7987 6504 7103 2579 4227 501 2176 3123 1707 5518 4778 5438 4822 8826 3237 845 3820 5387 9350 8545 7056 4003 2182 823 1358 6592 11 1397 525 597 376 6875 1949 4506 8269 1350 1358 6507 2436 4116 5690 6268 9819 500 4089 9835 8107 5837 7026 7662 6423 2552 3541 5762 4133 378 6620 9988 7780 9696 6690 3427 6139 8000 3234 6939 3405 9486 4547 
41 3000 2797 500 7767 5598 1476 4503 1712 4032 1545 6216 4413 4289 2702 5841 5273 9848 1922 6793 5223 3604 2738 7628 5058 6356 7638 2110 6905 3436 3597 7387 8813 9449 729 302 2466 1148 4061 1828 4024 8429 8439 9626 8087 3451 6553 8729 4786 7883 90 346 9998 8275 4013 8804 8682 9553 3961 6600 1352 6645 6776 7585 3656 4217 4160 8278 9101 4557 9444 7292 4887 3560 7499 2898 872 4855 7759 8707 1666 2049 373 7479 1840 9101 5483 3056 4271 8812 5629 419 1604 9453 1271 3875 842 9507 9446 3364 1061 542 
42 3000 5544 8893 4252 8203 8208 3091 9283 1341 7366 1901 8989 9251 5378 3378 390 7048 1318 4630 8026 9160 8375 6877 426 953 4376 8628 9696 8472 5447 6996 4235 6318 2781 7128 4571 3639 2548 9767 2332 8252 8918 6932 2332 8893 213 5726 7785 5583 8188 277 8647 8128 430 1785 3081 2736 5887 6718 2046 6767 3518 3108 7010 1604 4076 4997 795 3646 5002 4986 1534 3430 8460 4923 9770 2880 2485 4712 8664 674 5262 9243 7336 5744 2528 3455 7333 8893 8097 5517 2217 2546 7518 8137 277 8616 4847 7997 374 4504 
43 3000 2552 3308 902 7216 4538 9499 1880 5615 2303 3019 165 786 4211 3276 7794 4538 7900 2695 3446 6018 5803 4899 7035 6464 3804 1019 7423 2071 3016 4126 3261 4991 4680 1795 6950 2452 8196 6781 1738 4003 2272 5833 1928 6888 9205 6625 6222 9539 2280 2818 4183 3201 6299 7237 5827 1674 1234 3187 4338 9185 9002 3883 1906 6388 3369 6 8692 4480 2979 5393 4921 7448 7501 840 6092 2444 6913 6038 1321 8277 3899 9633 4808 2034 9380 7404 419 3830 1164 8579 9409 9676 5724 264 1260 2474 3102 2 7641 1141 
44 3000 4931 6458 9503 7855 5597 8226 7293 3423 6505 763 4293 780 3490 1450 3084 6609 7341 2773 5136 1088 7453 3630 3527 5760 8604 8769 8775 9527 860 6344 7810 2778 2599 3599 6062 9628 6667 675 2673 8291 9651 2548 8839 9578 4286 9082 9275 3519 4977 3217 6806 4102 6457 7275 78 2153 5560 7395 4401 6328 6126 6092 5715 2232 7027 2939 7674 9671 3319 3374 1868 8015 522 5640 1159 9701 2018 5837 6146 1853 9583 1108 4754 6025 7034 950 4952 6074 7013 6641 591 4155 883 8807 367 4846 1759 3101 9915 7388 
45 3000 661 4008 7019 6061 5787 6789 9956 8678 4920 7527 8959 3206 953 1321 806 2512 542 8590 6538 7238 5882 9504 2295 6788 9612 6550 3282 8460 2841 5208 860 4684 6299 2763 2762 8397 4616 5241 6429 6537 3723 2462 5478 1667 1383 1228 9289 1718 837 6630 5724 7862 7588 1483 6964 506 9297 3880 8472 3417 8818 2883 1087 5963 341 2324 6238 3489 8679 2745 4281 5809 1661 1453 5967 3830 5667 702 7029 4297 4278 4008 5900 2663 50 575 4549 4089 9420 7859 2451 2558 734 2249 3671 8129 5395 7877 7085 2304 
46 3000 2145 3550 9713 1522 4465 7809 3190 8785 1101 2116 3352 3402 9722 2157 2952 8859 3689 7279 7502 8815 1964 8047 4233 1226 2135 1929 4189 587 6568 7107 7441 8309 1686 4402 1425 1206 368 7343 2410 8125 7480 344 84 4689 8526 5014 5271 6165 1423 4592 774 8464 1409 6504 5332 7261 9065 3047 717 5241 1467 199 1945 7470 6470 4551 619 4890 102 8364 1391 5942 7098 2758 1551 6311 4547 9014 3746 6798 8674 8013 1816 9315 4740 7791 9761 1007 69 9225 3830 6496 200 9840 7736 8255 8168 5744 997 5103 
47 3000 6900 1683 396 8827 4750 9231 4579 8923 4143 3092 1763 5476 3361 5540 579 148 1439 8969 4034 5304 6192 6587 6605 1254 5374 1215 4453 1630 949 2229 8758 6876 6494 610 2190 5872 7731 2136 8496 5680 6172 8685 5213 9415 5905 7670 9514 2242 3487 9598 7164 5494 980 3754 4619 8922 2097 2010 4234 1062 1484 754 2605 7736 7117 956 2036 8668 5836 6347 5126 2235 1991 9728 2484 8332 9224 7402 3572 9376 5368 1739 666 9420 477 1852 5947 1403 7976 2409 1717 2518 8942 568 3738 7714 9501 1032 7697 1309 
48 3000 1360 9237 8796 6742 5457 2655 4465 4444 8739 234 206 7830 4063 9952 8553 7423 3227 4502 1166 3101 3119 5099 4042 4465 4994 3418 5859 9338 6879 1648 9438 384 9099 678 6332 9857 2928 6404 4544 2467 2369 4164 9365 6382 9056 1298 7338 2345 277 7827 3351 921 132 5265 847 7869 3809 3552 5170 7638 4982 6114 22 4987 6346 3043 7061 4733 3261 2409 8610 9619 536 9690 3501 6312 2328 5338 6036 9527 5170 451 8079 4266 4124 592 4272 6197 2057 7719 370 143 2044 242 4712 6709 2897 1206 2808 7025 
49 3000 7813 4605 5052 5615 6158 9810 7566 1400 8362 4131 6160 6812 3952 3496 3427 5042 2701 1267 8953 5416 8908 5167 2661 6883 8796 2341 1273 9642 1046 2540 7899 4886 443 9429 4758 2674 4656 23 9009 7924 4141 2238 1723 4541 5168 587 9969 7653 5972 9975 2031 3993 6032 7643 5745 387 8472 3222 9967 378 5589 6917 9162 8972 7506 5817 1117 5511 3949 8325 7783 4665 9147 6721 9240 5555 9862 7844 783 9003 6543 1900 3143 2895 7599 9396 5822 5683 6803 6196 3559 8007 3821 6712 5922 2437 7862 5202 18 1344 
50 3000 4457 5215 6339 2900 5361 7139 7724 5198 1580 3893 1445 8496 9523 4730 4430 5588 279 7173 1594 303 2022 7074 7313 4124 5536 6796 4 934 2867 1522 9849 9888 9101 3691 9628 6410 7268 5554 8688 1311 6366 9856 31 8036 2517 8649 528 8039 3242 223 4263 4273 4862 4165 8991 2818 3030 4542 5736 2618 6378 1212 1499 3363 3300 9252 5101 1474 1849 6525 6147 4234 2766 9355 7116 2028 5635 6343 8577 8715 8157 294 7528 125 8554 8281 8859 682 1097 9825 9944 8144 4754 3206 8357 6482 4975 9895 2709 6871 
51 3000 8586 7113 6613 6811 1824 8515 5777 7376 1483 2997 8216 8583 9195 1634 7591 2887 8832 2732 9678 6807 7032 5017 1953 666 6851 8942 6311 6465 4544 6119 4903 3881 9462 6879 9102 4383 7085 5957 1591 3485 5169 6297 1583 1109 3026 990 3154 89 3928 3328 6714 2786 630 4991 3591 5837 4027 2353 3751 3027 4928 920 6635 6282 8960 7883 5125 4792 4594 2805 2633 2258 4299 6429 3317 2261 8819 7612 5418 1760 4573 8380 7729 2710 4186 7119 9182 1813 140 9877 1564 8385 1548 9798 5356 354 4062 4686 8698 8379 
52 3000 2896 2683 9480 8100 8983 6078 556 505 8244 3246 8083 428 4001 8699 2988 3171 2496 1276 5554 9248 1546 448 3139 7257 2322 751 1016 4877 4249 4349 6333 7987 3037 1712 5208 7916 1826 430 2940 6808 5472 2141 7352 1125 7944 7595 5253 3261 2853 9834 2031 1295 7103 5501 4366 6858 7671 4276 6068 1129 1506 6431 7045 8957 8560 8517 5393 1109 7937 7170 2607 4637 7172 1046 1924 1378 4635 879 9789 4572 5053 7666 442 3610 8169 8974 3632 6906 514 3372 5462 2890 313 2994 2347 9131 5511 4220 8111 9584 
53 3000 4922 6483 4195 9958 2515 9207 3002 1217 4805 6861 4360 1194 1391 2146 5111 4346 8601 7300 1827 9617 6273 3536 6649 6439 7654 8598 6252 8851 2434 2444 3938 7745 2890 1056 4843 1239 3169 8374 4286 3171 1688 6352 9229 9721 6662 3145 2865 4158 4756 9416 2339 9709 2865 2767 9581 556 3011 303 5275 958 375 9312 5950 2496 4448 6074 4190 9446 3305 2794 1978 2270 1015 2662 7159 9244 8160 3038 3030 6201 5493 6757 1056 4398 713 1563 6708 6520 8367 7671 8429 795 2879 3448 9725 3243 4702 9222 4375 8046 
54 3000 9593 9215 4779 6043 1019 1602 3415 1355 5680 6698 7433 6127 2167 3258 6368 3400 2734 2921 2983 8109 8203 2761 7228 6203 5991 5974 3337 1888 1261 686 37 3005 1203 6885 3890 4519 2433 1483 5760 146 1519 1496 399 2092 8638 5356 9163 8934 4350 2340 5855 1605 9502 135 5685 7524 8254 514 7363 2837 4232 3151 8313 2791 9805 7553 3012 228 8488 3114 4458 2207 469 7307 8754 4751 1261 1985 2830 5714 3480 7818 5277 5784 1747 6852 314 7599 715 3190 4879 2993 6223 1804 8842 8371 9569 5466 8346 8199 
55 3000 4918 9807 2272 6632 9827 6504 1825 7256 8895 4582 3257 959 545 9853 3699 1928 6920 2473 129 1771 6919 2625 1462 1762 2340 4329 3764 3210 7164 7372 8594 5961 9955 7373 4466 5012 9387 3959 1439 5263 2897 7082 8834 4385 8463 1443 6073 3815 9504 9060 6643 7882 2909 9944 5187 1046 191 912 7717 3277 1760 2520 4957 3543 4331 4120 8804 1439 1444 7046 1920 6926 7125 5920 448 8209 2655 8086 9850 7725 6480 1171 3871 6273 7232 8767 6631 5251 9884 4239 7840 7037 5029 2657 1135 3475 1278 861 5549 2504 
56 3000 793 5638 95 2900 7935 32 1489 7147 1042 7780 4980 2437 7332 5869 8325 9785 931 5220 8870 1281 4026 9495 3771 5458 1138 2032 3331 786 6530 906 7465 7300 4730 2107 5291 6337 4186 853 7844 8417 4042 1023 3916 9230 4041 2713 9019 3762 7553 7924 7480 8540 7724 4365 7649 2006 6759 7393 245 3005 8318 65 9816 7417 3048 1327 9334 2894 7234 2320 7904 1735 4576 813 1608 1883 1091 3765 7468 6044 3141 8003 537 8933 8587 9036 4112 2648 1061 7987 3078 162 7374 6648 366 6949 8043 671 6550 723 
57 3000 937 867 2556 9318 8063 2648 5507 6676 5463 3583 7684 6973 6242 9080 8617 6863 6720 6193 300 5851 5714 5563 5531 4786 6933 1468 9378 2486 4509 11 3764 480 1653 5430 5189 5883 2425 4527 5565 2388 6640 9230 6182 9391 7899 7277 4797 9235 4733 1022 5851 2582 4888 4368 3807 1907 2724 7833 9615 3121 9743 1721 304 5319 8239 7445 1692 8647 8079 6947 4233 299 6605 266 1975 8641 1657 1219 4653 5454 7731 1207 2903 6307 5253 1152 6605 9052 2982 1554 6342 445 3538 675 7994 894 2052 847 454 7325 
58 3000 7947 2906 6462 4187 9839 8751 6577 2563 3562 2027 6260 7423 3323 6934 6096 2994 5979 5161 5127 6253 8439 942 7322 8551 8189 4244 1163 5359 6950 2071 2363 4137 7449 7902 9703 332 3326 9246 4001 1499 2159 3326 196 9547 1616 890 2568 1109 8736 8144 3075 6037 2326 6808 2819 4029 8492 2303 6635 9368 9290 55 807 3797 4504 9934 3908 7513 6547 8810 761 8292 8492 1237 9536 8731 5218 8260 1957 1618 7694 4349 6649 3435 377 2462 5596 5972 1741 7223 3737 6076 7930 6232 1676 3523 9532 9499 1526 7010 
59 3000 1486 7006 5871 8284 6106 4385 9856 4377 9235 6728 6403 7990 9522 524 4550 5976 824 3715 917 5972 7732 3878 4294 1138 4227 4538 3358 3031 5453 9596 7511 2602 2624 5894 845 9315 1047 3891 9233 8392 1276 6481 544 6190 3391 5918 7981 3689 4399 8877 6546 8120 8759 9642 2634 2707 2038 1409 6742 4539 7687 5723 9312 568 6944 33 9696 1727 1858 3380 8243 5179 1447 205 1518 4685 971 2277 641 9103 4334 8759 2747 9008 9617 4387 5583 1437 7721 5781 5217 2763 4154 5877 6882 9688 3928 6484 8937 8364 
60 3000 9586 8974 9961 1642 2357 3084 8965 4442 6431 3850 8732 7248 6363 6671 2283 7728 7600 486 2466 484 134 9089 4671 4920 5274 556 2670 1240 5559 4809 7583 4565 7775 9297 9965 7186 9112 2804 5023 8928 6441 7385 956 5652 8717 8423 418 5871 2505 2813 5109 5501 633 5268 3492 727 3967 2759 1629 9004 6320 7068 7147 8174 2470 5471 6330 3715 9320 9551 4331 4110 172 2131 8513 4346 2129 2327 4915 7531 6626 8739 7840 4643 3076 755 2571 2401 5653 7984 1210 9259 3192 7820 1643 9531 2215 1119 9632 5633 
61 3000 3088 6011 4027 8454 9292 9835 5104 5858 9832 9194 6038 9297 4758 8140 7483 8563 3821 4484 5294 4658 8251 4229 1363 786 5658 4127 7585 1480 8056 2364 2948 9845 3024 7369 3750 2928 7973 4745 6932 5218 7557 2332 6551 263 4195 3386 3366 417 1725 7892 7551 4715 2182 1992 4540 4862 5700 5550 3986 9361 3538 7830 1854 5754 4235 1310 5638 998 2884 3610 2696 9955 3538 7554 1718 2019 4733 9352 7314 5859 8146 4913 7731 2289 366 4270 5692 5267 7802 4148 2359 1016 4706 8640 4426 5266 4329 8020 4331 8630 
62 3000 3195 5677 3599 99 8506 3169 9302 8658 8667 3411 3653 3042 6940 1984 6722 9597 8222 6563 2270 8281 8944 4483 6719 6787 104 8416 1240 2784 3413 185 6968 4293 576 2694 3341 8178 5694 9988 9566 6772 791 5435 9211 2621 4465 8039 7913 1355 3670 6867 4226 2683 8611 3614 3579 9516 778 3282 5372 5213 4094 2990 3185 8951 9197 8910 8123 9222 834 1322 5276 5452 8400 7798 3312 7751 9580 4515 7193 4781 7130 5682 4010 9752 8784 1103 1953 4545 272 1860 2399 1957 1481 4121 5124 6073 5727 1073 6647 760 
63 3000 2160 2981 1693 6290 1290 5373 7783 4086 3640 5347 2949 9591 1523 6004 6574 3267 3945 9010 3355 9715 4631 5274 396 4921 3180 3763 7421 1625 9337 8430 114 2822 403 3276 6582 3378 1755 5532 6951 9779 504 6970 6072 8001 2268 3333 9369 9508 1077 1895 1798 5369 2401 7147 9940 8508 9298 4601 7216 4074 1697 2729 2224 7937 8795 3017 207 3308 4590 8149 7641 5486 6529 8320 9949 4730 7285 5666 2346 7254 9663 6820 3796 4347 4626 3601 4108 9623 2444 1822 4148 4387 6976 8220 9180 1134 3070 5515 5331 5171 
64 3000 7091 5597 9179 4360 572 833 470 6993 6994 3500 7956 7784 1685 3344 8362 1993 4850 3261 8474 7670 7724 3111 354 6030 1844 1649 9682 9942 1459 6580 7218 559 9051 2749 3392 2057 3991 8445 6022 4508 4314 9836 1151 4878 1625 3528 7010 6147 9120 7248 1116 4554 2746 8654 475 4970 5472 2265 4932 4392 4695 4523 3632 3565 2766 6977 4607 6729 643 7590 7495 9490 4667 169 9381 4815 6465 1933 3755 7152 5980 9186 2609 4679 7618 1135 1648 9674 9529 1815 8631 7011 6011 155 4835 779 3032 8156 9648 9032 
65 3000 6886 7204 8278 6658 5971 2499 2598 6374 5689 5619 5109 7849 6474 5199 6030 4949 4946 5741 3512 1109 8185 4549 6979 2829 1138 6786 3593 1294 7142 8658 7842 2120 1577 8723 4258 3227 8647 7323 3253 834 1278 4147 86 3580 4149 3908 6954 4768 9839 157 8205 2742 8111 7213 8678 9377 8310 226 5168 6701 4891 3355 1016 1647 6073 6082 3825 8915 5614 7640 6297 1976 7715 9577 200 2187 5047 6437 3459 6041 9903 4568 368 539 8475 9057 4930 6682 8258 8787 7325 1093 8576 9622 3496 5767 4233 5717 7867 5938 
66 3000 2293 8947 9181 6077 1983 6471 9465 4011 7716 6410 6120 3172 5247 1661 7137 2968 949 1827 9435 7274 4216 3278 326 1061 2990 7331 2107 5135 2412 6564 9773 9014 6604 9243 1857 1918 3564 1887 4394 1895 3199 9948 8013 3066 8477 6620 8152 994 9701 9773 8394 6183 1915 7010 6936 5697 5428 8855 6176 2905 9470 57 5432 5358 8965 9025 6775 777 4439 5388 4001 1180 5042 5676 4715 5126 4701 7132 5552 8086 1402 9641 509 938 9588 5794 2418 6592 5686 9068 7530 4732 6762 133 3232 4688 2298 1292 8887 6435 
67 3000 9093 9033 9799 9709 9288 4716 4302 1257 1527 3381 3974 208 5222 681 6981 1568 7967 7941 4536 7839 6058 5341 494 8769 8148 3227 4062 9221 2023 1542 5644 5169 4506 7384 5803 7822 4485 692 7349 5863 9061 8054 559 5830 2831 4640 1511 602 285 4260 3554 6029 1339 7549 1894 5670 9983 8275 1311 3672 6058 7772 6998 5761 162 7500 8526 8361 1675 9726 6934 5849 9911 6336 4944 5916 8398 5766 300 3070 2275 8063 2235 254 8825 8065 1057 8591 1125 6712 867 5260 4824 481 5398 9488 8043 8942 6981 6670 
68 3000 4404 441 8631 619 9185 5912 9268 3935 8593 808 2050 6501 2168 5159 5843 2105 8310 1760 9808 3186 2933 2474 1119 3701 1241 2667 5797 130 2631 3771 2682 588 8718 3960 519 2077 4491 6968 8170 5852 2587 9012 7961 925 697 3861 2142 5676 2088 6010 2475 7608 9263 1996 2955 1212 729 9828 5646 3967 909 6547 9644 459 3161 3908 3171 4627 5934 2189 8789 135 2049 2129 1735 8870 1094 4977 1394 7557 4956 685 5883 2512 6472 4213 9765 2509 1208 9961 4895 9777 2359 4331 4379 9123 8777 6405 9666 5174 
69 3000 6124 6762 762 7751 1150 4404 9573 5366 9092 1819 6365 6840 4207 8161 9358 1053 3419 562 7437 4809 3098 3566 5997 8841 8964 6683 5902 1923 9112 76 5578 3121 167 8372 6230 2165 6558 2587 176 7942 2924 197 2318 5117 9638 3309 4727 8884 1460 4978 4360 7830 9318 3640 3902 4937 5206 5664 5725 6700 211 6044 8985 375 5671 7203 9830 9346 7445 5926 4745 6627 3322 8421 7016 6480 3542 3502 6315 4160 4453 3897 1422 3787 5289 5680 6061 4345 8067 5835 7863 3797 619 7932 461 1337 2743 5942 8701 7759 
70 3000 5480 6168 6982 3952 3517 7303 722 7521 714 8615 949 7535 8756 6253 2012 7398 8930 7686 2425 5843 7030 4256 8829 6054 1380 1862 3084 2914 3990 9775 2482 8372 4833 7562 3087 4944 9243 153 6202 7331 8450 1019 7955 2164 3225 3483 2019 5880 662 155 5446 712 4077 487 7638 8815 6040 6458 2430 4509 4521 6386 3312 4652 2173 6856 1762 7134 8733 2781 8718 7502 6545 5588 9160 3701 9219 9522 9831 8949 3404 6085 75 2730 3691 6589 5802 9920 643 2843 6575 8026 1942 5962 5829 2564 6672 3297 4208 551 
71 3000 2717 3498 6033 2126 7293 9694 8888 300 594 806 6337 8822 2576 974 3764 8178 2855 7123 7335 9711 3734 4640 6094 7870 6361 1187 7171 577 9998 8634 4126 7724 4430 3114 8413 7796 5489 3212 3968 2616 3709 6270 4926 216 6099 2821 6462 5833 1050 9149 8752 1031 6359 7972 4065 946 385 7248 6978 9656 6322 7114 7718 3681 9603 4940 8619 3601 8429 8514 3723 3802 7419 7349 1486 347 4391 2123 622 6976 258 2228 9065 9221 2062 1462 6063 6656 9122 1830 7389 3269 2313 5487 3683 5954 6468 4787 1917 1135 
72 3000 5906 472 9982 9513 3084 7980 4407 8933 374 1878 1194 5385 4964 8420 9788 2122 6888 6232 164 6907 179 5119 3041 7382 7142 3000 3225 4570 5759 965 6070 4490 217 6461 7070 7903 4560 4598 4576 8190 9466 7585 5630 7341 2148 2287 4935 77 9382 5907 6945 6101 3664 9800 1074 463 2478 1400 43 2060 707 4284 1340 256 6156 6352 1813 9628 8205 6138 5382 2836 9588 7241 3881 1622 1293 887 1021 5928 590 6609 9482 1143 2183 1058 1126 3477 2491 4937 339 3452 7045 8056 493 7526 1017 2520 3538 7840 
73 3000 2876 4036 2715 86 1160 1345 8398 9507 4382 3782 7057 5015 4055 6961 3350 1439 845 6580 5336 9892 3852 357 2815 6276 3005 8090 8792 7892 4597 9837 4070 8194 9931 2228 4962 9658 7102 2894 4132 4777 5897 3033 4559 5182 5822 8086 6627 8890 7257 6550 8343 5675 5730 6910 8670 560 9321 2698 4000 5445 9189 5676 7736 8845 3227 7148 3012 3768 2834 7387 8534 3709 2821 3200 7539 6769 4438 3608 9889 7904 1526 3655 7285 9292 9795 6342 1608 8836 9223 2689 6381 6777 9589 9911 1361 446 9121 7733 255 7134 
74 3000 6275 2822 1556 5084 4635 1344 2511 2619 946 9648 6210 5382 6260 3079 1801 1710 216 2903 7827 6131 8445 1375 8698 980 3092 4914 4273 6153 6471 5418 2579 6971 7845 9696 5649 181 3323 7024 8490 8074 8892 4832 1169 731 6566 2509 4029 6397 3665 3340 6031 9974 5219 4565 6216 9646 9492 5558 8297 1619 6635 4139 8372 2998 465 1008 5764 2779 3367 2302 6988 974 4320 280 2840 5853 51 2129 8609 9318 9311 6902 7420 396 278 571 6698 6867 1084 9216 7760 4999 3469 331 8523 7430 9554 2256 9352 9158 
75 3000 1749 1739 2020 1663 5775 9617 1800 5154 6823 4627 2678 8940 8823 5336 5695 9926 6854 203 408 9233 2664 5763 9487 6947 3331 2930 6420 4985 3032 1438 6364 8096 7951 2394 99 2981 4303 8965 1125 5537 9490 5186 5876 6231 6373 2890 7057 3593 679 6772 109 5839 1527 7569 2804 617 5079 3371 7954 2878 1320 9051 9251 873 3957 3828 238 271 3449 6948 6392 6408 3158 1492 342 4657 8628 6312 207 8925 9985 6087 1066 8274 7466 9509 9539 1664 70 5590 1511 828 7336 8095 2966 1268 4248 8103 3952 1374 
76 3000 9256 4689 5677 9669 5436 3732 713 185 4761 4851 6348 5953 5506 6461 1041 630 2778 8956 4017 8241 2161 6022 7981 1051 6502 4066 4958 5562 5806 9778 5254 6632 271 5810 9555 9726 6430 4591 4129 1282 6439 255 9179 7206 474 8702 298 9501 2256 5782 3064 1004 7710 3603 753 8263 6736 4964 5178 2531 8116 5913 658 8888 7537 6435 1102 3483 8748 9254 229 8914 7835 6771 4902 7713 620 6122 1602 3977 3197 2361 6007 3106 5574 9769 5715 9682 8459 1285 6079 3458 3158 6070 9177 3482 4600 5186 5896 345 
77 3000 7498 5406 1150 6548 5616 1147 2219 5003 4178 4532 215 5649 5394 3566 4671 202 7111 8454 1255 5024 4591 6029 2612 2119 5415 2310 2326 8256 7506 3188 2012 2214 287 3234 1532 152 8954 2633 2330 9106 1880 2241 3902 8611 1144 6770 3383 446 6178 6096 8263 6506 552 4693 2227 4796 1869 9192 4117 3553 4798 4062 27 3496 7222 5423 8513 8191 9517 2975 8936 2551 6958 60 2926 9454 5240 1845 8969 4493 9133 1628 127 8845 4261 5275 4875 266 2004 3776 1064 2214 7522 3932 3016 1096 910 7158 1732 1634 
78 3000 1477 6422 8240 367 5145 1301 50 7269 4978 1165 755 5496 4832 6487 2736 9257 6139 8273 3008 9810 7801 5625 2182 9582 9222 1421 6556 4416 6460 6125 3328 3945 1503 9721 8941 83 4673 1773 539 3648 152 9604 568 9110 4634 4608 4479 7460 9106 6686 1577 7206 3743 6798 8984 3496 5944 7651 8722 5363 1478 2509 7940 1094 8765 2121 2241 1729 6275 9787 2157 2684 3058 4533 2733 3490 2396 2428 6243 5670 8580 6011 8034 8735 6812 1856 5482 4301 6233 6247 92 8339 6073 8997 2705 1545 4932 5371 1841 7835 
79 3000 3182 6153 5166 967 8490 5826 4076 9289 4475 8880 1419 8604 2483 4247 2329 3174 6491 7859 8192 4836 1133 3331 3741 249 2851 773 7263 6266 4176 3717 3943 3429 1128 4183 2330 7591 3744 5856 3925 9662 9729 5401 5894 3479 1234 1891 6913 1805 4762 4367 6127 445 4189 7526 5245 498 6919 5523 3752 8724 3165 3908 7247 6040 8345 9686 8914 4145 8614 9497 4104 263 9514 5927 8057 11 7754 1941 6738 8405 6108 3443 801 8969 1446 9955 2681 990 5886 3433 6811 4885 1069 5192 2955 5699 5565 973 2680 4724 
80 3000 5395 4120 8941 9246 7689 6892 8797 418 7461 9896 9254 9254 7510 9645 6226 749 1450 4241 6625 6129 9859 7188 3579 3217 9560 9318 4768 4934 6020 8855 3893 5917 8882 9600 5261 7266 611 7233 1503 9416 8276 3754 4414 3132 8452 34 8917 8628 5244 6508 153 2819 1444 1974 3694 4685 2805 532 8888 8774 5444 6643 5316 6817 6370 8309 2390 7477 7137 8385 2062 4222 620 4012 4668 1317 916 4172 7888 7947 6375 5378 8841 465 5751 5476 9296 2758 7476 5584 4014 4749 2068 146 2213 9016 7655 5120 2155 5534 
81 3000 8625 4284 8865 4553 7411 3669 4967 7590 9384 4119 4652 6549 887 1974 765 971 385 7880 5022 3401 2742 3720 1349 2889 6625 7676 2347 6605 5030 7407 8882 9590 8933 1365 2799 2626 4070 8222 2763 8229 838 4434 3223 4774 7324 9919 6501 8741 5454 1871 8011 5082 274 6690 4593 5722 2348 42 5983 6177 3291 5042 9397 301 4416 8563 7253 3157 8516 5671 8006 2013 4762 2179 114 5465 6732 5337 9126 680 3567 2636 7903 8767 4240 8742 9949 8278 4968 556 5883 6823 9733 399 3026 819 3934 7315 8117 3362 
82 3000 1170 6512 3149 223 3137 6915 4339 3964 2656 6851 4216 6191 9829 7859 6835 7923 1312 6622 6116 8086 2719 5028 7312 134 4150 8350 1596 6800 8843 1556 3777 2960 4952 3744 3141 6636 446 701 7412 8111 1141 5583 9847 7180 1849 7726 9446 8517 658 9580 4296 5175 6332 1769 8033 204 8838 6268 9432 6398 3001 7720 5124 4167 5281 2865 5435 7533 3671 8098 3347 8250 731 5156 6595 8050 9735 4922 2876 9016 3950 9364 8191 2075 9040 1588 8310 3622 8591 4027 3361 267 2766 4745 5546 1699 77 1873 9981 1693 
83 3000 2295 6168 8657 7222 2471 1694 7536 5706 6092 4634 6762 386 5356 221 4001 3815 6575 7798 906 9483 705 4000 2709 1561 6994 4065 932 2774 9761 1266 9230 396 8300 4470 2356 369 9907 3820 8247 9553 6030 4546 3244 6094 1547 8900 428 7924 7171 6207 1086 9376 4974 1059 9302 5935 7043 9616 9670 7108 7252 4042 8135 7419 6169 5065 5957 5531 9084 2656 6804 1493 7155 4845 6960 2108 1693 4648 8672 4432 1559 5128 6612 7394 3694 2579 7466 1543 6770 7834 2648 6918 7970 5700 4145 9043 2884 2513 3475 3053 
84 3000 8545 1826 3782 5932 9575 8215 5049 6893 7463 9213 2436 5867 2971 5369 7749 129 1658 8430 4027 9039 2534 7654 3256 6920 9835 4236 7212 4048 7927 3875 1422 5774 9337 7453 2258 9774 5896 9843 7149 1417 3028 6845 7920 7260 7141 243 7261 6672 6163 988 8312 1578 3191 511 7383 4332 3267 150 9788 3711 3282 8712 8813 9037 5003 8160 7809 2424 1228 7414 5399 9146 5057 4290 3825 6139 2300 5558 410 8616 7003 5125 2147 4814 99 341 3416 8871 1185 6438 6823 1813 3429 9085 7162 684 1590 5070 8509 5785 
85 3000 3176 1113 4438 6048 2720 797 1352 2534 9181 9627 4961 51 6473 8213 9858 6901 7115 3580 2245 2752 9011 8601 5768 4634 5352 9553 481 1056 7642 1805 4937 4262 1849 3626 1404 589 7688 8114 4204 8974 1017 3259 1176 7571 9367 127 8271 8494 596 9164 7259 694 4663 4634 6575 951 8533 7177 5284 2996 4203 4490 167 4759 9854 139 5936 3735 4130 489 8580 489 3539 9766 1821 266 2982 3238 6712 2746 9401 8527 4345 9912 8562 5037 1696 2045 4955 1518 586 1845 4819 1747 9775 6680 2298 8336 173 8955 
86 3000 8716 4669 3182 4607 4981 4956 2159 9729 7111 2421 7007 5313 4886 5605 1893 124 3628 2807 6080 1694 9100 4636 7900 5444 5535 4698 1839 1930 6789 8404 8754 2213 616 9904 9211 1358 6075 7142 9952 50 4050 5047 3484 4348 909 6835 791 3546 5280 3443 7180 6179 7950 1092 1239 4137 4895 6968 6934 4913 3434 3029 8817 1978 1500 7940 369 3271 52 7134 5466 7823 8593 991 2966 505 3828 1150 4428 4895 1439 4942 4946 4278 988 7947 7118 763 3945 4679 8137 2534 4840 7395 0 9216 5538 3027 2856 5376 
87 3000 2646 8242 1463 2139 8036 2625 4782 6940 2499 9988 8693 1389 2524 7803 1829 7271 196 4761 4550 666 6230 6454 1023 4196 6115 9188 4444 7394 9400 1912 5374 5201 2089 6277 3208 4590 2173 4822 757 9306 8280 7284 1974 2743 1455 5024 2782 8936 57 3594 5048 1687 7793 3417 3668 1804 4867 8594 6785 2478 2256 3842 9124 2777 9113 9549 8463 9267 3300 4956 5218 5757 5029 9472 5160 1174 3652 2102 5254 5554 7553 9007 2626 4168 7182 9190 6650 9762 1203 8299 4163 2936 5775 568 7807 632 6952 8868 7493 2762 
88 3000 6210 2899 4989 6948 9103 5489 1639 1400 7035 7036 9198 5904 2166 8061 3799 950 5439 9896 3043 4975 7729 3487 6216 9734 4127 6335 7624 3796 1336 7547 3061 4167 8200 1024 9399 6034 9360 6770 7301 637 2025 324 7064 1265 5880 316 7579 7376 6110 4158 8425 6847 9555 1845 5084 6339 3984 7892 7276 9798 499 1394 431 5074 9064 4205 272 8668 7156 7251 534 8602 1540 4963 3803 5415 3176 7833 5480 1287 5241 3100 871 7282 4286 3558 5404 8718 4513 4488 7966 8667 5173 8720 7367 9575 1098 9814 1935 3004 
89 3000 6350 3367 2227 7511 1001 6452 6867 4635 1036 5172 1516 3025 1375 345 958 684 2031 1311 4316 5337 7386 7871 3392 2933 8590 337 4132 4261 9095 7724 1215 9698 3298 4054 5768 2082 8328 2790 6207 7704 8944 9394 2201 5432 5558 2015 1762 3958 5397 291 1458 7164 6772 2287 9758 7625 6484 9554 3490 8224 350 310 7436 1903 6858 748 7046 9531 3941 4473 4274 5901 8881 60 6548 3850 1336 6733 8858 6508 9492 8182 8969 7665 9341 4487 5764 272 7086 2183 705 3056 4660 2442 2427 5274 8388 7383 4449 9576 
90 3000 760 4500 6019 3005 5330 9229 6071 6120 4751 5624 324 238 1922 5170 1488 2807 4264 3716 2611 903 1128 6533 3540 2850 4318 1496 512 7965 1745 395 8867 4432 4204 8369 8893 5296 5274 1462 4784 2584 4351 2309 6734 9553 2795 3941 6152 1057 3209 1725 4000 2048 1844 3415 2259 4195 4120 7343 8517 630 3287 8721 3688 8817 2193 4079 2848 1553 8195 3821 9200 6085 1179 2911 1167 1356 4719 9680 2602 3381 348 2760 6133 8737 4965 6140 9625 6186 1361 2357 5770 6423 1870 3795 4801 9948 5148 2126 335 3055 
91 3000 6075 5865 8333 1963 8781 6055 9196 5053 2800 73 2975 3247 2349 3569 7711 8497 8724 519 903 412 5835 1411 4096 1000 8852 9554 594 7541 5988 5510 6304 3582 3396 9656 3697 8061 3201 2862 8900 2548 4648 5306 1910 6621 8383 3402 9935 1360 3854 4861 3856 967 9837 1877 7821 2513 8091 2432 1956 3812 133 9728 8208 9412 7142 9753 9305 4720 2984 6956 854 8244 368 8063 6546 1970 120 4005 6506 9853 3586 9978 8748 4441 8163 3630 3772 1618 5944 1365 2276 3480 5504 2778 5996 9326 6794 3217 1671 4782 
92 3000 9176 4460 8133 9046 2568 3531 6522 261 1729 9627 3625 9007 3654 9180 8342 9927 8107 9041 1275 1469 1269 7788 7442 3761 2520 5159 2121 4602 4336 9609 9809 3589 5321 3997 6315 4359 6357 9395 3976 4960 9881 7015 9994 6350 2290 8277 7902 9016 9464 2985 2155 7720 5423 5639 5844 4371 4100 9868 1534 9020 4248 989 5232 8983 7464 6691 3476 6086 9340 5840 3547 2035 3745 5419 6813 1912 225 5580 5192 5800 4529 2833 740 8525 2263 1351 8369 7527 5666 2403 1685 8859 3515 1918 1954 1306 4150 6163 191 8633 
93 3000 1626 5553 2373 9952 4992 6586 7784 8223 693 1900 475 6872 8097 8460 3854 4538 8146 3860 8406 7946 5136 763 2526 2898 1618 9457 6489 3399 6424 8537 9537 8902 5822 3718 94 9677 7791 4763 9108 310 9426 547 6515 1322 7463 2237 825 8915 1931 4602 1844 2845 2931 5445 6508 2417 539 3165 7850 605 7831 2436 7089 6299 7035 8021 8847 4679 8813 6700 9486 5705 4657 7332 8575 743 2422 9039 3479 7309 4975 7513 7073 1941 1971 9448 8583 1194 4762 5104 7551 764 4415 8984 925 2728 2873 8648 3272 923 
94 3000 7226 1643 120 4436 7117 565 4420 9226 5269 6238 6141 7874 1134 9028 4979 7450 7676 8270 6201 5510 1268 9834 9606 4219 4723 1803 1621 2594 3443 8284 508 6877 4702 1342 4710 9032 40 1057 4314 3363 798 3708 5639 1265 6767 8082 8953 4090 7965 9908 9313 4144 9540 4415 529 3812 9798 7016 2251 2799 1353 2115 192 3506 5409 44 9458 4522 9157 2118 1018 2247 6305 3820 1297 637 731 6111 4882 9076 3259 4861 371 8374 1560 8409 9332 4884 3185 3246 8394 2750 1710 7827 4464 4279 6019 4498 3064 8437 
95 3000 2701 9559 9799 7468 1585 1450 4943 1642 4383 7051 1156 2127 6476 6126 4326 1980 1812 3875 7530 5277 930 1617 8124 4349 2122 5604 7962 5161 5700 3950 6731 805 1405 1691 8418 3119 8931 3968 902 2437 1581 7337 8663 5458 3039 9203 8630 1242 7276 5374 9136 5333 1578 5752 2019 2002 2696 8133 7825 4620 6123 150 4158 4155 8501 9323 7140 5791 3141 1249 6000 3674 8682 5905 792 3786 865 2088 3232 4939 7436 9967 665 7894 6173 1772 3153 2613 6038 599 3692 3623 1458 7345 1548 3518 9721 5767 8728 4576 
96 3000 1507 5665 9565 8509 4544 4191 3431 4329 376 5280 585 4349 4274 7215 1129 8302 8260 8303 7104 5585 7258 688 7700 5635 8374 2284 7602 6421 3297 6833 8447 1066 3826 2090 3421 2595 523 6129 4970 6803 4490 1777 5640 3253 2273 9177 2043 4397 3884 6465 1947 2824 3962 8584 4490 6624 6042 4214 3520 2895 9963 832 4059 9353 2392 7897 1895 4087 478 8155 6296 3424 8629 7078 5847 7929 8414 415 7420 6523 1591 9884 8259 8733 6257 6974 1200 5058 6132 4884 3004 5469 2951 8574 5829 6029 2000 2958 1814 3639 
97 3000 766 9206 798 8911 712 9179 1158 7157 2181 7989 3773 7521 2424 4681 9116 217 6752 1044 7468 1901 2812 8541 2255 9171 7992 3370 6520 185 9945 9647 2503 4406 244 716 4366 478 1158 8579 4024 2217 5555 1459 117 2733 9929 9480 94 6680 553 8478 5432 622 2754 1933 9975 1532 3320 1030 1395 3413 6022 2837 5789 2042 270 6621 5387 7844 2888 8276 9397 6887 3020 2886 7965 1 151 5404 9269 27 5268 9463 9733 7187 5128 4310 7363 2581 9667 9864 8219 9805 2526 9900 5998 4701 4701 3356 4751 3225 
98 3000 1322 3769 4727 7446 1557 6831 1331 9665 1635 6075 7218 4661 1004 6683 7508 63 1602 7418 8123 4846 265 684 7255 5953 4251 710 9955 3037 9894 9858 5847 1338 4380 3054 9966 2675 649 354 6728 4569 5426 7618 7016 7487 369 5325 8395 217 6348 5506 8454 3358 847 6800 1267 948 8494 7640 6988 204 4707 7561 4562 9399 2481 6631 7564 3852 2279 3015 3171 54 5069 8654 4240 7910 8470 3074 4535 1115 6034 5322 7058 5645 9645 4023 5518 6382 5047 5564 8922 1858 498 401 9285 7126 8545 7498 2474 4757 
99 3000 928 6876 2172 3961 6607 307 6966 7833 2915 115 564 8725 9832 6113 5136 1737 7392 662 7773 6348 6208 1853 84 6152 1124 4815 906 6735 7993 1151 2146 1669 3580 6497 7745 6633 8588 6200 5770 1662 3810 9134 3623 1512 9410 9628 6389 4164 7319 7529 8294 7437 6769 6381 7299 3741 2941 9736 2812 2943 8744 5591 6531 3367 9716 8938 6405 911 2055 2456 3728 6299 3764 5317 3349 445 8939 116 7018 7953 5160 7934 9846 8740 4027 1521 9894 7778 4809 6602 893 2967 1218 1313 8080 1130 1320 3760 7164 2138 
100 3000 553 7699 6416 1150 7884 6349 1882 8989 5088 4323 5726 636 9147 7688 7691 1850 7777 2146 9695 3919 8083 9347 3537 6523 8336 1317 1745 8739 2873 3023 1537 8154 127 3050 1911 8119 3777 2415 3860 3112 7029 1498 3712 2240 12 5101 9595 859 312 5629 1028 317 6622 4406 1633 5829 5516 1101 4977 2471 1358 1288 3538 9302 9322 2134 789 1610 1551 6202 6421 1280 6429 3390 4678 5296 987 983 5820 2357 6429 1844 719 7626 6783 717 8570 5601 680 8662 7728 1107 6257 5616 9679 8424 9184 1073 6126 8527 
