FILE: 2623UnifS.txt
100 100 0 
1 3000 5227 6858 75 7936 8130 1405 9804 4936 372 7181 5909 5002 2873 1773 4294 958 8055 1694 5208 5597 8816 6501 6279 7363 614 1040 8662 4162 6683 5822 6317 5295 6373 5515 8415 1516 6617 5567 4859 3215 6518 6952 4943 6729 5065 9038 9124 8772 1972 589 3927 8998 1644 8882 9972 680 267 6951 3127 9523 6021 8965 8782 593 2423 3718 9258 3379 4788 6253 4326 4977 9822 7605 4866 1396 8334 2677 9642 6991 1080 6234 5202 2027 7724 7020 8911 8355 8927 10 5097 3229 1568 6779 4333 1232 7078 3998 5836 4338 
2 3000 2905 53 2999 96 7109 9795 2036 7938 6069 7408 3768 3612 5332 7406 8517 1742 3569 3756 4141 6511 9672 7120 7181 466 2963 231 7139 1460 6539 1383 3883 7701 3733 6061 8173 943 7705 6676 5311 7791 4158 446 1921 9134 7178 5387 5854 7706 8194 4433 9208 3769 8076 7686 4485 8920 2344 2786 3871 8025 9507 3404 1631 9281 2534 5867 9642 2393 3437 3903 6047 4891 990 1510 7023 6555 1569 3954 1695 1979 3112 6891 155 1254 2217 3612 4617 8775 4349 411 3697 176 7184 88 9811 7386 7072 3564 9703 1819 
3 3000 8631 9629 8102 5673 7454 2814 4492 1372 5956 9388 3023 9120 2337 1474 5528 2588 2671 9302 7685 2718 6118 1574 8289 9659 3270 3966 1656 2829 7612 5743 3150 9092 112 4509 7834 9073 6937 9078 2250 1584 291 467 9319 6192 2383 1023 6372 3895 2512 1661 6295 5933 7289 7242 1816 724 3967 67 2900 8919 6917 1496 7277 6588 7208 1697 4099 6525 5330 7516 714 7689 7026 8472 2567 2753 2263 878 6231 3797 7319 92 5556 6107 0 880 948 119 7976 5920 1773 1467 250 2415 1880 9177 1745 6848 8257 1967 
4 3000 1020 7846 2806 2685 1110 7180 7249 866 3490 8884 1151 3417 5167 6501 3074 3425 8891 8457 4856 7090 6498 1554 9009 8784 5375 2592 9253 4235 8048 8116 4163 1833 4896 2286 3946 2069 9995 2872 348 5090 79 5380 9677 6379 6632 5291 8957 573 1100 8438 5208 3388 3235 9499 7840 1680 2557 8618 4192 1632 2943 6155 8175 5059 347 5550 2053 3841 3633 4327 1345 2485 8543 3209 2853 8806 4790 3367 5813 2736 6265 1791 6174 3258 4387 4784 3999 3466 4557 9586 3992 3744 5758 4119 9151 3080 3262 4857 7547 8498 
5 3000 4474 2824 2223 2613 7897 7713 4224 9320 5217 133 8749 7600 6526 1981 4426 3450 8655 4938 5718 9951 6641 7087 8447 5442 8318 7663 8448 9833 2029 9924 3348 9038 7470 2143 7465 7534 9652 6733 9836 9045 5991 7494 5372 5349 6522 4977 9132 3212 7242 9990 3728 9448 6572 5212 9852 4100 4949 4941 9924 1751 7537 2966 4877 959 72 8562 4053 1809 7824 612 8233 1604 7686 9853 5790 8671 3390 9245 1963 4292 3847 2471 1264 2766 4613 554 3002 9590 2477 6607 9936 7772 3175 8701 52 2259 2231 861 1469 2497 
6 3000 8926 2191 460 3120 3379 4115 2610 2750 6769 5751 7088 937 4673 7409 4057 3215 3529 2205 5192 4287 229 5816 7341 9331 4830 4345 9295 3436 6399 320 1696 9161 1971 6811 62 2215 8646 9684 939 5272 8798 7963 1178 9896 8420 2333 339 6607 8582 1756 6217 3062 30 8222 3496 362 893 9616 5524 7488 7526 717 9217 3859 8474 2316 3085 14 1563 8465 8386 6422 4116 1847 3402 416 6289 7273 843 1252 7537 3299 8373 3289 6208 1979 2260 7302 2251 6730 4160 9914 3063 8332 1013 1153 2447 9046 8072 138 
7 3000 2708 4862 5056 8886 9862 5870 5430 4247 1982 4758 8802 7960 658 3426 6453 4841 5588 7742 9990 9087 2294 404 3123 8711 2962 1944 6567 8104 405 9843 6069 8711 5154 5779 3559 7850 5674 999 1433 5635 1700 9817 9947 43 707 1229 7753 91 7495 8664 5543 7151 6909 7855 2833 4378 9674 2833 7862 4271 1361 49 620 4357 4480 620 9001 999 3690 701 8079 1330 4144 9980 2512 3310 2948 8299 2068 3913 3758 400 276 5431 4487 8799 6209 9912 8150 4777 9380 1715 6829 7506 7772 8197 8761 1290 8990 8518 
8 3000 8550 942 4540 578 515 5276 7229 6072 5146 8728 1692 3678 8701 1105 8047 361 5914 5454 8672 811 5842 4057 8103 4998 823 2555 6068 3856 8572 2193 3633 3094 7392 189 2485 5128 4514 8234 7329 9140 7564 9108 1421 9260 9150 1433 5214 878 4580 2535 8141 5074 2699 9451 3514 1178 9856 8039 6553 7455 6992 234 5537 9911 9855 9410 6083 9228 2343 3884 8546 5824 2966 8532 8549 3033 4433 4537 633 8417 6374 7261 5036 3199 1175 2239 7595 9818 2942 9300 2773 7619 9594 4816 9811 6655 8077 2070 2006 9627 
9 3000 2703 9754 9112 1935 6614 8589 2872 9869 6375 6073 5662 6914 9685 9347 2278 8183 6219 6199 4829 2978 1594 4178 772 5470 4457 7844 4061 3513 6698 4137 9422 5571 6795 5875 9760 5783 6274 3374 6684 7141 9302 4194 4160 2803 5400 1011 5286 5525 5283 7612 2198 5217 9827 3016 9096 4632 2155 3722 8394 3168 2855 4077 1 8810 8319 4775 3721 8179 2208 9476 4780 4723 41 9555 2482 5022 6909 6970 1980 3223 8319 5257 9185 3597 4154 8656 8789 1226 5765 9355 5419 808 6188 2857 7914 3591 3478 1484 6728 2433 
10 3000 7181 5989 4456 4987 7917 5311 9486 5004 100 4439 2780 1774 7776 412 7771 7679 3588 6439 3396 3878 864 4146 243 4117 8835 3945 9831 6662 973 3530 7014 4357 6455 4503 5505 2806 4757 7115 6530 6686 3362 3136 606 4177 8608 6858 2440 9522 9644 4208 8962 3708 5527 1 472 3281 5435 3306 4921 7272 2004 944 5311 2259 7795 9112 224 5554 4887 3121 7472 6503 7584 5278 877 5930 8263 873 173 3687 6334 2304 4032 4342 331 1323 6215 986 3126 9408 4855 7168 272 6255 4852 6952 1465 6405 3407 3103 
11 3000 5133 3985 8668 3392 6155 5581 1515 5031 6695 1236 454 7235 173 3568 9651 1900 8351 5017 79 2416 1547 3217 3801 598 1980 4492 1368 1746 227 5476 2348 7827 4822 2860 8977 8786 4962 1263 2938 1978 6354 9228 5264 9726 175 3343 9363 5008 5164 487 7172 5258 2838 8200 8431 4311 5827 3184 3093 2450 9346 7916 6843 4598 5779 5401 9755 6622 2395 2040 8067 9769 2191 8627 9087 3222 7852 9471 9215 4787 8846 9637 5100 9698 1635 325 7914 7554 3016 2360 759 7377 6585 7816 9187 791 2330 9761 4860 3336 
12 3000 9342 129 2322 3902 1657 5713 8904 2282 7219 2292 7750 4860 9974 6872 3971 8420 5079 8057 3920 2076 7247 4550 7597 7335 2209 1769 4175 6276 1303 6596 649 7863 9192 246 3622 2375 4703 9265 4197 3967 4790 4650 6014 1352 1623 9095 6393 6610 2808 2364 619 2125 4722 4783 9342 5637 8980 8867 9101 3429 2022 9060 5980 1638 7834 9609 2387 5686 3782 562 6950 7837 9577 1885 7551 2884 9370 5712 7473 1955 6961 6712 4681 4448 4142 589 4224 8091 2162 701 3760 7121 6315 2806 2211 8598 3657 7934 1538 6834 
13 3000 3843 3384 1645 5954 3095 1841 8406 580 1290 8626 4818 4638 2175 7069 5276 8294 6707 1996 2977 3010 9519 1363 448 4727 8507 5989 3198 5177 7548 7439 6494 1315 2338 4009 5264 2877 9357 4857 7125 8062 7960 2243 8536 7347 5591 1900 4073 5411 6120 1535 8832 1203 1315 7444 3959 6118 5425 9264 5299 311 2897 2839 5175 7129 9219 1218 7289 5667 4878 3777 4752 1455 2457 3465 1235 5266 6846 2173 5243 47 8581 4233 7523 5981 313 8038 1589 3668 6394 5785 7372 5436 5593 1352 8001 4773 6936 6289 9704 3885 
14 3000 8670 3942 4833 9381 356 1697 8021 6081 8079 1355 5455 8949 2792 7622 7282 3154 1778 4734 3131 2250 3241 1206 773 4488 4023 2694 7892 7246 440 3001 6989 9592 2247 3193 3411 2963 9733 8845 6502 9977 3929 5412 3880 1366 9953 1729 8840 1033 3472 1626 882 9237 293 3681 9361 3901 9078 9083 268 45 7183 7635 6129 7347 9624 1873 9033 5824 1165 9311 6786 9641 1534 2811 2187 9047 3765 9084 5431 430 5659 5305 9636 4502 4374 3864 9493 2611 4144 5234 3049 1168 7116 8969 6605 4211 7313 2824 2743 4086 
15 3000 7727 0 1480 257 534 4520 4547 6238 431 4717 2788 4653 1103 4863 6687 419 4812 4911 26 2055 5112 8366 6655 1114 2690 8283 399 9746 4328 1387 8085 6374 4997 318 5691 9512 3067 4004 7629 9688 8651 6156 9141 9514 5068 1891 1832 1859 3432 2474 2318 6167 370 8194 4006 2881 8856 9356 1995 6011 2184 5403 1105 3811 1050 2166 7028 7590 3772 7230 603 8646 9627 3432 5224 3323 5318 482 7364 6197 4562 4710 225 1382 806 6936 521 1966 3066 8466 8374 7567 4893 5216 348 18 6462 9952 5596 7177 
16 3000 9786 2666 5139 4858 7058 9073 4270 6891 2115 7227 8079 3305 5026 2271 106 6638 9809 9308 4120 6368 5270 4395 9019 1475 8970 3666 6859 1120 4309 577 4004 3460 750 1278 5407 2574 7148 8108 2010 3528 8224 1217 1271 5556 4151 8312 818 3368 3267 2527 5224 6585 7920 8420 5913 7294 3427 6095 4182 5739 169 3448 7359 4122 8801 6533 8077 8541 8596 8068 6678 9046 8909 4046 6736 7824 3763 8488 3718 5510 9571 6310 6753 5614 5967 4321 3537 7087 9780 346 8363 4999 2116 467 3269 9351 8578 4398 2319 2007 
17 3000 2604 8981 9004 1753 1932 9804 6769 7481 8189 952 2664 9497 9607 2873 4126 8954 6862 8378 8874 5412 2040 6760 7946 2522 727 6040 1840 1831 7221 3339 9803 4720 2874 3376 2223 2462 7559 5084 6164 4401 4255 6359 4013 4266 6765 6934 5263 4603 556 9369 1407 9332 6723 8178 3976 4431 9078 7070 5681 6748 4366 4324 4698 929 5606 6283 2066 4482 8551 8976 2216 956 1286 7864 6623 1253 6933 5709 584 3059 9501 8575 3119 8405 2842 9943 9999 9350 2746 2962 9899 1788 2155 819 3675 7382 9501 5232 6766 3624 
18 3000 174 3074 4720 2020 1109 1120 1851 4392 8501 8915 3009 7320 8647 9773 8490 4694 1910 9896 2058 8402 9806 5621 2101 7135 5224 8791 5904 3325 5761 250 7055 8199 191 1468 5972 4965 8050 4282 3554 120 2356 8769 7958 2883 5446 9245 4505 2758 7941 8380 8700 5209 835 9450 2394 5477 713 6706 3054 509 8087 3869 6165 9017 8865 751 765 9665 8936 8004 8090 7371 1888 9988 3351 7748 9849 5768 644 9658 7449 8235 969 5895 8909 1354 3387 1998 8260 5532 9295 3180 2680 1117 9830 9389 8960 15 6396 8492 
19 3000 3092 5441 4316 7582 2985 9788 9608 2412 4307 622 8892 4954 9447 4804 2410 9082 9603 737 186 4383 4 8736 1297 8086 8241 9522 6281 5125 5740 850 2658 6321 2344 2247 3589 4688 4036 7886 9649 9873 3772 7587 3729 707 5449 5929 9068 5895 995 9504 399 2819 584 2283 8231 4476 5972 9116 6251 4536 6968 7350 1848 523 1020 6575 9768 5125 5929 6500 8893 5629 5694 2941 2140 1478 9469 1951 9488 9955 3661 2058 4133 9990 7138 4642 1766 4098 9573 2426 2972 8432 2908 6105 8759 972 5944 9081 9210 7828 
20 3000 2054 345 5262 7679 24 5465 3605 4327 8021 5712 4714 7386 676 5304 3996 1083 9305 6778 6072 1199 5246 4483 2177 124 6324 6207 686 41 6443 2919 771 4232 8298 6639 9173 6519 9215 6437 108 8815 117 2554 8292 6811 7616 8647 5095 3783 9223 2158 7819 2529 1691 2815 2098 5423 2480 9249 7426 2602 4344 3742 5810 8274 3051 5098 3548 5149 8216 9637 6130 7002 7273 319 6266 9353 2559 3990 5038 8275 1532 6750 6177 7334 111 7452 3468 2639 9139 9323 1272 6030 3973 9706 8183 6388 7201 7939 3806 9067 
21 3000 4480 1344 8655 3449 3501 9349 7182 8634 6079 5738 3932 7246 3370 9020 2816 7363 4206 923 9518 2582 6564 3019 7019 197 2155 1465 4249 7511 4136 9880 7868 6269 7956 336 7164 5216 5315 2485 2084 779 1254 796 4384 5880 4376 9935 1906 6864 178 8258 5982 8563 7520 9430 1962 7476 8216 2172 2865 3078 9747 8136 6153 7256 1098 7895 3641 1864 1729 5068 4518 4410 3660 8567 1502 1863 6688 2962 116 2585 6727 6985 1092 6393 7270 147 5897 2739 3984 7483 5387 7024 2420 2425 1581 5023 8855 7798 2567 5453 
22 3000 4256 4942 528 650 1371 955 2893 5381 4945 4067 6617 3774 5054 7135 5580 4382 3578 9263 1118 3362 3784 5551 5674 5785 3045 4963 9572 5071 8679 6326 925 545 6910 2448 8659 3123 4966 2366 8665 9119 6286 1718 3078 2179 8862 1235 2679 3341 6707 3368 2421 9215 4442 7030 83 8296 5011 467 8046 5395 520 2257 8198 4199 6206 427 9956 7950 7520 9703 1425 8262 349 6880 3670 2048 4351 4316 8120 6580 9422 1556 7099 2672 5285 5076 7471 5994 4206 6155 7423 6496 6831 6870 6367 5976 1155 4221 7964 3756 
23 3000 4608 2371 6280 498 9273 3022 5062 129 222 3907 138 9910 6985 5418 4948 8607 8139 5342 9195 2813 9019 1742 623 1370 2563 3946 9915 7936 3273 1673 8728 1663 4308 2274 839 6010 7696 6109 6424 5671 7676 38 9463 1641 7161 9045 8263 4392 7329 5983 9114 5189 338 9446 3065 5516 5166 9763 5825 4641 6573 3123 793 5295 7196 3816 5208 7484 2759 4608 9427 421 415 5236 9329 2584 213 9029 1839 9901 9683 7652 3585 2058 1553 3983 2670 6932 4591 3101 3580 3150 7568 1414 5204 774 6347 3902 1994 106 
24 3000 4098 9487 8239 8627 4640 4533 5467 6050 8905 4462 2971 7506 4525 3505 1465 4855 8551 2570 9858 6115 3291 5239 5160 3025 5273 1888 5505 6723 7337 1935 6306 1562 3853 4212 9532 7037 9052 5456 6110 7848 8500 6936 1453 2081 3683 9196 4111 7516 9722 4924 7548 6065 6215 9956 5050 6325 1200 2386 7742 4266 8244 9821 5751 2037 6662 4750 2475 4900 4852 8036 1992 6291 6763 543 9581 998 1483 2878 5380 6476 5955 3263 1161 2278 816 3531 231 7612 9364 3250 460 7026 9643 1963 435 4216 9664 9567 8738 3964 
25 3000 5741 4802 6343 2187 3956 1875 2149 4130 4750 5206 1632 671 637 2301 8616 2753 7044 4744 185 3945 6278 7321 4703 1125 4610 5267 2967 3286 2499 9631 2490 8475 7921 783 4896 8848 2844 23 6453 3852 2811 9335 1721 1537 9658 9257 334 7989 7351 4875 6896 4886 955 9943 4016 5186 8722 9135 8454 6931 7303 8409 402 5184 93 3508 5885 2084 8690 6578 2287 5035 7492 919 7007 3008 1406 3847 9233 982 6687 7701 4845 2495 4911 8956 4445 334 54 5472 4503 5338 8717 1866 1644 3337 3457 3006 41 206 
26 3000 9258 5634 1947 5052 3120 8111 1347 1521 6769 8288 735 7232 2505 9504 1016 1333 2157 4702 4534 190 9183 8683 1222 1191 3878 8470 7886 4682 1715 1807 596 4024 4812 3782 226 3778 6520 1567 1097 6011 9138 7297 2758 4735 4754 9061 4890 8460 9209 24 5328 878 9186 5672 1219 9677 2426 9188 3297 3469 1068 4941 3284 6849 8115 112 4421 3584 7018 4441 5116 7914 4400 8091 5724 3991 5887 7653 8449 3436 5079 262 372 1021 5637 5844 9599 8481 6499 7486 4547 6444 218 9936 6336 4492 4430 6219 4326 9344 
27 3000 6441 2386 4761 1165 943 386 2552 7997 854 9059 6177 8322 1281 3259 5711 1742 6613 1102 3972 7787 735 9332 807 2855 365 6822 486 5262 1523 6192 2235 8431 9116 3557 3888 2199 9658 6399 8661 2252 7106 9557 5056 7679 1829 9357 9890 6663 2692 5851 4444 283 2274 3191 3746 4452 5211 8127 8964 9971 9655 6624 2945 718 1867 8610 8857 9953 3931 846 1972 4752 4596 7927 4568 8568 3237 1396 3954 1909 6947 6994 3623 1154 755 32 7534 5481 957 8882 7505 1929 1591 6607 3749 8578 4021 696 8523 5862 
28 3000 9653 946 2905 5998 5773 5449 6695 548 4518 4720 1447 6101 4957 3938 6617 8084 8315 3320 8841 2692 6304 6616 4340 6947 2595 7732 4443 6884 7405 5472 4245 3861 5211 6414 4379 8985 5590 5902 5921 5680 7185 7170 8415 364 4797 8585 1032 1261 9593 9022 6837 5331 2453 1358 201 3334 430 4091 7322 3010 6345 1092 9880 385 1494 9468 1815 9213 1496 5565 9226 8526 5254 9087 3403 8320 7043 5340 6976 3368 1728 5606 3193 5147 3105 5637 8322 1903 5360 2277 7180 6827 7666 8209 1786 4372 1891 4823 3132 4680 
29 3000 3445 3217 6095 6144 5236 3314 7456 6092 4771 1108 7057 9592 4360 4038 2077 6389 4462 4482 4434 5962 149 1380 1313 709 695 9978 8819 7255 2291 9698 8751 5883 3885 138 8509 8097 6147 5192 4118 2303 3558 5292 6381 7618 9626 7784 160 5803 5225 5424 6770 1323 60 2994 9515 9530 7259 2053 2337 2971 1083 3808 1590 5821 7770 107 950 6445 9499 2563 9434 8077 1479 9797 2557 7632 2164 2812 6611 2639 6594 8490 6062 6297 2857 1208 4082 662 1682 2589 6198 7954 9154 9371 7071 9991 2550 9404 402 5747 
30 3000 9307 5769 1949 7036 9112 9027 5692 2320 9115 7589 3102 8644 2271 6211 5544 1693 8803 2616 9808 3979 793 2240 6758 1142 9894 1103 3114 6393 8175 6806 6346 3065 2083 7651 2709 5303 9531 9887 8393 6866 116 3081 3800 8066 8458 3616 946 823 663 6309 3987 1852 3915 4160 2877 3968 9191 6221 137 5523 7098 3595 764 7960 6842 3552 5258 1501 8314 1781 5768 8957 7307 2755 5378 7653 3855 8233 502 9497 3700 3878 6416 9156 2877 4003 5910 370 5434 4443 1061 379 4270 3549 8141 2491 5097 1313 5641 6755 
31 3000 3536 6612 5424 8777 5325 2577 7004 6654 9664 93 4944 6025 5677 9416 9389 3264 2004 9924 9715 6781 9512 7983 1306 6461 7141 2947 5457 1219 863 1277 2403 4685 5774 8786 7468 9014 1310 1016 348 6816 9585 1725 7505 1219 6859 9515 7701 4048 8121 2578 650 2139 4813 1561 8791 1766 5663 569 2195 1205 651 6284 6588 1416 8103 5207 4509 4851 4900 9036 9580 2388 9821 8157 3916 8388 8 3266 8647 3882 556 5117 7573 7877 7227 2391 3938 6791 2287 7694 338 2009 3478 1677 1743 5571 6100 5279 1652 3975 
32 3000 8233 106 1371 117 9071 6920 2411 3343 389 2261 2022 7638 1135 3197 1839 7933 5140 192 9665 4536 1964 8102 4368 5693 855 5297 3911 8272 7842 906 6507 6571 5950 192 4889 9251 8538 8042 3721 4395 5766 592 120 2690 4183 4973 7308 8741 9444 7180 1393 497 2146 8071 1267 6816 6797 7486 1638 3143 3903 6493 9179 5325 5187 7761 1806 1539 1922 4053 1080 2354 6401 4850 7737 8911 6527 1097 336 9237 3525 8071 7041 2674 2783 6381 518 2438 7817 1086 5969 6307 7362 8944 2277 5422 5584 3779 6290 1229 
33 3000 5425 9982 219 531 5060 4128 2167 8674 7494 4725 9781 857 3273 83 7029 1564 6326 4312 4104 2122 2929 1440 448 6386 3792 7663 908 4548 9280 1714 5013 5068 7747 3358 9372 4736 7004 17 3206 6851 8908 1511 7000 7536 7076 2932 4278 165 7728 5641 6506 7926 3647 6387 1120 4505 1272 4554 2680 2889 913 7532 7143 2305 91 4211 9270 3280 9999 6609 3149 816 5097 9609 5851 5709 5824 8835 4207 3975 4438 6650 4707 4413 3984 6272 6531 4285 376 4022 7699 3129 7622 9699 4351 4688 6156 5071 3145 6973 
34 3000 4307 496 6789 442 2886 9673 2691 4312 2904 2510 4736 992 6409 6117 8190 8641 454 3934 7725 1850 4182 2972 8574 455 9045 9184 807 6465 2145 965 6731 9126 2692 769 1423 8102 1602 4858 6378 4782 4205 1171 6286 1715 6091 5321 8937 172 2070 4717 8248 5823 8265 806 412 2551 7322 9452 3180 4384 6758 9424 8259 5550 419 9021 6845 8669 3070 819 8268 1052 8117 4538 1775 9141 8436 8042 1430 1066 348 6461 4143 7327 701 9431 819 9605 7091 6471 640 7692 1197 477 8463 4555 5250 9343 5350 9516 
35 3000 1618 5708 2220 9560 5527 4825 6624 8769 894 559 2653 5885 9299 9509 3957 9985 2067 3249 9905 4300 5490 8706 4858 8138 9163 6653 574 6952 7449 8327 1733 516 4071 181 4590 9239 9825 6751 8753 8596 3418 1652 2086 1687 5437 6702 8733 9921 5438 9165 275 1823 2158 7126 3 9971 6856 2982 326 6051 9781 5065 3289 4042 9756 7392 4237 1527 6898 7531 8582 9121 8457 2599 1713 8035 7778 3382 2017 5756 6392 6585 7037 9859 9234 5197 2746 9937 2979 6992 5949 7662 7508 1149 9813 4968 498 2996 2517 358 
36 3000 5137 6883 9031 3341 964 7180 6016 6988 7833 7392 9854 8615 3004 7411 7800 8594 1357 8885 2256 7286 8732 8713 8177 97 8395 669 3600 665 624 5146 3289 2168 5429 7024 5519 6755 8389 1674 1978 3107 9617 9072 789 2120 5850 6048 2669 713 5665 6657 202 3764 7817 675 243 4165 2704 219 9444 1008 6959 4496 2908 5893 1163 2670 5967 7360 683 4861 9080 3452 9643 1265 5867 2394 8007 9400 4254 1402 1797 9480 756 3621 6434 7906 7878 3178 3201 8890 4641 8369 8831 4202 234 2968 8227 1038 794 5656 
37 3000 299 8019 9306 7585 6925 9312 8632 8060 5050 6873 7660 8347 1892 822 587 3604 3285 7937 9316 2946 5147 8274 8985 7622 8065 9917 6623 7328 5011 1845 2921 4638 2186 4929 7138 7565 2978 1055 5129 242 5056 369 496 1732 588 6648 8864 2961 9572 795 5287 1779 6308 2462 4772 6139 8987 9796 5933 5410 2404 7307 7767 9807 3796 1869 9558 7954 1813 6836 3904 2562 8602 4294 2869 4244 5024 5426 7259 3441 8994 9011 9026 488 6947 8047 6797 3793 8424 4493 4521 6148 3793 2142 3252 9160 5081 7618 6049 5811 
38 3000 9946 9497 6002 1144 8762 5552 7386 1068 4838 8122 9940 9291 7754 7614 6264 2384 9827 4120 2353 2958 5702 7162 1244 979 5067 3566 9796 3194 8491 3457 8592 698 6389 4380 4966 4611 1114 3546 9155 9889 2170 8203 3577 7260 4552 4134 5234 3277 212 2273 1237 8507 2647 3458 7460 3837 4616 1296 320 4909 8977 3164 1671 4674 2656 9326 6843 4085 3733 182 5783 894 1657 1637 7341 6594 590 8598 6668 1477 5865 6597 5743 7812 3585 1534 7027 1159 3327 7549 242 9801 3992 3018 2268 2301 2762 4677 177 3189 
39 3000 7196 9863 7378 6767 440 6888 2902 9044 9568 3538 3798 7796 7052 3686 666 747 5342 2046 6302 1880 4590 7042 7483 5869 3485 1800 9866 639 3220 3275 6012 8047 4579 9494 6547 2694 8155 4926 4429 8856 7689 3981 2358 5543 6534 2629 3301 9684 7244 8147 4142 7435 4293 6991 2463 3612 9909 788 6446 9249 3043 462 7895 7282 1458 8479 8397 6361 6943 9216 8592 2778 3653 7458 579 529 9576 5020 3443 9497 1119 5492 1904 1761 825 7113 8102 6027 8213 3761 6491 190 3745 4079 1870 2017 5909 8723 536 7954 
40 3000 1441 5725 4562 59 8661 3997 9194 1066 3941 4949 3386 7559 1291 2236 3447 1292 5074 9625 9820 8611 5851 6999 6984 8024 9339 4469 6481 5874 8508 4629 3072 157 8788 2919 4007 2447 6415 6128 1435 7962 9894 9010 7927 3743 4586 9031 5127 4964 429 9244 5536 9364 2772 9280 7406 9811 6341 4473 2774 4978 2332 3102 8611 8157 8624 1767 1099 4190 3116 8881 3035 4530 197 6293 4359 422 333 9033 5802 4212 2779 3187 5671 8784 1427 1886 9742 5112 3762 9433 4294 7950 2957 3547 2262 9638 3086 5734 2507 2035 
41 3000 7465 9784 2226 6579 115 8390 2477 2468 355 7897 6830 2973 513 1170 3144 9867 6769 8594 8472 5987 3117 7190 7086 5914 8458 7867 1630 4787 6813 787 7400 5232 662 8867 9741 2420 7411 9393 4578 7256 8980 3775 2067 7682 4519 5410 3375 8113 6248 5684 579 6996 8420 8088 9693 2494 9413 467 6825 6290 6945 5394 7450 5527 6410 8658 8811 2864 2349 5894 5454 4658 3033 7323 7872 7274 8186 625 4285 1520 9815 1935 5546 5202 6184 4966 3163 3811 8897 8252 454 9330 3119 520 6825 7169 909 4189 5170 1221 
42 3000 7692 6985 2402 7046 1842 1695 3101 3185 7402 4030 6293 584 9922 8627 5355 163 5422 3168 1038 8489 2486 625 7623 1595 7474 9633 2196 6906 2861 2987 7050 3301 8704 4258 5217 9295 7231 2545 9112 9350 556 5343 2319 8306 1519 9538 4489 3940 7649 534 9365 7652 8257 9490 5941 3270 4650 8700 2732 3986 3467 5082 5183 7415 3149 1804 6192 8777 3528 8027 9763 2205 8537 6780 7783 182 2058 949 9929 1094 6878 7407 6688 4921 6786 9253 5514 7039 1784 6187 104 157 6427 3003 2802 4375 1291 6215 124 5365 
43 3000 7558 8797 1410 686 4734 3058 606 4210 1490 1638 1159 8686 9623 6629 4052 6421 1149 6817 8950 8090 8515 3061 8481 9668 7944 1780 5639 7489 5893 6583 4306 1433 8647 8007 2912 6228 5035 1394 1206 889 2267 2885 161 6276 4898 3541 5002 774 6922 1587 1357 4107 6983 2789 4534 9265 6718 8942 1926 2570 2218 4499 8535 1852 8622 1313 5626 2766 7829 1505 2504 3217 9338 8470 1417 5924 4215 5985 5583 9104 2181 5467 341 5275 1825 1337 7432 8198 3950 4518 2396 7926 8031 4056 5104 3997 1809 6868 3408 6736 
44 3000 4004 5608 9919 6692 156 4670 1909 2192 1590 4303 4340 5033 7502 2861 6012 4282 181 7173 8846 8214 3342 1038 282 4370 3595 1846 8810 7741 5034 5327 2618 7075 6950 8419 1373 9311 4672 266 1121 2139 3535 1337 2317 4684 5962 674 975 6311 1688 1264 2944 3561 1095 3530 1315 5211 1674 6959 6946 5456 7623 9844 2111 5216 2554 7155 7284 1573 5337 6537 1034 5327 9064 2428 3060 6681 3137 8310 338 9048 8487 7075 6397 987 5909 9524 3729 6260 7532 989 9307 2015 1403 6074 3246 5096 9206 1534 572 6476 
45 3000 7102 7262 6131 3815 9691 5419 2614 2146 7103 7673 1708 2680 5215 574 8376 9741 8987 9050 8255 5828 8932 8026 8190 4792 699 2171 9879 3151 7795 3771 6658 9518 7418 8721 3395 2165 9429 650 9524 4703 8436 3167 5194 9891 9010 228 549 1571 4029 4637 8126 4725 6137 4663 8388 3660 2338 8789 8369 8315 1708 8583 3461 8697 6237 9692 2307 7437 4793 965 4834 474 212 1697 3403 5867 9513 7004 7087 724 7237 1313 9075 6261 1913 9991 7196 991 5646 9083 7573 2025 6834 3188 1402 4511 6009 1456 4850 9191 
46 3000 4795 1704 2089 8084 8008 2667 1441 8294 8861 4367 4660 3948 7311 6609 9334 6248 1521 5602 4409 1659 2448 8706 8848 8215 1563 7302 3399 9958 1685 7791 5507 9488 950 710 7334 8653 9899 7982 6916 7358 1693 8286 2437 492 5453 553 9634 2995 2726 5588 2323 3036 7073 5813 6051 3323 6783 3142 4874 536 718 4977 1260 2888 7272 8324 9115 5807 6462 2045 9937 5743 5148 7227 2089 2104 5364 5675 3210 7314 5792 6540 5732 4997 6344 1058 5540 6282 5883 5425 3746 4243 3058 1793 1591 6453 273 7388 8476 5667 
47 3000 774 1761 3109 8635 8864 2156 7786 3031 3246 7005 5793 2515 3482 7551 1931 9913 9589 7596 6173 8529 4750 1368 435 1578 1156 9518 8484 9742 8968 3244 8962 6857 8409 6535 1541 3721 4980 6541 6197 23 7798 2070 5615 4408 1060 213 715 2658 8634 1081 9306 3999 1775 686 7860 5537 9963 1931 6419 4816 4869 3734 6618 501 7445 8270 2840 1184 8135 6347 6492 2325 223 902 3409 1304 6289 8616 4379 605 7804 9667 8798 9128 7845 5598 1443 1620 6931 5313 2380 6237 1992 9199 9989 220 8457 1371 7114 3712 
48 3000 5468 43 342 1688 4222 6028 2408 4013 9434 9353 7718 3626 3927 4009 1005 2851 6350 820 9102 7825 2011 8442 5850 1063 6850 2481 120 2138 4522 2742 6969 6489 6617 8595 1916 2359 5995 2479 8344 5847 3257 1516 8027 4096 6328 7260 4785 6604 3177 3568 1258 4649 7654 2597 8810 8856 8455 8923 555 4878 1216 1787 7514 7201 3720 5470 7884 1085 4245 7784 9448 2615 3023 6697 5101 6887 6834 5076 1496 4322 6716 3561 830 5090 8810 1558 5742 1676 8323 6365 7340 9563 6614 411 6355 6034 1417 6634 7416 7116 
49 3000 172 1971 6455 2628 6496 8986 1234 9372 9770 5610 4995 2441 7855 3013 3239 4647 2932 1605 3631 4085 466 5150 9020 9816 1294 3018 3600 5673 6846 554 2182 2198 7477 7571 2596 6696 3938 4977 1221 1425 1963 9516 1639 9896 9984 6643 6405 1317 9971 1515 1957 3142 1398 8119 6640 1760 8332 6513 1857 1304 9646 8197 6351 581 2362 9612 3603 8131 8114 3761 2358 5417 2739 9950 285 8124 8990 1666 746 5599 2377 2569 2703 8408 134 615 3743 4019 3303 299 6233 612 1955 3030 6595 9011 3527 5624 7709 2743 
50 3000 4287 6929 4440 6223 3924 2565 2292 1059 3262 7800 9184 490 5102 8547 352 1943 8185 479 6376 7715 4283 6281 4336 3783 8412 1020 2082 6738 2174 5637 5646 8842 221 8573 9761 1214 9844 5515 1517 5137 3689 7262 7138 1489 5597 5726 1886 8308 9568 8052 3084 6471 1850 8864 6272 3502 6157 633 4483 5509 2005 2178 647 7239 6180 5286 3116 266 7326 9455 4316 9293 3660 4768 2529 6594 3813 2887 6788 4564 794 6178 4910 6411 9078 4950 4649 4955 4826 2836 7968 9572 9219 279 8445 1245 4927 6159 1800 5749 
51 3000 5695 7540 9549 4964 9063 7535 5775 6302 2201 1309 7039 272 877 196 5401 6157 1545 3946 4575 5828 6560 1096 9206 5676 2519 7467 7271 6669 1726 2784 5609 2538 6778 5423 8570 6085 8287 5280 9797 3613 5713 4771 7123 7491 1332 7950 601 6832 7326 7755 3657 6305 5997 1380 7367 3067 3106 3773 7858 1823 4340 9253 6836 8006 4901 1259 5240 9090 2221 220 15 4023 1800 9553 4021 782 6172 9781 9055 2060 6998 781 2003 9073 275 2155 4122 3496 4680 1725 3439 7517 3034 2156 277 2025 6891 5701 5913 2917 
52 3000 4253 7071 4349 5531 412 4433 7217 7206 1911 8531 1807 7963 3636 9929 2219 9317 9033 4387 3640 1208 3443 6353 9745 7061 571 588 3228 6968 2073 1905 9449 9000 272 3051 3219 8635 4001 692 8692 6324 7562 9541 2404 3165 2818 4603 9414 4723 4410 1543 2591 2953 8096 5187 5010 6267 2214 6138 5482 7710 2273 5525 7205 1275 8667 7876 9544 6334 7519 2108 2930 195 4639 654 6889 8789 2618 6707 1195 5476 1045 9591 145 7979 9841 8255 9965 3444 5728 2899 9334 1622 1818 4715 3038 6177 327 3762 8745 4124 
53 3000 8416 4960 6912 3381 7155 2211 3808 8457 3614 646 7669 4261 6076 6996 7973 8033 2378 8087 7844 9403 1375 7462 9581 8577 7533 129 3304 2643 8639 5428 8741 4 6643 8029 120 2942 1625 7054 4205 8293 8881 3324 1443 6265 9142 4725 243 7364 1908 9712 4379 7456 1921 8920 3515 950 8746 4922 6863 2106 9493 88 9953 4472 4652 2592 4538 8438 7062 525 1626 6920 3996 4145 7625 9173 2381 6247 3626 2720 7134 659 7801 3411 2627 8864 934 3612 7282 4747 5071 8504 1277 7461 5300 527 7394 2430 4648 1930 
54 3000 4979 466 2116 5461 7035 5013 3823 3170 432 7526 7292 3348 9255 958 8844 5581 1259 1387 4130 3937 7467 7760 1786 8272 4880 9764 202 3666 2320 3822 7432 7980 9391 7217 4218 7539 8573 333 144 942 435 7030 2910 997 1973 3138 739 4775 8079 3079 7901 1798 6128 4614 3365 345 3691 1712 2579 1887 9381 5548 2372 3646 6811 3623 8979 9276 1688 7010 9195 7675 2027 5726 4652 9915 1490 2228 9220 4304 5852 3032 9539 9567 2590 8463 8665 6158 3599 522 2852 5689 1028 8885 1452 8490 6252 5023 9944 9296 
55 3000 1955 4446 6084 1053 7347 7081 9185 6849 6506 5758 2519 9978 9841 2839 8840 2119 8681 4963 9044 9648 2991 5913 3939 8068 2213 7615 9153 4572 9229 9260 3156 8723 7450 4548 8418 1263 1034 7061 5682 1049 8223 3756 1367 109 7809 6592 8100 6826 8725 2267 8359 7250 2757 99 1262 4525 387 8015 2457 6454 9755 6675 7161 1178 8750 1718 6304 990 226 4133 5810 4261 341 8753 8999 5506 21 881 2112 3561 9550 1030 2969 7899 6286 7799 2739 3055 5501 8866 848 1194 4343 111 3005 2786 8931 2862 2351 5420 
56 3000 4563 9264 3741 735 9063 5778 1145 9480 9240 4799 8173 4697 481 4405 1729 3030 9466 6228 8791 4159 6 1446 6308 8355 2008 4909 4231 2169 3569 7383 1665 2238 6183 5921 6144 7217 3088 2359 6038 7842 729 9937 6076 5107 3344 8048 5998 6581 685 5104 2338 832 8852 9535 3318 9996 4263 8911 6885 450 740 7186 1853 1629 9724 70 2190 2957 3619 8526 4412 8902 2253 388 8117 2165 2467 113 9633 4985 833 6643 8799 8575 9493 9413 8863 678 5122 2459 9512 1252 1020 6675 3024 6280 2326 179 3547 9702 
57 3000 4357 6808 9497 3471 4075 2744 9090 5743 4674 1253 8992 7179 3298 5563 6095 5384 1878 9858 2423 7461 1098 8394 3156 699 7486 2755 7785 1376 3626 7214 4386 1700 1502 2236 7028 4859 8958 6095 6292 8214 9292 4623 2931 4598 3969 9080 4645 1758 8458 2149 5981 9907 1205 2059 1363 7413 5713 4829 1242 4602 5764 4642 1378 5699 3756 2337 5235 8877 2167 2034 9516 4451 8148 5878 2809 1178 1234 6911 7370 694 4186 67 4021 75 6957 1295 177 2517 3778 4803 1005 6144 3379 8430 3691 947 2320 7141 4852 3836 
58 3000 1465 4652 1057 1828 5567 3171 2483 3354 5982 1272 9689 7692 6512 9890 3523 2527 2367 6444 8144 9635 2258 7080 7179 8688 3608 7044 2996 9193 895 9178 9110 546 7116 542 5710 217 8376 7158 8309 61 1602 6881 9522 748 5386 398 3971 4322 3949 348 6308 4889 4227 8564 2372 7419 6091 1451 3462 4684 5683 3477 3743 2317 1883 8795 771 1992 5900 991 9146 2736 3982 954 7290 361 3262 2870 7347 5022 717 8348 8215 6902 5263 8661 1692 22 2966 5119 1761 4169 5384 7567 6983 4960 1030 1003 6035 2025 
59 3000 9966 327 6352 5314 1512 3208 5911 9529 5089 1086 8134 6686 4184 8287 9908 6799 3441 9273 2747 6683 8872 4014 7060 6895 1199 1477 9562 6786 2321 1258 3795 7690 4901 3318 3782 4230 5079 5860 807 3750 8319 1324 3313 3876 8365 506 9934 8201 9338 4807 5643 88 948 6602 1032 4610 6831 7737 4713 8605 6020 6151 8847 8860 7529 619 7796 8420 8073 3626 9896 1022 2902 2363 2368 3652 9772 7846 9337 7231 6030 2165 2988 5422 8832 3851 7844 1563 8480 1377 8168 3728 4889 4775 8487 7907 7178 5385 7249 9320 
60 3000 6382 3724 3600 1843 1291 5484 7281 5574 7420 5651 1662 2513 9093 752 9890 371 4663 9227 4168 4502 4846 9924 8159 7965 4193 8721 2508 9705 5674 3270 3501 864 8394 5870 4837 9211 8436 4466 2533 1704 2821 1761 2953 5171 6603 2473 3955 5120 3079 8697 9173 2674 7133 3409 5419 9627 1696 2080 3206 1627 7343 2427 407 9489 5000 2282 9027 8625 1789 5587 5109 6601 9991 6518 1756 8825 9137 1731 5292 2355 1220 729 4530 7828 9039 4361 3180 9524 7661 1446 5376 3546 9010 3512 4326 4131 9586 7675 4092 8081 
61 3000 1300 7627 4489 7326 5442 2765 9116 9601 9770 5431 6507 7261 8724 6288 4407 4212 6768 7810 7175 967 4851 5909 6312 7834 3 9679 4115 6224 8042 9266 450 8079 9421 1866 2657 3440 8188 5842 8578 6121 4079 2978 2709 7525 7730 8841 5475 8573 9019 1283 5636 9767 8531 7061 5810 9366 2147 6582 1131 9704 8757 6773 1021 1616 1103 2082 4094 7003 9743 3593 6186 9507 139 6275 1504 3331 2875 4356 6904 161 6995 4812 9295 4233 6465 8995 6165 5513 9768 2375 9232 1007 2619 2413 1225 4191 3797 4555 5784 2575 
62 3000 4120 6358 486 3384 8528 9728 3000 7365 1300 1299 364 722 4395 925 1386 5177 8914 8301 2171 6150 9694 7712 4775 9068 3016 901 8983 3801 7455 8065 7209 7218 7834 6979 2522 3874 2321 239 9805 4812 2643 637 25 4505 7422 4651 7640 5909 8645 4073 1123 3648 1249 5749 6618 5323 5838 9455 4715 944 4527 3890 350 492 9897 798 5840 9599 7095 7214 7026 3359 9042 5836 2557 8258 4777 3520 6290 2240 919 7900 2817 2882 6259 2138 6118 3708 9474 7792 1339 8619 9964 5810 9691 4458 1824 5657 6483 1684 
63 3000 925 2557 2269 3190 5136 2864 7129 1230 7660 7561 8068 2480 3502 3876 9547 1224 9053 5035 7133 657 4811 8128 4276 2324 1219 104 2214 3675 7627 1898 2998 3751 4387 672 5644 6991 8063 187 5411 5167 9774 9303 6207 7440 6655 8592 6108 8547 6454 5094 6019 5107 5239 5180 1447 56 8241 5551 7402 5205 3822 2362 6429 1923 559 8463 9756 9949 7463 8773 1575 4318 7318 3776 6439 430 3144 1141 9795 7224 7790 5469 1635 8493 6646 6165 3270 2314 3483 3432 7236 8608 9421 2392 321 4824 5016 5335 9714 9747 
64 3000 5474 2087 2288 5432 8995 8508 6996 7261 8232 3112 403 2129 4887 1814 5337 4750 7420 800 2666 2095 1895 7524 6200 5944 5938 9829 719 3576 5834 3192 3125 6573 6735 6097 6722 7756 6005 3530 8611 6243 9682 8600 227 634 2070 2284 984 315 8452 1302 5055 4898 929 4108 1275 1775 7388 5015 6167 1802 3590 6438 97 3110 8384 9270 6545 3038 2050 1370 4517 8187 7759 4194 4062 2612 6167 7533 4932 4123 3128 2387 8356 8721 535 1962 1944 3160 282 791 7712 5626 1359 1978 3236 4546 60 2571 5930 5526 
65 3000 3330 7059 445 6404 5225 8988 9202 437 6503 715 6039 7608 7339 1272 2990 4062 3165 2366 190 9661 3636 2500 8897 3670 4718 9216 7650 8566 3902 9469 1544 1969 8548 8124 4629 6704 7345 4573 5443 8981 4904 7484 5662 4708 9471 7674 1877 3919 3770 9100 494 3337 8963 7983 5768 7058 1743 56 947 5354 4548 5930 2558 1614 8904 4595 7800 7397 1882 5040 5080 5618 5697 5996 7660 1856 416 3810 436 3789 9802 8442 9840 8750 276 7583 6869 9412 3010 8902 3235 7597 9138 420 642 6209 8099 9003 3191 9294 
66 3000 9100 6982 2907 220 5707 6903 8388 7990 3560 4397 6587 1672 1210 9172 7710 2959 4089 4140 3246 6856 1595 2659 7119 480 7309 3907 9965 3 2334 6375 6535 5706 1762 9490 6220 5161 4261 3361 6706 4544 4792 6650 751 8064 448 2569 6086 5526 9417 2997 8443 8012 3075 731 7709 1689 1200 9857 7199 9744 311 4241 6063 2443 5133 4156 4813 5314 3186 1024 3969 5454 2502 288 5846 5965 2465 2412 9450 8511 7771 1995 8506 4004 5525 5023 2610 1409 5451 4237 1512 4679 3231 2631 2509 7816 6975 5072 981 8051 
67 3000 6806 8045 4036 7155 7578 7527 7294 872 4713 4981 4786 6475 3167 1477 1978 8455 9523 9938 1932 2326 7199 5514 4575 6557 4795 4074 9105 2635 7553 8830 9519 3247 1949 5080 3264 8584 3408 3084 3014 782 7143 9055 1574 6477 2118 4284 9906 7488 8143 2381 8281 9625 6084 4655 557 9626 1204 3599 1583 212 9630 4521 7723 3273 7941 5283 510 1175 5882 4175 3426 6196 2206 5914 1799 8080 3638 5757 5834 9725 6962 1757 6764 992 4243 5126 6129 633 1159 8736 8175 6355 8470 3738 5386 3002 6607 4307 7133 8864 
68 3000 3388 518 1450 109 4854 9336 9942 3342 9239 3740 5807 6291 4057 9969 4989 6612 6317 2894 460 8827 5862 9513 9614 9376 1837 571 4805 9809 2275 308 6988 8087 6814 4329 2506 8020 2537 5601 2986 6825 2937 8572 8370 807 4 1422 3064 9172 9443 6427 5220 5956 9014 8461 9133 86 9994 1614 773 3566 1769 3939 6434 7780 9549 325 4513 7928 5207 3488 413 5589 1244 3097 4567 9398 7878 3020 3596 3856 3260 6690 4579 6267 6815 607 2464 1795 5704 5957 586 6646 4417 8355 4328 9377 7483 5722 7892 331 
69 3000 5315 4276 4205 9196 3174 2657 7945 685 3255 4167 1692 8350 9907 7151 5208 6510 7968 3483 7838 314 4233 5192 4039 3921 2044 9210 2028 6814 9003 238 5563 8226 7812 1746 8846 9704 241 5092 4547 5792 4213 6769 4959 2839 4022 3776 6275 5931 3672 7116 5990 3952 3342 3412 3426 2766 8976 4659 3390 6527 4998 6089 2945 7111 150 2175 1316 1675 6459 744 2918 8343 1327 5228 3506 10 2745 5033 9452 6280 7630 4037 151 3522 3297 7208 3544 3053 2041 5355 4773 7452 8857 7993 7958 4985 2279 4344 1100 2170 
70 3000 8341 2456 4105 4460 7674 6449 9939 5048 5713 1887 8907 1804 6043 9274 6053 2332 6860 5672 1685 7156 563 4453 5033 1024 6469 3165 1023 2345 6650 9532 179 749 4901 5570 1650 2766 8829 9838 9366 5637 5066 7807 1312 9250 7611 357 1929 6194 9295 395 7646 9946 6370 7607 5529 1178 6222 1324 5059 2190 8215 1517 3035 9472 7653 7926 1600 4384 2868 7297 9395 1965 5441 8758 5835 7868 3536 7315 8511 3419 8366 5470 3721 8798 3787 2972 117 4350 9006 4684 5487 18 4426 6580 6652 2901 610 9867 2499 2938 
71 3000 369 3231 132 6716 3979 3207 4146 9405 7519 2677 9032 4816 4337 7488 4706 3584 9640 1202 5156 9476 8207 7964 225 3826 5232 3500 511 8095 286 4235 5393 4549 4407 4545 4186 5076 317 2122 416 8110 5762 1473 9225 3697 9971 5541 7894 6677 3256 5451 9502 7991 9716 8380 9694 4114 3086 3555 6595 4615 5694 6372 3826 7843 557 643 6663 4730 6594 8969 1315 729 6964 1232 7321 5872 533 1221 3082 2951 6461 1374 4512 3831 1922 5649 6815 3878 2938 525 9386 4522 8349 4118 3842 3941 6898 3429 5172 5864 
72 3000 7450 9714 6012 6512 2329 1984 4053 9651 3784 8620 2564 9779 3581 7124 4045 3431 5711 1988 7006 8617 2240 690 5867 2376 2263 7817 3988 6466 4004 7307 9818 1164 21 2825 6177 7206 5556 6257 2654 5846 9990 4329 1135 7033 1442 3356 4458 5727 4475 2113 8188 6328 942 2829 5520 5238 3952 309 5307 1542 4951 9182 3211 5815 3948 9269 5981 7060 2847 9081 8855 7766 1914 7440 6089 7086 9370 3225 4608 2154 4100 3242 781 7511 1497 8221 328 2669 2427 6937 1346 7791 5317 8458 457 7502 1369 2512 2093 2821 
73 3000 2903 7985 890 1222 4820 9546 7223 4812 9192 2384 5852 6648 2975 5090 7704 5163 8855 645 4773 6728 9204 5543 8148 6337 3176 7039 9164 6412 6922 8520 3683 3738 6925 2999 9491 4524 6471 4737 6830 7584 5233 8989 2048 5645 1991 9876 4378 4782 467 6380 5838 1977 8295 6467 4259 803 9106 9330 9439 5229 7746 5762 2421 1559 8615 6652 7889 8484 7131 9606 9706 5274 4320 3692 9554 8079 4534 2315 8722 4366 6285 4207 3004 5476 6214 2553 723 7311 6182 2235 3890 9140 3480 5203 2477 530 4173 3972 1819 6412 
74 3000 9563 3244 3145 257 5780 9649 7226 5387 6494 9625 1157 4413 8759 5404 8254 6785 1976 9142 1086 4485 9981 5158 7624 5829 6263 311 520 7402 2301 2490 9511 4118 9032 7243 6942 7404 1437 2514 6423 1504 6259 1522 4602 7921 2841 3751 6072 7966 7093 4075 1392 3449 8579 3 8248 5483 733 7051 5722 1421 4201 2235 1699 9913 3301 5695 3394 4089 5619 441 1002 2866 4718 223 4478 388 5983 5526 3438 3578 5580 7694 187 7823 2551 1176 5870 787 4029 3892 9751 4337 3572 5736 1615 4608 2634 5193 7293 184 
75 3000 5151 4085 7319 8408 5260 445 8703 9813 8134 9509 9836 682 3949 2842 8515 3733 4975 5579 3097 6926 5789 1799 6778 395 6616 8022 4990 1512 9793 4826 5936 8064 9360 6599 4233 9566 3774 9404 7699 6693 1747 6980 7248 8839 1215 4860 9921 9801 1426 2618 5037 1586 8153 4240 3472 6346 2035 6623 59 6437 44 6189 9116 2601 72 3639 3101 275 8647 6819 4385 4026 1772 1718 156 110 8892 1590 450 7150 9981 4196 9297 4953 5758 7182 9004 1437 1030 1567 7553 7693 1150 3371 9130 1167 1613 3357 7780 6971 
76 3000 769 4904 4180 7311 5661 2 5543 9054 992 3373 8647 9403 1215 4719 5985 9712 5744 9090 5043 7415 7301 5385 704 6091 3374 2965 772 3637 810 6409 4628 8589 3529 8377 5006 4546 3365 611 2892 2732 4031 3051 5558 2683 8205 1089 7708 1048 7749 933 5760 8530 7050 3105 5245 4940 9480 4064 1337 2383 6987 5950 2503 6565 2814 4456 7281 6228 7335 4824 4184 706 7020 5967 4726 5613 6526 2713 9573 6648 3913 6176 7824 1529 8979 2257 9409 53 4731 8257 620 2278 1972 7632 2760 4835 7015 2856 3926 5355 
77 3000 2522 6422 3902 5035 1475 9962 2197 9316 4256 1493 9188 6696 8872 787 405 5659 4288 2870 3927 9738 6892 9639 915 696 91 9611 9259 9833 7019 5794 360 7426 6378 1683 9029 280 1408 5377 6515 7416 1971 1834 6660 3879 9767 3232 5173 2670 6678 7473 2033 4808 6227 4799 7018 7508 8170 2541 8357 496 6214 7988 4504 439 8853 9386 9046 3501 3334 5055 8726 6035 2746 641 4597 3381 6236 4479 6298 6809 2351 1096 9458 8572 5497 2830 6224 5089 5535 9575 8910 8260 491 6654 6778 4891 2399 811 5937 4260 
78 3000 6266 4338 2375 3796 2157 7317 8106 2889 418 7993 450 4825 8 1268 4435 6840 9968 5324 8327 8312 4012 6370 2276 7059 8237 1508 101 3781 1967 9737 4184 4617 1717 1067 3507 1823 8281 3768 4794 2588 6951 9742 6799 5964 850 8018 7697 7924 7404 6373 5623 4548 7928 1078 2314 3329 341 4769 9893 2607 5008 2444 769 9131 3702 5583 665 3738 1695 4397 4770 5163 2973 8193 7014 1976 8578 3876 2476 2635 8067 2568 2906 3672 4108 4354 5379 6006 192 1151 4074 9367 1473 7710 5175 4864 8734 730 4896 5664 
79 3000 5473 6108 639 5801 8125 4312 5266 7108 9393 3871 4504 4281 4721 3001 7471 8057 1879 9352 330 6525 3679 7873 3065 4559 3814 6815 9383 1377 5827 1848 9745 6225 5193 8307 7511 2186 4543 1566 8225 8109 1997 5531 2014 8675 2630 9265 9114 2575 3067 1727 8524 8822 9189 4651 9785 1180 6981 3539 7878 729 6494 6779 1255 6544 8931 2897 2992 4504 6868 5922 5061 4226 7590 8888 5738 4126 9559 5449 128 4600 1998 9632 3818 9332 7612 3702 9653 4730 8427 4160 7640 7482 4749 5865 7973 243 7262 4282 7189 5440 
80 3000 2237 5847 7443 7208 9875 6469 8909 1446 5769 8148 5310 4005 5498 3723 2570 6991 2337 9742 591 3206 8101 7458 8152 8696 7106 1949 942 3446 3263 9367 2710 181 289 2307 9541 1302 5051 3304 7258 3944 4026 6452 1954 3162 2894 7154 3638 3235 9252 9989 3017 7105 8455 4712 1397 3932 2578 371 3709 4776 2510 7556 4663 6412 3164 8770 8025 3257 1821 6922 9019 7432 9592 1953 9854 6945 6011 5578 8378 1999 6746 4159 9852 9427 4440 9702 1857 5249 2680 8974 2318 5355 3079 754 655 4318 5499 1201 2066 2320 
81 3000 1385 7353 4924 219 232 8743 1307 2726 9176 7150 648 9718 5707 4470 6516 5669 3508 8706 6515 7209 1424 8099 5313 8808 5547 3364 793 6584 4433 8069 3333 240 7444 7126 8206 3117 6209 3413 1106 380 9215 2525 6806 5329 9524 5636 929 3829 5610 505 4853 6872 5324 588 3740 1256 2989 2292 7685 8398 9606 339 5996 1265 6201 1270 4595 9435 287 5057 6547 2278 5455 4856 5709 266 4086 4877 3510 4406 3196 6377 8853 3799 3395 1783 1143 1323 982 6941 6438 7443 3155 1479 6725 2143 6355 7314 2327 4985 
82 3000 7729 5264 7425 3295 9720 9798 8714 8466 7782 1908 7179 397 1218 101 2998 50 7150 9526 3568 132 7601 9215 4659 3905 9719 7456 4690 2121 9108 5289 2131 8077 6299 8128 6034 802 6338 5506 9678 6363 1499 8946 7357 7300 7128 7958 4270 185 602 4159 9560 1306 3424 3519 2457 471 6437 6735 1561 2949 8162 7722 7242 9522 6262 240 7169 4673 2135 2633 4961 2893 8628 708 1963 3114 876 8726 2153 1266 265 8523 163 968 1526 6758 2438 2325 2948 284 1507 8873 9717 9644 3391 2630 379 691 8126 7282 
83 3000 6436 4334 3417 9493 5056 4411 1417 8336 4913 3684 8627 2853 5153 7959 8922 7741 7484 8335 9709 7153 1391 1570 1199 6642 2474 8584 8811 3211 3916 1074 8699 3500 1069 6263 6406 96 9172 9772 8640 5964 4191 6612 8175 7007 6779 311 1883 2748 9373 155 1879 5141 6403 6560 9807 5504 7635 4571 4234 9576 4635 5480 1183 702 359 6575 7784 1140 1866 9007 9050 1497 6161 3790 7781 8287 9158 5920 7590 9612 7770 6621 9055 8975 5124 3719 9000 7208 8901 134 2893 2537 2801 501 373 8760 1132 5923 3909 1559 
84 3000 6524 6833 569 2933 774 3996 6926 3755 8802 7627 7087 4457 5751 4640 3844 3839 7193 4016 2949 6000 2474 302 519 5402 1177 5230 3565 47 2714 7463 3639 2789 9037 467 3615 769 481 8509 7593 2971 4726 774 3921 5905 8892 3614 1353 7419 4747 917 8323 8630 7053 2606 5347 3984 5027 1257 552 9436 6933 6847 8330 8766 7793 9626 1109 8004 233 1110 4264 7995 8443 3204 4136 5079 5269 5448 9191 9901 2426 388 4292 4345 3841 7073 8107 6591 2115 2674 3631 4301 8113 2232 1840 5925 3680 6527 8471 136 
85 3000 7482 8077 3921 3389 3967 5257 6276 5603 5458 4546 7463 3971 7369 897 2527 4893 6539 6234 2033 4036 2704 6074 7595 4514 3081 4270 527 3202 88 5886 3621 5163 2178 8190 6048 6212 7811 9776 1388 3599 2537 7813 8779 4813 9213 3410 7196 4523 1347 5118 2856 9628 9557 548 9740 2449 1163 6116 3248 2032 2904 4920 6978 3582 6774 2727 2626 6026 8990 2103 3015 7690 2080 4653 8244 114 99 1395 4971 9981 6968 1254 8810 9178 7939 7688 9860 2978 4186 3426 1360 6350 518 3346 1463 8392 6219 5469 8138 4890 
86 3000 9016 79 7203 9000 2164 6970 3468 59 4663 817 5021 518 4601 4672 626 997 5613 1585 251 3475 6475 4351 8721 2593 3818 3381 2495 5091 7966 2694 9567 7366 1904 4046 2496 1152 3365 9168 4556 7334 46 143 9015 7879 7949 7900 1537 5895 2843 8832 5708 3812 4857 9548 1689 9696 6193 9741 7994 1678 1965 3182 6394 513 4167 6846 9939 268 8759 8152 4117 7124 5886 342 1125 6314 3212 5968 7276 7182 2393 8520 3525 6363 8658 2171 9120 9094 3532 9644 8381 8649 668 8213 602 3893 4819 3820 3078 4972 
87 3000 3923 3327 7258 7114 4320 4878 8019 2571 9092 6405 6074 670 9526 2242 3497 6000 9704 7873 2372 4723 4223 2806 6575 9003 9025 1564 6674 9566 5374 2811 7958 6386 6933 6595 1586 7491 9989 9720 8868 5897 6790 9241 8665 4668 2005 4088 7920 98 2321 4809 5303 3019 9154 1444 7996 8238 4489 9517 1592 2093 9844 4161 3122 8135 8364 2363 7209 940 31 3333 5341 8041 7 7005 8281 9988 95 651 1587 8528 3336 3634 4269 2917 1716 274 564 4353 7009 849 4839 8533 4745 710 9617 6340 1294 7533 6733 2646 
88 3000 4084 6685 1609 3251 4943 4726 654 9939 6560 1022 1795 3664 2074 7501 8130 5852 7795 6515 4699 7845 9038 6841 8396 8448 9089 7802 987 9625 1297 1510 5268 294 4288 3243 4341 8274 302 9933 4016 333 6662 6794 8338 378 362 2065 8240 5761 5782 9881 3321 1712 5526 1271 6747 3899 4390 3277 3277 9112 6451 6199 420 4072 5280 8973 2708 2359 7282 2656 9100 9480 8166 2058 3511 6045 2526 5480 8460 9078 6564 2591 1850 1452 3924 419 6873 9445 4662 7477 5031 8426 7331 6004 2296 6663 4199 2341 8379 7254 
89 3000 9587 5424 9139 8191 1335 3405 2109 537 5392 8401 5144 4740 3530 9361 8206 5063 4185 3065 8257 2147 6419 3245 7296 3689 7014 7829 3504 3253 685 4316 5524 7207 3416 3267 9865 9775 8933 9929 1426 6226 8286 3981 7152 4181 2570 7407 2808 3044 8758 487 2882 1566 8674 5922 3615 3524 1076 1079 9151 1529 6875 8363 813 8966 7471 3713 9510 44 6223 3219 1259 7987 3035 7876 5841 1337 2071 6447 8577 8393 2596 6464 5230 9763 2941 3349 34 9053 7593 7657 6845 1676 7409 450 3416 1778 2954 6792 8806 7308 
90 3000 970 7369 3900 3192 3964 8239 5067 2645 2922 8697 932 6607 3148 7277 2283 1297 3234 5870 5098 3901 7141 1969 6693 6378 9425 9043 5003 7393 3565 5033 987 2378 3437 8971 4147 1714 7900 5725 1188 7039 8512 8875 7793 5684 368 1704 3524 3230 6066 6324 9851 4191 2797 917 1302 822 2561 5109 9745 58 5505 3466 1784 8564 6387 7114 9293 5926 4169 3487 3063 5955 4730 4196 9581 6123 6704 1025 936 5122 450 55 7838 8544 136 3908 5781 2694 8957 2115 4309 6521 7476 9620 9430 1677 5085 3393 9133 701 
91 3000 4597 7181 2047 3328 9964 4378 9216 922 7110 9019 9000 9033 7902 4905 5105 8084 7235 2844 7735 2178 3252 6028 7868 6030 679 3524 4658 27 7293 1898 5963 3413 3511 4961 1999 5595 5103 1638 2116 5578 9036 1965 4699 9525 2433 1213 196 6435 4669 2130 7274 1961 2583 5313 2090 333 8815 7707 699 4425 3276 9221 4577 3934 7736 7480 9276 1690 3536 692 6203 8090 2432 8643 7515 3657 559 1824 4157 9720 5516 8671 7004 7227 6589 940 1146 3678 8085 7199 3286 8181 5798 4455 2270 4637 6598 7894 2736 3049 
92 3000 1151 8757 1895 8956 9751 332 9432 990 1292 2078 531 6560 5351 1871 2033 5663 7410 6373 1705 2814 7191 9529 652 7106 121 9190 8837 396 1925 1856 3735 3608 6337 5549 2114 1174 5944 810 4931 3585 6146 9817 5365 8080 2250 3634 9967 7454 9684 7580 2938 6988 7333 4726 3530 9511 4010 7519 6573 8583 8041 7521 6132 9802 9983 3287 2278 241 8461 6359 994 6002 9135 5384 7202 7903 6790 8364 915 5286 549 3027 6514 7948 2213 5320 5150 6206 7728 6033 273 9072 1774 5543 6284 568 5477 6686 308 4157 
93 3000 7254 5756 7105 5302 6773 1619 7089 2151 2047 2966 7484 4343 9644 3682 6603 9943 8032 6340 1247 501 4039 3824 7232 4235 2448 9076 3047 7339 8708 2964 6624 3418 4774 281 5245 1046 8074 3864 8569 9448 3597 6844 4782 2312 9108 3011 9876 9721 3491 5315 52 8208 8207 2485 7245 8946 1892 3775 7780 4052 8065 1836 4146 1023 5972 3713 9898 5293 4550 9963 7688 916 9515 1903 415 9379 3580 6981 5501 6529 9791 2275 2297 7636 7995 6106 2607 578 4430 7794 4340 7143 4436 5521 8293 2471 8300 2332 8045 2605 
94 3000 216 255 2991 179 379 2546 4491 8228 198 4059 5150 2115 633 9748 1216 9597 3667 1280 8112 9003 6889 1787 9085 5547 1210 8734 6985 5758 1708 4917 9168 42 1585 7583 5522 3360 9264 5677 9618 4045 8600 5212 2991 728 2220 2765 2540 7400 7987 7098 1055 6595 8594 8908 871 699 4276 8693 643 1384 8647 2747 5251 7164 7671 7290 8827 9082 1747 702 903 4516 926 3906 5696 9116 3251 8853 4503 6857 6218 5153 1232 8227 1374 4813 1056 6536 2022 5113 2186 2346 4070 9602 776 6032 9988 7215 8950 8467 
95 3000 5904 9525 5954 9827 1815 6108 2433 6526 4927 8044 7835 6277 6124 9536 938 1272 9552 7655 3499 9492 5337 213 7035 4142 5426 1761 2725 1207 2549 7703 4436 5140 2311 6549 4877 2662 8404 285 4873 4708 951 2865 5771 6472 7969 6838 4967 5602 9956 8088 4555 8503 7610 8709 3109 4770 2668 8003 581 9750 1869 1593 6331 5222 4044 8680 281 8208 333 7404 7185 7908 7524 8347 4042 752 4516 6152 614 3592 1912 9267 3083 5005 4730 7818 827 4729 8246 9607 6325 1220 6960 4229 8179 7337 6679 5321 7272 4150 
96 3000 9740 931 6040 2874 3346 2019 881 4927 1029 9069 7674 113 7245 6845 439 2933 5084 7256 3111 7016 7112 353 4441 7678 9336 3451 6025 2608 8292 8376 3458 674 1264 6834 608 8856 9618 3909 7019 7309 5272 9682 8442 2540 283 8979 482 8723 9562 9240 5380 7129 6716 6520 1911 3685 3011 9602 8415 4658 9460 2250 8947 464 2043 3579 2558 7601 42 6547 5691 8707 7508 4581 7714 745 7851 6320 9569 1311 1553 8488 5553 3067 7011 6887 8217 6302 4499 5523 6392 9611 3259 3848 6346 8708 1717 2133 6060 3357 
97 3000 819 4963 2627 2432 501 2860 2783 7100 9275 2025 6557 2131 6944 2215 4052 5328 446 2734 5341 5088 2813 6556 3502 6088 5265 2573 763 3089 2424 5963 7784 2871 651 6686 6060 4295 9515 6109 3445 6480 6381 1747 2804 5120 4126 139 3795 6909 1974 7840 7767 2105 9468 544 5789 5214 3554 331 9804 3794 8802 1035 6901 5393 737 1745 6724 2606 2313 8420 1995 6258 3497 3640 2167 6713 3985 4476 202 3308 9045 8484 2476 1913 8476 7827 1800 611 8703 1524 3577 3509 7990 5817 5080 2670 4780 2669 7850 8176 
98 3000 9160 6386 3227 6305 7447 8360 1003 5845 9912 9944 1195 2525 1610 3445 8951 1573 6351 1248 2578 8402 3787 3058 4690 7418 9628 1275 6490 8950 8981 4488 5170 4315 2817 9097 4437 8996 7559 9059 8170 3953 7795 3759 7191 5056 2122 4004 9175 645 2107 6148 1669 7211 4382 4336 8251 3207 5853 875 7803 982 2041 4731 6917 6834 8551 8146 5420 9203 5658 1393 5025 4971 6022 5637 1112 3900 5530 3938 7629 1189 7259 369 5117 8160 8566 7264 1865 1063 1304 586 8187 8012 5160 3427 3824 4044 4123 7625 8470 4300 
99 3000 6070 3515 5426 5335 5482 7796 8378 4554 9286 9528 1297 7767 5818 4254 1468 4872 6913 6245 5642 3670 3120 8873 9314 1790 2041 3105 9123 6755 9798 4125 8382 4159 5621 6081 5730 3981 9564 4953 6907 5018 3342 9553 9660 7438 4300 643 1766 3471 2501 8184 2188 6214 940 6703 5352 6564 8884 8796 8546 8277 8340 6739 2452 1153 3639 2244 4795 2345 4156 4324 7121 5788 148 5291 4701 9763 1717 4878 9556 2580 905 2484 6611 6381 6902 7544 2971 9080 4391 8027 326 4421 5012 7057 474 156 1948 7658 3978 4361 
100 3000 7648 5626 1939 9863 4655 523 903 6804 9584 4802 883 3321 201 1051 6518 4355 5645 7361 1342 8589 9762 829 5195 3498 7577 9172 4743 8541 4876 478 7136 6466 927 1075 6781 2741 4316 1527 5247 3120 1914 757 4293 9317 967 8288 2016 2824 4307 4623 2135 6836 8700 9731 6385 6318 6300 9676 54 6180 9248 1359 627 7594 7382 5390 9566 2421 9080 7084 7217 5772 5221 5583 829 6693 6277 1100 5714 6971 2528 294 9519 8072 7404 9762 9630 6192 3944 7660 3702 5447 4390 3454 3308 9182 2903 5786 716 9399 
