FILE: 2723UnifS.txt
100 100 0 
1 3000 1202 3609 449 8364 2123 8773 7959 7034 3498 6222 8785 6419 360 3314 5021 995 8322 3143 3274 9359 7227 5836 7382 2095 7929 7998 4252 7776 2193 263 2826 7081 5721 2979 6167 5044 4308 19 6682 1423 3116 713 4453 9196 9077 9908 8706 1185 6422 6147 2404 4799 5334 7984 9953 4904 3719 8414 8052 4825 2119 7430 9649 5461 1727 2711 1039 2533 5551 8428 2072 1957 2684 2177 9496 3338 5707 40 3422 1590 1220 9764 6913 6688 3490 2076 8698 1530 1233 113 9015 7940 7511 6978 8573 789 2764 1430 642 236 
2 3000 960 1687 6269 2103 8872 7361 2618 6372 8483 9520 4432 3802 2508 8866 8628 680 3054 2048 2006 1688 3389 6094 2094 900 2853 968 1110 907 4878 258 3051 56 8143 9980 3911 7827 852 5513 5018 8327 8137 6659 9500 1912 2583 826 1875 4929 7881 4334 766 7595 5609 1854 4740 9985 5127 3960 1274 6157 6612 2818 8843 6398 7205 5993 2136 7597 292 8381 398 1735 7901 2268 8889 2512 6238 5517 3481 91 4331 7871 8367 3969 5812 5391 6905 3972 3816 3014 5579 9380 9013 5234 1094 6167 756 4913 584 2378 
3 3000 1362 213 4959 1622 3509 9658 5363 4694 770 5312 2771 9318 1260 4094 697 8025 4417 7205 1038 4142 901 7691 3039 5918 5625 6128 5380 8767 3903 4423 1393 5639 732 7757 7402 5520 3192 4638 4186 49 5973 5085 1571 8266 26 6938 6144 9481 4345 292 2092 4275 866 52 5166 3614 2492 6623 9777 6101 4252 4710 9202 3345 7573 262 8929 3457 7684 5520 3122 2670 4141 2208 4209 5088 4486 2840 5598 554 1016 151 7517 649 692 4657 5976 2808 8161 342 4862 2575 1912 8460 1148 3964 3555 9474 3240 7962 
4 3000 215 3113 2434 9149 71 6555 7510 440 998 734 2448 5961 2350 4779 7265 2043 9862 8567 1981 6344 3675 3409 3710 5092 9490 858 6872 8462 2846 9643 6537 4066 6520 729 4885 8576 1056 498 800 7474 8418 2057 2581 2917 8766 4676 3786 9737 358 1342 2195 9561 2580 4446 1898 3057 2093 9589 8512 306 2117 7517 7521 9296 4829 4179 5740 2545 6892 8910 5905 1846 8105 743 4387 1141 3185 2838 2033 7511 6664 5043 8132 303 920 4577 7502 8375 7328 4839 706 5463 538 2343 7394 3682 5876 1771 2763 5146 
5 3000 9873 9165 7152 1710 3916 3229 8754 2848 1026 4764 9456 1643 5761 4230 3806 8911 7241 7424 1098 5449 5304 9294 593 2400 9779 5869 9855 9755 2894 4318 6216 2971 4795 1136 1366 7720 2208 8449 9071 2756 210 8453 6007 913 7132 5964 5729 8227 2588 9111 5763 1184 8627 8139 7812 2083 4010 2343 1107 2542 1613 5129 8864 5113 8952 7195 7875 3030 1839 7840 1226 8081 1156 4401 4136 6600 2758 9805 2917 3593 505 8261 7072 4983 2405 9060 4502 7979 9901 8515 9851 9574 268 16 5969 3163 2140 2216 8503 3296 
6 3000 4166 5337 3609 8540 6784 5607 8794 2483 7124 7815 6882 2850 7037 5996 3101 8752 4245 2242 5300 6056 6622 3631 7287 879 9590 7288 5297 1213 6653 3571 7578 6670 3047 7376 7108 6350 2514 7569 7434 4842 7210 4553 1638 6341 729 5940 4428 6895 4255 371 7346 4779 5841 9439 7118 8987 2811 7757 7111 5855 7286 1135 1925 3807 4838 2891 5111 6228 6266 8286 5 2456 2500 7080 3700 6906 2627 4216 4127 6316 5042 8632 279 5116 1731 188 5544 8927 5665 4732 4173 6180 1334 7279 871 7862 8398 3319 3507 5391 
7 3000 8460 8255 8960 6605 4976 4956 2079 9889 6274 9447 7775 6419 1714 4711 6236 533 960 2626 1265 8228 6383 4025 1748 3780 8593 6877 6241 4489 5083 2595 686 3555 2016 474 9250 1067 9120 243 8291 3130 7717 2756 3449 9109 1878 8793 9858 6998 2698 6001 5485 6921 5699 3946 7600 2747 1356 7302 2363 1843 8752 7155 7535 2937 2354 441 8325 2122 1915 7501 6349 6972 5499 7765 1725 8789 5641 3564 8281 2977 8616 2060 1903 7533 6843 5305 1993 9674 4419 8427 6061 576 5762 5934 7443 8254 7394 6155 6136 8549 
8 3000 2842 3789 2767 4255 667 599 5678 2365 5611 4210 1146 9436 2882 5053 6721 5095 5550 1414 7689 3650 5077 2625 6663 3845 4969 368 6299 6723 7555 8113 5136 1628 3886 8670 6557 323 6764 9879 885 9240 6896 8416 591 9843 2168 1726 8640 7135 51 8082 9952 6270 3124 4769 5994 7302 7732 4393 2492 8060 5758 9313 275 5137 9527 4203 9235 3017 9836 6730 5422 1318 7102 6368 1254 165 5643 1328 8861 3684 1078 3620 6547 1623 857 2232 8381 9103 7908 4443 6910 4483 7422 5254 9004 5357 6749 4949 4813 2679 
9 3000 8427 4774 9865 3005 6337 750 275 8868 4977 5607 1086 7269 1865 8838 7737 6303 3068 4887 649 9902 1855 9454 2942 707 468 3934 1274 1066 5033 7968 9806 2149 3583 134 7291 1204 7209 6750 7291 6919 4339 8812 1515 2921 8143 7048 6286 9401 7055 5107 2126 2853 8429 863 6477 3951 5315 5850 9537 3543 6363 2821 3226 6772 8848 1433 3275 5320 4824 2051 4441 7785 401 7689 8850 8169 8145 4060 7456 2508 2610 7766 4637 3610 8988 2604 5903 3931 4883 4000 8744 6569 5221 1569 6588 4387 268 9794 5893 7257 
10 3000 6791 6841 6365 7432 2331 1487 4292 3042 2603 8184 9013 9717 2030 236 2508 327 7390 1113 2109 2862 4593 3884 6346 6422 8588 8772 3905 5337 6387 8841 5723 1419 3217 3804 200 4328 1800 1955 1541 70 4751 231 1219 7618 110 2390 2565 3660 9991 5326 8484 5464 2363 3498 2294 1881 5948 1490 1691 2464 8250 4696 5840 4710 6709 8125 5586 9439 2977 3340 6800 4281 319 3511 6839 5305 4143 6602 4135 6761 5651 6678 916 8951 8615 3341 9039 4226 9283 9285 8960 1109 9403 5982 1820 6535 2375 7492 4662 6232 
11 3000 2533 2390 8770 3205 7541 3835 1135 4369 3926 7744 9044 5286 5725 9105 7794 3041 6268 6411 1533 7237 3075 4216 7225 9114 5889 3823 1739 8799 7822 2088 2065 673 9637 8354 8651 6872 7149 9514 1872 8902 1752 3189 1618 7389 4071 9042 6 9951 741 8205 7226 7192 4307 845 500 6821 6254 1842 6174 5905 3157 4599 4934 1231 5960 2979 144 7810 2376 1358 9314 5494 2418 2811 8683 3724 7047 5424 942 4398 9955 6723 6071 2871 2462 6231 5299 7073 1544 6161 8201 4757 989 212 2909 8871 5671 513 9452 1049 
12 3000 8953 2677 6223 3240 3217 8983 9565 7445 3511 9689 6490 3598 4330 2461 517 5552 9521 9936 635 5210 5302 5403 3395 4761 6423 6611 8127 7060 5440 7705 5275 4118 5114 9282 7864 3729 3945 6577 6091 4207 4818 5770 5039 7268 6786 8418 5516 9017 9966 4020 8022 9074 3574 692 9834 7820 7069 3983 5228 1765 4437 3803 8814 7047 1591 9485 2000 1054 6897 2967 2587 2164 4828 103 7477 7625 2742 93 8520 9542 782 3043 1473 9007 4904 5651 8093 8338 3032 5012 1350 1452 4332 554 3770 2365 1615 4094 8895 1806 
13 3000 6867 8026 5878 1970 9897 1625 7193 9385 119 5482 9479 5909 1449 4067 7503 7852 338 6403 1248 3220 6921 4885 6132 7090 9295 2206 6345 5101 921 6421 1313 5078 1151 4126 5291 6780 8883 1770 76 9766 9336 5085 845 9396 3950 6650 5125 949 3421 1570 4876 1871 3844 1286 1713 2144 5996 5509 5240 2784 7739 2277 4517 2461 9544 6141 2653 2247 3144 4474 4514 8484 3313 1899 7569 3783 2769 2855 5852 6141 197 2277 7053 6194 1406 4402 2731 2581 3605 9709 1655 5443 2803 9971 6272 8047 4339 1444 2289 6527 
14 3000 6535 6172 1396 7757 7471 1422 7102 5348 4886 7242 3699 3770 9211 2145 8355 594 9717 6918 6324 6868 3791 6554 9293 5609 9344 315 6840 8428 334 9908 1025 273 5416 5801 4111 2300 9728 1652 9395 2871 9785 6870 5179 6676 1509 7298 1857 1975 1382 4019 2133 5971 725 294 4354 8310 3096 6619 8985 2696 4821 3906 8189 6640 8644 4796 8547 9331 506 3088 6899 7632 9448 1302 9306 203 635 6359 3138 9741 1511 3391 2294 3359 1077 7675 5540 1076 2291 4693 7971 2442 7596 8311 5605 1282 7575 7092 3094 8566 
15 3000 2724 8727 4566 3410 8357 2597 7592 2191 2634 451 271 5797 7710 5219 1447 4996 4016 7947 4051 3935 7661 2848 1562 1758 955 496 7600 2353 6068 9125 8639 2223 1802 4068 9847 6484 3495 5315 4053 2983 6051 3197 3834 4547 86 2190 6731 9351 1212 2856 3589 9418 2438 1895 21 7236 9692 334 1000 508 480 9830 8571 5018 5660 7108 2693 5633 4345 6518 5202 5420 1931 720 6903 2895 1247 9489 7784 7390 6836 6651 355 2553 2355 5145 6113 7968 1101 198 5132 8900 9667 643 8779 4167 4717 8345 5554 2136 
16 3000 2888 5766 52 4845 3818 1643 5054 246 6301 4800 6745 2580 7557 6081 3050 870 5644 8406 5100 5546 4978 4961 1821 3185 4989 5499 7653 9389 1894 778 3383 9774 3607 5120 117 9098 7759 7090 6363 8503 2854 8310 8253 887 2546 392 2875 4398 3039 9992 4746 4061 3619 1997 5394 1517 301 835 6079 2898 2611 9905 3630 4825 3485 9139 9410 8523 2297 682 1407 2072 1015 2705 9446 778 3471 1333 3532 5667 7770 710 5315 105 1816 1178 2677 4549 1962 5585 7448 9413 4787 3724 6247 6068 2003 4885 4447 5960 
17 3000 8478 8545 3261 7857 3390 3169 9963 3221 4503 3153 1222 9705 5572 3874 9571 2770 6867 4877 2996 5436 8828 1185 7647 6150 8843 2732 3685 4783 1145 1918 4239 6751 9847 9299 7501 5261 5087 7389 1942 1682 2312 2599 4645 4042 4675 5292 2778 3648 8565 7967 8177 9833 2258 1571 5066 2826 7698 9927 894 4749 5393 2299 300 8738 2448 4069 2205 6189 3714 5550 23 2127 6068 8919 5004 8707 5813 3275 2699 6830 9205 7822 2547 5894 6109 3178 593 1658 6772 809 5327 2246 1729 588 6646 2264 4826 6477 7947 5045 
18 3000 9378 337 1343 3024 7441 3862 5998 6230 2218 8635 9597 8909 3583 4314 2931 4272 6738 4942 7617 7362 3986 3374 6934 6052 9636 3846 9788 169 8027 2647 7805 8734 4686 6936 5542 5339 601 1675 3830 1639 9622 4681 6237 8976 8993 9817 8656 8123 3002 8298 2026 7155 9759 8122 8166 7448 1095 1633 8741 7796 5595 1201 7354 6660 4746 3033 4759 2540 2217 9106 7201 2465 6257 7224 7881 8623 5230 9204 1548 3100 6260 7182 2210 754 7011 8049 3975 211 590 6010 5018 2986 3576 3263 4670 728 7166 8813 3631 592 
19 3000 1459 5404 7311 8736 2857 4575 2295 1942 4590 9847 5933 7358 368 8029 9056 376 1162 8654 1812 622 5103 1537 2634 6081 513 2455 331 5340 2051 6962 9298 7963 9998 2316 7862 2982 2654 7544 9741 5524 1866 1619 8638 1552 1683 9775 5953 738 132 7936 1627 7461 4117 5275 8101 9923 7452 4901 7411 7403 2011 2664 1398 5620 2004 4091 5055 232 1380 9441 2983 8462 4355 6895 8987 8835 9064 3856 8791 9056 4340 6391 5873 2005 9613 6785 434 9854 7939 9224 1487 6320 2153 3607 2071 7028 4146 7476 7591 8016 
20 3000 7267 6078 7285 2347 1850 546 8809 4862 3868 4207 5958 5048 6708 7019 9500 8035 6074 8127 1146 3716 8017 6547 635 3995 83 9975 5954 8157 5594 1721 6672 6362 1048 5765 410 1270 6647 9946 2428 7786 9952 7263 8342 929 2654 5316 9959 1829 483 3861 4250 1850 6232 492 5432 4833 5909 4454 186 7471 8018 8571 5998 7800 5955 9312 2622 1825 3541 4967 6671 8264 3673 1960 9332 1417 98 9282 7203 2168 2321 1048 6261 7098 3628 7183 8953 5738 2240 2229 4406 5937 5588 2277 1771 7359 7721 30 6685 3102 
21 3000 9827 7984 865 9447 3889 9734 4817 3729 9462 9414 3681 330 3573 9250 6192 4802 3752 5243 6775 6114 4181 986 753 7023 4974 9585 2692 2568 4578 3730 7863 6693 5299 3868 6834 6992 1957 4521 3185 7581 3663 8711 4345 94 8719 525 5557 2803 2646 5796 6974 7866 9341 910 3865 6696 5346 9744 9961 3458 7259 8721 3918 6691 2253 9994 8907 9052 1736 2755 5326 5191 8123 2670 6646 7741 4742 9435 8370 1445 8858 2463 126 5398 7827 4688 881 3422 8374 4502 7282 2556 8995 5815 5116 9686 5483 6233 3907 6282 
22 3000 9581 3372 4627 1274 762 9289 535 2049 1125 3041 1143 3567 3431 1368 9307 5614 2246 7504 1440 8167 8228 8107 853 4893 5520 8322 4219 4771 2284 4960 1163 1836 4351 7808 6978 3049 1998 9067 8464 4297 9850 902 2892 4513 9910 1134 94 7919 7707 7044 7680 4399 1577 7307 9377 7998 5066 2053 6491 3538 2452 1047 2500 1367 7404 9999 767 231 4753 5001 5384 8266 5400 5080 5128 2124 4340 2884 562 4216 1815 3494 4241 8085 7592 1350 4055 1900 8365 5318 9696 78 8281 1866 2244 3031 2595 6380 6883 5037 
23 3000 4445 2590 8745 233 4756 134 1867 6741 5266 242 1288 8910 4679 9539 8260 7691 7943 1984 8588 9128 8650 8928 4097 983 4566 7292 7221 7482 6284 5886 8715 2184 8996 9831 8499 8979 7402 3127 9622 1207 3734 9330 5348 8906 8907 365 9376 4184 6799 3458 9177 4711 1653 6192 2459 5345 8603 9698 6757 7874 7327 9953 2151 8890 8825 7223 7098 5782 5320 3617 7406 863 3287 8771 8318 3608 9604 3657 9728 1031 830 2518 4523 6180 5606 2923 44 4756 185 3955 2680 9861 7081 2517 5579 4870 6851 7764 9492 4423 
24 3000 2992 3666 6733 3551 9972 9688 8274 4919 4380 9601 3955 4199 9207 8413 5827 3563 1242 7430 4617 3307 1608 7438 9314 1598 9405 12 9889 2342 8495 6951 3133 1180 7401 7834 1618 9613 2332 5705 5793 7245 3341 883 9196 2154 3598 2892 6792 9389 1794 524 6441 7591 7666 20 3486 3739 655 1376 8470 6022 1677 2783 7971 4833 8028 3182 8572 1891 1413 2944 3950 7490 9095 2687 5088 5863 8175 202 3617 8688 2993 5516 8280 6699 5656 4072 4523 9438 9690 8043 7209 3127 6817 5758 6458 6660 6858 9270 6611 5727 
25 3000 760 29 8322 5057 6749 2700 3771 8794 9607 7092 5004 8989 3073 8216 5397 2222 5371 4470 4250 4350 7866 3948 4496 3375 6834 8874 3545 442 8371 8158 7248 8961 6417 8082 6986 1852 3911 1107 9884 6912 7064 2809 2154 321 2765 6934 5557 8253 9107 8585 6993 6628 9040 5528 1219 8981 7148 7629 6683 2458 9550 4408 4496 1937 6930 727 516 2277 688 594 564 8685 2216 9101 8768 5214 5302 2481 9022 1384 1658 6290 9579 6928 9571 1718 766 4663 5680 21 5824 1486 9878 5080 4870 7496 3344 4086 1989 3239 
26 3000 9687 6346 5452 5080 9232 217 1048 8697 6417 8168 8557 706 320 9959 1334 8403 8316 3953 9028 7637 2849 6548 3418 8806 1338 9735 7382 979 9202 6783 6982 4141 6017 6048 6684 9563 4784 2904 7694 8300 4341 9805 9425 7811 4887 4465 4084 6708 6631 6169 4392 7620 1575 208 4417 8198 8411 432 3547 229 552 9941 3571 6887 7283 9887 8901 8101 8040 6411 9909 4051 9808 5703 9390 6791 7654 7180 2155 9996 8376 4802 7746 6829 7278 6499 6272 5940 8079 1733 7378 5587 5936 7182 2332 5882 3594 547 9241 9160 
27 3000 670 2486 1392 8479 6050 6672 8715 4238 3417 7978 2374 8923 9906 8787 2480 9981 7878 3419 8934 813 9827 698 5389 9896 6400 4631 6340 8030 7558 3215 7342 3709 6845 5376 8346 6615 8799 6023 165 9243 9470 9232 4067 6643 79 9559 4483 4293 3796 1466 4854 4094 5635 6888 6593 8496 5490 909 1173 2735 4281 5576 5343 5213 3235 1830 9470 5988 6287 9566 9003 3399 5607 5815 9059 8810 254 1054 2142 9480 7950 3639 8984 9565 9987 2362 2505 9230 9249 7140 4906 1902 1371 7815 7883 9639 9009 1096 5968 6626 
28 3000 9247 5612 2992 796 4125 5100 1677 3577 4286 9708 6347 7761 5761 5435 8774 3503 9864 1683 7137 2439 6224 6947 8115 9934 8935 2618 2100 5454 5837 4921 1539 1059 912 4972 2396 8028 9817 6960 8747 1601 8535 4457 487 3852 5149 4852 4176 4689 4749 1910 7005 965 7458 6452 3877 3737 9582 5170 7633 3625 7889 7555 2385 4317 7014 956 9980 4185 9980 3768 9595 6034 1856 6735 449 4970 6533 2389 7641 4401 6625 2603 1120 151 6497 4280 7768 2714 8417 3158 6622 7618 1836 5744 7206 3928 5784 9374 1006 859 
29 3000 4407 396 6048 2531 5608 479 4623 831 2834 1043 4120 6418 9974 5824 997 7837 9386 1553 7864 8770 3050 6766 3703 3402 6846 8738 7205 9922 7957 8538 3238 2143 5393 4219 2431 9246 3647 2123 3897 3653 9472 6312 1065 7021 1778 6133 650 4367 4669 1894 4742 6308 3586 8681 6017 9441 4591 8283 6083 4828 6764 9257 6940 4628 7734 5109 5571 6835 2333 604 1660 8152 4365 6196 8426 4988 1520 590 6592 2580 3392 1427 1476 2235 2634 4087 3202 6703 9239 8628 40 3676 7937 4843 4875 7406 8725 5440 4794 8450 
30 3000 520 7357 3800 1544 7936 1190 8654 1599 1183 8756 7837 7820 9099 8773 3644 5952 5301 670 7396 8655 7461 6522 7778 3995 9709 1105 2308 2068 8160 83 1927 9746 9568 6317 8707 3548 3102 4295 6701 633 5248 2692 5899 7928 7836 5057 9322 9366 9195 8617 3238 1264 8427 1211 497 5814 2812 6354 7002 2707 8334 6413 1294 8878 3334 3920 7269 6378 5285 1007 18 8369 698 6958 4791 3246 8147 3901 9086 6880 4422 611 7867 2996 3806 4445 1900 1662 479 1402 9220 5914 4043 4302 9723 6500 8174 9102 2875 4754 
31 3000 2404 9324 8557 3587 7015 8614 1027 6615 1077 1429 6012 5399 3590 1840 921 4819 7769 471 8186 6569 8443 9557 1727 781 2581 6124 6540 5766 2948 3299 1413 5890 4878 9746 4767 7566 6183 7222 3620 3378 171 6262 5676 4326 1807 9987 4540 198 6986 6038 8059 8064 4935 6632 9786 8900 3743 6751 3570 2331 9010 445 1272 9504 5629 5269 3601 4085 2682 4841 4085 1376 1474 9526 6154 5566 6680 5240 3361 5101 626 392 2717 6177 688 936 1160 4363 9824 3556 5141 4348 221 6976 3340 7813 76 1392 2510 9423 
32 3000 3497 6033 6435 951 3531 4841 8023 3524 8317 284 4524 7995 359 5284 5864 3436 8935 3280 6114 3761 5619 6413 8077 2473 2935 1828 1007 5534 6138 6113 1445 2360 8109 7858 7183 4945 7388 8333 4359 5104 9324 303 7667 9846 356 4959 3699 4871 5407 6975 7410 6186 8422 7694 1706 9859 6013 6436 161 9882 4236 9930 2856 4175 8500 9875 5344 8699 6588 8623 738 9709 4810 2984 4929 4122 7285 6167 4925 8011 8338 7831 313 3230 8030 2274 7854 2160 809 4736 9191 576 7290 5841 1696 8647 9154 4147 2430 56 
33 3000 7176 6834 5236 9245 2382 8513 949 6788 318 8156 742 2885 8460 4159 2587 8985 6736 7523 846 7531 1183 3164 8985 9832 719 9344 5415 2056 7051 5233 2457 9357 7699 6591 8429 8116 2147 9574 2864 6312 1124 2673 4851 2024 9004 6769 4494 43 9336 3317 7509 6627 3491 655 2932 2366 2444 8438 3965 3181 1676 195 1936 9445 9200 4015 3393 3225 6712 1353 315 3661 3873 3967 3454 455 5705 8972 8799 5495 3124 2027 7169 2601 6590 8644 6921 5396 2884 3619 9796 3302 5010 8591 9883 5660 5224 7729 5705 3978 
34 3000 1186 1536 5439 2301 5234 8785 5251 5709 6793 6578 766 6934 7896 8527 1652 1108 1839 1067 9340 8638 4960 7886 7860 6197 1536 2484 7810 5844 1817 8858 3441 2278 3174 308 2875 8200 4379 6376 1445 7815 3002 7897 8157 8450 5946 190 5284 303 3095 4360 1078 4310 4090 6738 5608 8145 8236 6434 9732 340 7523 1023 7177 2530 2786 356 9762 9823 2976 8488 5735 9301 7563 3742 1237 6636 2070 6889 4893 838 6715 7459 5524 7127 8196 8172 2992 7927 4592 7501 2161 1990 3388 349 9989 1638 2628 6864 5739 8138 
35 3000 5195 9369 4324 5198 6210 7421 2770 584 3562 997 9802 5870 1556 1797 8566 4307 7697 2686 2462 6821 2588 5245 4112 6134 2956 5457 7453 9006 7808 7518 2944 6612 7708 5766 5913 3035 7175 4746 8018 1885 216 7386 1840 1051 8976 1313 8593 5566 5513 3279 8969 8607 6704 1728 7099 615 2271 7471 7645 6539 5933 2503 6015 1211 9682 6929 1702 2840 1190 4027 4746 4631 4329 3431 5332 4537 2833 2440 6494 3122 7064 5448 9965 9564 3925 1509 5134 5774 9880 15 1143 8641 7110 4505 2093 403 2789 4604 5393 7143 
36 3000 1487 6074 3218 5415 695 9004 7103 6981 9483 4114 5657 1690 270 7192 5401 8472 3732 1650 4733 4454 6827 9210 1021 2216 3948 8711 814 5153 1199 3040 3186 974 3799 4199 6196 3327 6609 6478 6482 1538 7784 7771 1972 8489 5551 9008 7728 6609 8108 1711 4907 1997 6657 3681 2856 6669 1553 2804 4319 8929 1581 8986 3784 1862 6359 4211 8946 9960 1866 726 5293 3863 9095 7347 3826 3234 5826 3895 1897 7754 1534 3753 7172 6243 5414 4550 4724 3904 7532 6971 7245 7697 3104 1688 8387 9836 9898 4422 9229 9405 
37 3000 8761 9121 7862 2109 7271 9277 2109 8143 6516 7350 5359 8188 995 2335 5540 7535 1645 5440 7201 8325 1994 3897 6731 9925 7440 2896 697 7425 7650 5641 7311 8254 2088 1537 1017 6931 8670 2496 208 7932 5540 7372 8067 6690 5971 4519 6526 8714 6393 2474 3365 6836 7546 8768 2416 6579 8758 6857 6915 9659 5346 1180 5954 5599 9143 346 4082 1482 2151 8440 4014 9818 3319 4459 2470 4538 8445 9865 9143 5123 3203 4276 8789 8842 9295 9270 6439 1127 3728 319 5741 4067 1219 6848 423 3032 9720 421 8885 1419 
38 3000 9069 1046 1914 3517 2772 1608 3519 5513 2900 434 4905 4604 8121 1968 1552 6247 4848 5587 3438 9533 1520 2530 8377 678 6002 957 8481 4645 6115 9136 9751 4894 3284 6747 4796 1248 9320 4318 8667 5893 6319 786 7825 7497 9691 9174 2228 3456 4313 406 552 267 3803 5239 8524 2021 2927 4317 391 7029 3122 6363 3507 2562 1152 4480 6051 7726 882 587 7864 4458 8183 7982 4417 6645 8959 2016 3895 7372 297 8912 7420 4293 4748 2693 2384 3127 7726 239 8918 9276 8036 4476 9479 7577 1530 5680 1566 168 
39 3000 7878 913 3562 2486 475 1582 3694 7389 9469 9118 2128 7400 7909 8791 6180 5080 1025 1640 8658 1523 8632 4533 9325 2978 653 8347 9492 5594 5776 4283 9731 8291 3228 8294 711 3758 7678 3646 7171 7572 7266 1602 5004 5444 4754 228 1471 8594 1803 1329 8545 7240 6377 5509 9376 2227 3267 5350 7874 4767 7748 6725 1433 4312 2352 8228 6763 4553 6773 8737 8862 7535 895 3092 3098 5909 941 5908 431 3301 8753 3507 5749 2807 4193 3978 9334 3615 673 5358 1450 5750 3802 1940 61 2948 3170 8713 1669 3649 
40 3000 7244 3913 5279 120 1402 9710 9487 5699 9077 1017 2700 169 6044 2423 6470 3253 7814 3251 1963 6233 166 743 9547 1697 2797 1365 1505 1415 6101 247 7880 2327 1073 8736 5436 668 2330 80 9747 4218 4270 3242 416 2665 347 4825 9409 6107 5471 9139 2527 1673 1540 6379 3990 8264 6089 8935 4152 9430 4067 5828 348 4365 2742 5265 848 7023 9725 5325 1955 3370 4127 2766 8217 6754 830 9960 5768 1399 7897 9951 8790 4026 7092 9638 9105 3603 7537 1086 8892 9211 2486 955 6523 6042 9233 8063 5527 9524 
41 3000 2132 9068 6685 7560 8754 2277 3243 905 9165 9577 9247 1658 8324 6499 1014 9886 1615 395 1720 8370 3496 6752 9114 5473 9279 3624 6356 6139 29 4188 5988 1015 595 7432 7016 3692 761 6958 5131 6083 9521 7924 6047 1913 2485 2092 1964 8343 2405 1021 1160 5718 2826 7371 704 5434 4865 4335 2299 5935 7113 3202 1243 6836 8660 9039 8522 1170 5254 4497 6022 5755 8568 1748 4871 9693 8612 2542 6904 990 9257 6391 9251 1303 6884 6876 2054 8810 2165 6085 9304 9208 4966 7166 2808 4831 2372 5014 9280 1899 
42 3000 9840 5078 552 5889 5476 298 6919 5028 7438 6159 3597 1918 4465 3876 320 3277 9526 1705 4050 7818 6598 4372 4820 2237 572 639 4695 5340 275 8978 9866 283 4627 1388 5862 4951 1914 5323 5892 448 2195 3754 2307 7718 2825 3350 1193 2296 7110 791 83 7176 6085 7195 8800 3804 3413 682 3418 1205 3415 7056 3356 3226 2223 8611 1589 3908 2053 1069 7991 981 8615 8636 5797 7483 1631 7187 1195 1515 8494 5572 6040 4099 1044 5052 3694 5185 5470 6857 7991 7768 5336 7869 5327 133 7734 4432 9873 6227 
43 3000 2563 4285 1918 4156 4931 6617 9331 2805 678 258 2153 6586 5035 9982 310 8305 4397 940 4454 162 1228 1222 9928 2872 2083 2542 3854 2907 8769 9039 5352 7874 2614 4219 8874 4 1875 6008 673 7776 2261 9938 8393 5664 590 456 3782 2010 1563 357 8531 5013 7667 8340 3241 6857 2202 4697 9514 5954 5434 5116 5164 7317 3875 2619 2559 1052 2679 7618 87 8986 1176 6099 6742 9405 1518 5932 9844 9931 462 1302 5875 8517 4270 5270 4446 2565 6736 457 5383 6177 338 7849 8949 5521 517 3733 9176 2332 
44 3000 3077 4758 336 5528 4716 1114 6525 961 6674 7843 4386 9286 1514 4273 8939 1954 3020 1574 2555 5339 9231 8445 7037 2980 8587 4923 8845 5955 9209 4310 7425 1371 1301 3240 6683 8994 2678 9857 9569 5988 7418 126 5796 9790 7638 2267 2674 9103 8400 9311 9082 3020 5733 9785 2553 8269 7789 6523 9490 4584 9121 3596 8507 8200 8082 1372 6893 3475 7355 9700 200 2640 7605 9216 4962 3660 4256 783 4530 6243 7391 3042 8041 5950 4785 8099 2506 6447 8051 5337 8024 9875 1923 3341 6125 5346 6654 9967 1229 5564 
45 3000 3543 516 5244 1570 3594 4049 5273 5615 9286 7819 4458 2154 9476 9827 5945 6970 7433 9511 9972 4418 1982 6548 4085 2796 1786 7793 6477 7841 2748 2334 2455 4352 8537 4678 4027 5934 4242 6060 2618 2869 3148 3872 4911 8115 6638 9228 1809 1424 7222 2643 528 1588 4687 7843 9812 6813 5378 3698 8267 3213 4598 4284 5835 1431 2132 7061 8376 1385 907 9185 5386 5140 8763 1942 838 7905 3359 3305 7145 7151 196 8618 2250 9859 3775 9406 9843 7893 1871 306 2695 1491 2935 4127 9132 892 6622 5035 2616 6078 
46 3000 7445 9859 4465 4645 1551 7525 9692 7804 6621 6618 5968 4494 4901 1061 5715 3637 9353 3925 1317 4502 2933 9365 3462 5205 992 2675 2609 9328 6803 8476 3573 667 215 7018 3244 6101 9431 8621 1423 6590 5906 6228 4791 6296 2381 6092 3997 9826 4029 6583 3872 7608 2736 5122 6770 9384 4502 3238 9031 5830 9969 9754 575 8306 8073 2097 7611 6724 2823 5726 8482 5544 3198 1695 2628 7897 6182 2337 2674 7830 2909 5067 9649 678 7948 4325 1319 1557 1696 1625 3662 1991 5915 3745 5446 4651 2378 9033 5956 6231 
47 3000 4647 1840 5822 8444 2979 5081 993 7139 2348 917 9822 9553 3602 9563 3284 9677 7739 6223 8311 1754 3308 6148 4264 1901 6937 7820 2514 7854 6986 4259 9166 6839 324 2459 892 1570 2230 945 3898 4365 9424 5456 6017 9400 6215 2755 1917 3073 3781 2564 1448 2504 2570 7618 1102 2153 7829 1853 8605 8571 8255 6713 631 3265 7772 5583 3644 3700 435 6348 7859 2416 8455 2076 4334 4275 3354 9830 5186 1833 241 7595 6929 8835 5214 9344 6938 1838 5886 8217 3044 9955 5042 7830 6240 2726 7413 1709 6530 6115 
48 3000 9576 850 1888 6634 2987 9402 351 3582 129 8472 5231 9423 3791 8065 3457 8278 9472 7138 7038 2549 903 1785 7657 7661 8705 1545 4380 4937 2165 3835 4500 2594 4135 6513 7500 4860 9063 8555 2143 9226 4145 8868 6689 1811 3601 3222 2232 862 6077 9310 9165 8377 5175 9930 6772 9843 3102 4293 5941 2117 7449 7460 5005 9416 1094 7897 8707 7437 5229 3159 287 5610 5511 3703 6700 7462 1340 4814 6956 9116 8262 6670 3581 5913 3497 2524 7213 7156 4589 5011 4311 8982 1185 581 7998 5359 9937 2061 2024 7207 
49 3000 2530 9337 7858 9640 6833 8162 4902 7345 1178 7088 3829 8070 1759 2530 3052 4251 3164 1942 8308 2754 2024 5133 5379 2749 3792 3696 5928 1705 2646 8568 6464 9510 4511 5713 433 719 3220 9931 3433 4925 9785 6794 1554 5252 4799 2699 2840 4980 3970 3056 1883 2290 6764 8596 7534 3134 8192 9804 3747 2231 3702 9477 3541 2189 7217 3408 6088 752 2279 9196 6933 6169 6331 3178 1331 692 8117 5488 709 2194 8211 3238 2263 3920 2668 1834 1664 2354 9802 4402 8907 3217 89 9348 7268 5586 9192 6047 5400 4143 
50 3000 4117 8643 2541 9545 2486 7990 6861 6919 4944 1707 6923 2484 682 2363 6274 8298 6092 3785 1158 5127 6544 5489 1358 3442 1288 5244 4160 2542 1482 9751 1443 7796 1341 3455 9894 6019 2420 5476 4346 8963 1012 4668 4246 4942 8677 2804 3244 8578 5893 5882 1905 8669 8838 3562 3552 4187 9283 6723 3230 8399 7631 3145 9795 1116 9059 1321 1131 9057 2803 2386 2486 4352 4554 181 7941 1160 1991 9432 4998 414 3430 2061 2293 2696 9602 1620 440 9229 8556 5847 5991 1000 3684 7351 8532 6007 4879 2424 892 4627 
51 3000 2804 7967 2484 3117 6302 6556 5772 5229 2920 9622 5862 1961 2559 8759 3211 9426 4258 5160 9472 4848 6088 7175 6458 685 8187 5993 8230 6873 8907 9450 6314 1196 4094 3967 8039 7786 9490 4604 8003 3741 6258 3246 2663 3872 9639 4910 8047 3575 725 2182 601 9824 1363 7770 1144 297 2184 5192 1965 618 3752 7585 7037 9730 843 4634 5354 3389 9848 7635 7397 5788 9300 2677 4726 9303 3526 1951 2691 2360 9423 3182 6277 5436 6363 7191 9062 5178 9220 3574 5313 6648 4520 4515 5199 3696 9720 6716 3129 7455 
52 3000 5610 1460 9218 2962 1841 2789 3878 3907 5577 3816 5531 5498 3272 1159 1451 5463 5571 7498 1726 3169 5341 2259 6351 6865 8820 424 5439 9060 9896 9462 2565 13 7508 4390 1229 9355 6177 954 4445 5839 9651 6941 7456 5206 7691 1611 3575 6185 5968 3253 3151 4611 9090 4872 5654 5675 6757 7999 4895 4291 3040 4619 7365 3593 8775 7234 3695 1558 7101 7046 3253 5753 2105 262 1854 6200 602 2535 2600 6380 7037 1515 9849 2348 1513 7536 6299 9982 941 2426 3207 353 3322 6436 3728 3223 5143 3305 9379 8664 
53 3000 1909 3437 9629 6803 1796 5215 4614 5698 2423 4431 977 7329 761 1846 834 1720 6155 8873 3861 9189 6478 1388 2512 715 7412 1660 356 6434 4843 8411 3544 2263 396 5001 5398 4644 81 5735 4124 3416 6075 296 3657 2809 1622 6306 7620 570 9060 7 6418 5202 976 5073 7450 1343 4480 9540 8451 3255 8610 864 3955 6448 4857 9111 4886 7430 818 8257 1274 1570 6977 5627 8092 9102 6602 9455 4221 9239 8775 4561 4545 2425 4542 6166 5159 704 6197 1823 1713 6214 9675 1475 875 7811 86 5639 4921 5815 
54 3000 365 1716 9452 4879 3050 8424 4231 4985 5185 8354 7151 569 6342 8657 1319 7761 9784 9852 5278 9764 6731 2758 6344 341 3770 3553 7067 5444 3379 6959 4827 2954 7579 7550 4547 558 4714 9184 4528 1739 9351 2564 5422 9901 5309 919 2315 616 1809 3817 9946 1991 2753 9092 1044 3166 9128 2909 7796 937 4530 7944 6432 4501 3816 9693 4947 8324 4887 905 3933 3142 3584 4145 549 5079 1719 2470 5610 2893 8224 8246 3801 3350 3434 75 7015 4717 6482 7855 824 8384 5834 5967 4061 8609 2936 4580 1541 394 
55 3000 8991 9085 9896 5474 4867 7657 6545 6442 4117 6933 1780 8997 9137 5825 3981 2310 441 7453 7959 7525 9064 9200 6416 4375 2087 900 4541 5935 1294 1147 7717 1485 4945 1723 2370 7514 2681 162 9924 6834 3548 431 3901 5832 7155 1740 126 9837 7947 5474 76 6617 2606 254 7336 8003 583 5118 7197 9631 7749 830 9366 8814 3169 9316 3805 541 9009 1219 9700 1596 3558 1587 7549 2802 7386 3676 4375 9397 2619 888 2067 9524 5340 6830 8847 859 1118 3493 3856 5351 3658 7565 4874 2097 6584 4862 9152 8336 
56 3000 8333 2890 7387 8570 191 1523 801 1813 7438 1818 1365 6957 3630 2942 5134 6276 8000 7236 8712 7036 5985 3397 8845 1252 2879 7786 5131 3552 608 3860 5864 7176 7636 9735 6997 8097 1991 3864 4232 7267 7416 8852 8236 985 2648 3383 2977 9400 3817 2284 7196 3124 9981 4705 8988 7986 1768 429 3525 7894 3162 4307 3890 5842 6401 8814 5045 3020 5 4732 919 6069 9930 9964 4626 2447 3843 6461 1799 3927 8525 5284 7062 8217 399 9789 3613 8707 9183 6931 5945 2342 4665 6702 5682 5612 6609 9688 544 8680 
57 3000 7777 2750 6438 7624 86 2839 2674 4809 3885 8922 300 7385 354 2047 3573 3905 7035 3522 4546 9071 6482 1226 781 6611 8039 4042 6192 266 2743 4417 5009 2919 1351 9041 8866 3836 5492 7663 7018 4039 1945 16 9681 9805 39 883 4494 4280 2184 3277 6112 7232 7522 9750 8919 2919 8702 1826 2870 6083 1786 7562 2452 6078 9273 7229 8777 9108 6255 7121 4798 8604 9691 1489 3643 3715 810 2603 88 5934 640 8928 5138 3843 8660 1439 3750 5981 4574 8052 5667 1843 3219 6184 9387 1001 2588 3436 9249 347 
58 3000 4983 6399 5652 9469 1295 7591 8389 4144 8402 517 3118 7960 9700 2846 950 2060 8754 7727 1161 3016 6076 3217 7036 8825 9026 9843 4829 3027 4840 6285 5858 6955 6783 3182 1718 103 3425 5070 2618 8623 1045 436 8849 1948 9156 9907 5374 7536 9162 2551 9542 3740 6128 320 1926 808 3689 600 290 0 2075 6899 6680 837 9263 7656 7635 6471 5252 3172 7532 7180 9473 671 5044 1991 1306 7481 2737 8425 3740 2347 9781 369 149 4859 7789 4071 4190 3015 9785 2261 2838 8902 2290 6398 2529 2507 543 7041 
59 3000 8447 3647 6832 2344 6917 2031 1967 4680 942 5443 9865 5383 8846 6049 5267 7621 6058 4832 4576 7394 12 4149 9826 2651 8172 8417 5766 541 9190 2919 79 2779 7177 742 6720 9146 9112 7828 2381 9108 5361 6166 6083 1563 3338 5094 1888 2712 4278 736 4739 2056 3136 3562 9429 6513 1624 4066 2683 2671 4352 6580 8382 7152 8115 1205 5896 5113 4287 3872 1550 6865 4357 4522 3218 2619 8573 3416 8033 5359 7726 5571 3229 1836 8047 3315 106 1689 9238 6972 1118 4692 5624 3673 92 6127 429 4285 5561 276 
60 3000 3177 8474 7238 2044 225 7885 5596 6707 8409 7452 4591 7779 1823 4833 7496 3014 1725 7968 5871 8520 9559 759 1646 1009 3112 6885 2345 8171 5789 1730 9418 7163 9014 2444 9708 1237 7761 6127 44 4479 9202 6137 4951 4689 4489 6522 7493 4369 3653 4582 3237 9847 3632 1550 7345 8526 9425 1401 4783 4251 8366 7787 3667 805 7530 9093 1725 3535 4258 1622 5887 9091 9810 906 5000 3305 6144 1135 5669 7179 5814 2718 1219 1013 5002 7968 3789 6647 9669 4907 9542 7832 4829 9205 7009 8730 6957 4231 8551 530 
61 3000 9512 9243 4951 6197 1591 5695 3129 3344 9708 1669 6977 5226 2690 4436 1331 9860 9714 1135 9055 7276 1451 7589 1262 4883 4348 5231 645 968 8028 6168 7951 6314 5818 6363 1564 3951 8403 6940 224 7023 600 3624 8867 4787 1264 4296 7585 6730 6313 4675 3720 4818 4881 2131 7081 3870 8594 7614 8277 47 3975 5716 187 7479 7971 2854 2550 3007 6601 3576 9677 9060 6741 4997 1291 4642 1018 9359 6495 4463 5844 4711 860 6178 2563 3719 6638 5760 1735 602 6105 998 531 6185 8025 3116 3265 1090 7237 6520 
62 3000 5045 7038 7373 6669 8550 6287 6699 6071 3934 9186 7076 8402 1851 9866 6050 758 9607 40 2072 4019 443 942 2832 1349 5928 3386 6727 4818 1496 5944 7450 144 5091 1263 1704 9569 8948 490 44 2852 4495 5838 840 6389 379 1263 7367 464 3620 1278 8021 4614 3886 7884 9657 1130 899 5628 4057 6676 4959 4790 7515 2033 597 2686 3556 9977 3355 3107 8776 1265 9684 3874 1802 8766 9974 2525 5387 9700 4708 119 1624 6013 3735 3174 283 2870 8676 3723 279 5281 8448 7499 4259 2842 7920 242 6320 2608 
63 3000 9689 2133 2846 90 8982 355 6475 8374 1681 9775 3187 5370 5480 1748 2520 9181 4160 1061 910 1599 4991 981 8156 9727 9258 6445 7008 5725 5918 5366 5883 4680 8372 8068 4705 605 4372 4843 3872 555 9044 1636 6341 6879 1043 3852 2847 7586 1831 8293 240 4845 8076 3213 2953 1604 7184 6502 7588 6336 5947 1995 634 5910 2323 3909 9306 6590 337 9396 5508 3151 8108 9231 2928 6130 9004 6616 7244 7195 5917 4119 9474 2638 8666 8729 2432 5004 4522 5041 325 2829 1867 6564 1462 8514 6962 5155 4098 4324 
64 3000 3858 8577 5397 6504 7418 6183 3522 7529 9471 2724 2850 6473 8089 285 2312 7508 9990 8340 6858 6520 6066 1937 2045 5859 33 8009 1755 7209 209 9804 9033 2586 4419 9445 51 3455 8019 8615 1200 7979 5051 7364 9303 6389 2516 1040 4957 4483 7783 5355 8994 5242 9111 9562 2075 8580 9303 7765 7403 9213 2484 8353 6562 2656 4002 1562 8484 9346 3457 5151 1538 6884 851 8219 8742 409 5869 3133 6108 1093 277 5587 4103 2763 3452 2789 2240 6646 1035 9767 6793 4241 6707 3801 1637 8314 7089 6987 2211 2020 
65 3000 9775 6913 2613 6150 4479 5477 5806 4500 7316 5811 6969 7368 8203 7345 9951 3175 1384 8992 6868 8212 9087 451 815 4510 8297 1646 1708 5837 663 281 5245 1818 5519 7525 4999 180 6043 1822 7634 7128 8530 822 1239 5835 4794 1440 6799 3069 7701 8043 2783 3932 9815 8753 2857 4738 5175 9885 6727 4006 4205 8504 4099 1581 1734 3109 1775 5878 8149 2440 3863 9260 3678 2414 5119 1526 5784 1183 7412 1537 9700 2316 9313 6960 2076 6108 8808 2142 7761 9017 9144 4101 9700 1218 7787 6652 1964 2288 8515 2650 
66 3000 5906 5016 6633 4364 9431 7336 7312 1969 9404 2383 7054 171 7174 6683 8283 2951 7230 6452 7057 6437 8974 2041 3912 9899 1628 483 7823 4872 2256 6186 3296 2398 6920 9737 583 8405 4959 4835 9018 7193 6386 3352 3488 3062 2418 8517 4019 59 9132 6221 8492 9841 4235 4453 8481 7681 6972 859 8221 6583 1152 8426 6695 9529 1300 9287 2850 9851 1932 6659 3938 9727 9963 4901 6978 6804 229 7692 3349 8937 4140 4349 6502 7071 1463 4252 2803 6226 5215 9407 5494 4627 9700 5130 1787 944 1652 8852 3074 9668 
67 3000 4520 7057 8273 4602 5868 339 287 486 7899 6581 5597 2741 1113 2273 6975 5342 1078 1936 9328 6813 8340 5687 8656 4346 1442 4921 4148 6050 3083 6118 3394 1324 9393 2777 725 9346 2332 5477 8680 5701 5225 57 2590 7125 1406 3927 8301 4374 6001 503 3007 3221 828 1761 9220 3581 2425 8924 1855 6751 3202 1270 8448 784 5720 3066 2495 3989 89 8625 9919 6542 4501 5492 8654 243 8878 5748 1367 6381 1650 5451 1293 1730 9662 2188 1200 2674 1193 760 5483 7450 2116 6994 5374 6517 5172 9673 7284 1059 
68 3000 2371 596 4269 9599 522 2760 616 2749 9885 6671 9563 6080 5947 4779 4136 1119 4324 4029 1111 4468 8791 6553 8110 5051 2432 8475 3812 9488 1918 6846 1294 5586 4910 4697 4493 3964 584 4233 7802 7798 3286 8132 8778 690 9311 8983 3986 2668 6797 6844 7965 4303 8765 4926 5311 8961 9258 3400 5900 3165 2629 1332 3224 5100 5938 6742 5855 1230 4480 4786 2037 1043 438 4066 7399 9925 4661 1063 5797 154 1564 2695 3276 22 7158 7001 5162 1081 201 1952 6277 3514 6474 2380 4277 9630 6188 5039 6119 5488 
69 3000 4507 1791 7648 640 5198 909 6316 6004 7418 6516 7018 9859 5606 6141 1058 1967 2516 6403 8240 5818 5368 6819 2081 9002 5124 1738 8154 1705 8893 400 5547 3330 5458 5120 1461 7243 3924 7596 8917 3643 5502 3341 7600 561 8407 4244 7824 2979 5884 9254 7620 75 7366 3185 2951 596 2747 3653 1055 6354 9785 6135 6905 3847 4629 7148 2803 4005 5473 5562 1091 59 9333 2034 9996 3540 1948 6564 2589 8400 807 4176 8879 3256 1305 8736 1026 1762 6015 4875 1683 1107 7096 8054 5455 8632 1815 2746 3499 6581 
70 3000 1202 8744 1227 4968 1830 5596 9156 2574 711 5160 6866 6072 3329 2294 93 7266 4789 3658 945 8468 4097 4650 1237 5993 1558 4468 8962 1776 9310 9289 7875 3126 4970 3577 213 587 8414 9523 2531 3944 1681 4595 4668 6336 1996 7230 1839 6509 7928 636 9846 9180 8663 4728 3420 3541 6405 6189 7688 9872 1910 6649 2759 4293 3132 8997 1438 1634 7004 1813 72 6428 4338 1928 2510 2035 7853 5107 7191 7889 3329 4855 7367 4865 3882 9356 4433 8780 7368 6525 4399 2010 6909 7199 7475 3237 4548 6438 791 5324 
71 3000 8021 2965 4231 1305 665 6721 9404 8510 4444 4548 1728 811 6099 4002 5648 8990 6425 5281 2976 9241 2680 1288 4356 9782 4103 5812 3850 5613 573 9837 6660 1375 4383 5976 9959 2356 5145 1032 6865 3604 7814 6677 3524 7179 3844 8262 9327 7522 5463 1753 252 4951 3074 8789 5324 7282 5786 9861 6211 9574 5066 5629 9933 2004 1512 6346 4707 5858 4760 9424 8906 7657 6509 5115 3156 1397 6674 320 5543 8927 2663 519 9960 8441 1781 9837 7567 1099 6754 9220 1383 5775 4384 2749 4001 1927 7327 2071 8426 593 
72 3000 8993 8957 2042 3511 1573 5988 3700 369 7195 5362 3934 4172 2198 5828 8302 4740 4534 7744 3848 327 4301 6261 8693 7370 7385 2634 4751 8361 2248 3649 3567 7838 9825 9190 5285 6509 6551 7916 732 3501 515 1073 6640 6725 735 4426 3980 1376 9567 8319 9431 6556 8221 5858 9967 14 5425 9218 572 1023 9196 4080 5082 1373 1740 2186 149 4493 7488 2024 2329 2695 4240 7639 8298 2551 7447 5563 8195 8380 7610 9875 2080 3879 811 5383 9530 1861 2363 8938 2352 2130 3588 8860 421 7478 1720 2503 648 7803 
73 3000 2929 1935 9066 2357 8479 7746 6048 117 4001 986 4647 8281 1896 3220 2058 8887 6865 4710 4210 3564 4556 728 3481 6398 3347 5989 9537 4932 9247 7204 3296 9283 3919 3771 4020 9391 5839 6579 9528 391 4569 4944 9538 6107 8159 1666 2129 673 3677 6211 3332 8279 860 6025 9847 1045 8891 5963 4879 5014 6303 5847 7106 4272 4003 6155 2766 3201 1428 1824 877 6840 5820 4184 1569 9389 4630 1023 7556 827 1043 4760 8723 1660 2634 8764 9838 5787 3141 1781 1399 1503 7371 495 3592 615 9226 212 3382 5691 
74 3000 2852 3666 4733 5429 6924 7955 1942 8155 2041 9601 6104 3443 1258 7729 4708 1860 3735 5380 4344 2840 1517 8941 6549 678 9434 5707 6767 8651 8132 9563 6444 1265 219 4790 8236 4626 9551 8005 4356 4935 3626 8212 8036 5111 9117 4993 8114 9535 521 4809 6753 6923 1938 5442 279 1320 1974 8545 3146 1224 1766 331 5026 6829 6137 383 1023 5398 7871 8581 5015 4758 5117 166 6116 4923 1914 8923 8267 7838 1848 8487 2954 5250 4825 1780 5041 4707 6973 8567 1742 3674 3675 1141 4706 1785 5713 8129 5234 1211 
75 3000 8554 6431 2618 5154 4745 1273 5606 4472 9445 4392 6994 2424 9075 349 1335 7540 3096 955 5786 4618 8914 7836 4069 3844 9901 3114 3560 8040 6555 8215 5507 8032 770 805 8367 6151 3244 9844 4272 7849 4004 8775 8619 1448 6058 6830 2785 6010 2173 8464 9965 7334 4779 912 4140 2076 8991 9874 2164 9996 8769 3326 8981 4328 6188 3449 5964 279 3845 6689 2377 1645 386 1943 9971 5562 9155 6867 693 5375 9976 2305 7529 1632 4050 4854 8469 1210 1990 7544 3594 4558 4964 8647 5295 1066 8979 8612 1608 2568 
76 3000 2282 5119 2684 4953 5887 6271 373 7923 7224 1894 947 2852 6923 2977 929 8793 8711 9225 6070 6590 2441 4748 3427 1130 246 1865 6587 1713 5813 3041 4002 546 6787 945 457 9365 300 6630 1654 4183 1622 5848 1936 8160 5935 3477 5117 2595 3243 6084 8456 6056 6391 2607 9738 1617 2223 3164 7495 2235 5859 5986 4347 4243 8092 2477 3459 8972 5922 395 8139 2498 6206 5163 4549 3513 2432 9303 7544 9319 4628 9991 9641 9951 2384 4745 3103 423 1003 5230 5160 1099 787 9194 6343 6188 9429 525 1955 365 
77 3000 7547 7437 6654 3522 7333 8776 2174 3630 4335 8454 8161 7743 2350 8008 6138 1117 1464 7285 6599 4453 9193 3248 9218 9272 4768 6912 6193 1410 6531 8401 8708 2638 2470 131 6526 408 3863 8122 700 5726 2061 1427 9418 9146 8391 9695 6962 4894 7178 8850 5802 3110 1901 4905 1810 221 4471 5890 2596 7440 7631 1914 8982 7381 485 3349 9580 8812 7150 7136 8516 9519 8533 1221 6268 7309 7233 7112 3626 9126 5569 564 8789 8298 6733 386 7573 9912 9066 5375 6755 4305 3460 9376 540 8686 3888 4464 142 6887 
78 3000 1054 2254 6511 7225 9169 3334 6161 8510 5858 4821 144 4153 5183 6049 6134 4423 3798 2375 3646 6813 223 7114 2371 4536 7252 1596 3646 3146 7474 3349 5040 5288 1931 2412 8073 3562 1890 5763 9049 1528 3749 9881 3029 2818 7065 1428 916 8389 5702 6060 9668 1890 2112 5357 5644 3161 4738 1886 1063 9852 8538 2378 3599 7169 8639 9045 9090 5746 7115 9007 7383 7643 2889 1853 1296 462 4759 5325 8709 9599 7553 9125 7778 8610 1403 6852 5276 7711 4152 6055 8056 395 6874 6423 7645 8184 2535 6089 7952 3494 
79 3000 7765 6064 6113 634 7759 2797 6457 4928 4311 8861 7589 9958 6959 1756 2614 2940 7266 845 2468 8213 6225 2415 2389 8868 4778 2858 1504 6488 7477 9978 5547 9022 9258 2431 2692 6780 5343 7275 2526 6556 4265 5662 8134 3871 4026 6638 1315 3346 1371 9086 921 7198 4189 1776 4324 1863 7044 1555 2003 2735 9822 9650 5263 7048 9517 6107 7070 4862 5122 2347 6017 8189 5666 1849 3419 8241 1363 8958 3519 795 7888 5822 6836 9696 3778 7449 6625 8470 967 4887 8468 80 8428 6539 2990 4788 8959 7590 1698 6157 
80 3000 9079 7573 5945 5169 2060 6045 9020 2473 4077 6400 1366 8755 3486 7802 8915 3234 3224 5243 4556 283 6342 7728 2725 4176 4652 4580 7116 1959 505 9879 1528 4445 1697 5014 3821 5337 9491 9374 3014 8472 9775 9150 9494 3192 7335 4273 8359 7842 3259 3471 5881 1392 5465 7451 9100 3178 2351 210 8530 778 9575 8470 4011 6006 9957 9230 3661 9036 6504 5458 5976 641 8565 9894 5041 2572 1106 6984 8868 6051 7116 2941 864 8390 3130 3928 4419 7740 7883 2364 621 5961 4090 1362 9097 9619 3343 7282 1977 9106 
81 3000 4144 421 984 5885 3053 3817 7647 7863 8969 182 6645 2888 527 6965 2268 368 6631 9533 8008 1016 105 2478 9277 4726 4468 9053 9239 6564 3837 8731 7784 890 5956 2886 3612 3608 8349 8605 9449 2531 7592 616 389 5884 1724 1354 5356 8918 5765 9138 1695 8662 375 4486 2886 6789 3630 4541 9387 618 5920 5637 2595 2229 7985 3976 1938 5714 2058 4443 5088 2544 6147 7533 1304 5067 1440 4417 7893 8132 2825 118 9804 8830 2550 4825 2338 4368 6995 3325 6992 8063 6577 2560 424 3466 8776 7314 6536 6608 
82 3000 4288 4016 1700 6367 6303 2682 3088 2968 2907 6965 142 4602 2607 2344 9161 2176 2988 2430 1021 2178 2484 3402 2007 7676 5288 6562 7784 7442 9373 9022 485 3194 7647 2512 8926 4968 2231 311 1945 4614 1858 2310 4867 7420 2406 8190 9095 1854 545 8737 4824 7436 517 5270 6881 738 4037 7202 3689 9499 3322 7724 9359 4877 7242 7614 8903 1813 599 7168 6574 7536 6525 6261 7331 8177 2017 2529 1429 3517 6580 7681 2135 9860 4013 1927 6565 1028 7305 6541 9653 7479 6667 4543 1235 3560 681 9509 6271 2870 
83 3000 578 2500 8177 1763 7641 7129 5298 965 3733 2734 491 5321 4950 5698 3843 1666 8392 8872 8513 4824 2076 9140 9689 1723 7955 3103 6690 3648 8071 881 8167 6605 3838 8057 456 9824 8438 5724 9032 2376 2352 8679 3106 7919 2011 1723 3338 7572 1575 4102 2673 907 7832 2060 312 5074 8228 9525 8798 2045 2019 6918 4232 3985 4548 8085 9611 6748 4648 5358 1297 1501 5167 2735 8602 4466 6623 7192 6507 4793 3981 8115 1498 555 6555 4860 534 2873 1033 2433 3137 8156 7633 5303 6602 8476 9379 9333 4343 66 
84 3000 4504 1840 7355 9934 1972 9776 8803 617 141 6040 1739 3046 8530 3910 9938 7548 2727 9602 1870 2961 2414 2951 7782 3884 2520 6223 9918 6046 7501 1050 5855 9805 8738 3481 4972 1764 5065 7175 8037 4524 6424 4704 9922 4549 642 6985 5446 8166 3331 845 8333 5682 916 4700 3311 3635 6788 2364 1317 5162 584 4982 7846 8495 582 1092 4410 3585 9238 4806 3129 6844 1829 2117 4447 4019 8237 5337 7971 1187 7849 5652 6437 3876 7584 3805 2798 4312 3044 8910 439 6789 2797 5379 6518 1166 5770 7984 8433 4487 
85 3000 1787 5041 3405 729 5213 9717 1200 8671 1736 9465 9966 7890 8265 3581 5196 2885 5963 8888 1820 5319 6396 3547 9421 4395 810 8987 573 5347 2534 9966 2305 6064 2508 2753 692 1835 7934 1439 8572 8223 4056 2367 6381 2056 9059 6694 6122 551 2098 1073 8454 8562 4451 6462 2904 3947 3793 5056 1211 1067 1605 5350 3789 2406 3694 5316 9316 8316 3849 3717 7450 4892 620 9540 4667 9963 7216 9551 3230 7216 4534 3982 3275 8444 7316 338 8025 3912 3417 5333 2134 856 6217 4945 3150 105 141 2602 6103 825 
86 3000 9316 5489 1223 3394 9346 8983 4777 390 2216 9212 3034 5722 4316 3738 9359 1870 7598 363 4422 5255 3851 4067 9542 9742 2101 2063 3150 8253 9144 6984 380 2518 3192 8188 5780 946 655 1194 9160 4618 6043 5239 4547 1411 4989 8965 2283 8243 406 4221 4236 1445 1765 8005 2138 5255 7491 2514 9054 8442 497 3336 3971 9048 6834 5751 9510 7265 7466 9171 2768 6424 3178 9692 9283 2124 2597 785 124 9469 3347 2098 2104 8448 6329 6395 1121 7425 3118 4609 8626 4764 6496 9030 1204 8571 4100 4614 3301 4568 
87 3000 5200 8411 3052 2090 605 7131 1255 8202 5685 2822 3456 9951 6528 6680 5165 4730 9212 985 194 8781 2215 9157 2128 3810 1935 3940 8905 1739 1347 3711 541 7571 1776 6914 9964 393 7806 4617 6978 2489 5299 1198 5357 6594 2556 3152 3057 1259 4586 6025 5558 4351 515 9471 2324 4673 4110 439 6400 1707 7433 4479 7121 3492 7615 5177 5954 2613 6763 1710 5464 325 4984 4537 1402 8802 6539 9200 7921 1501 9119 8260 5913 1666 6250 1359 4479 8943 2816 3399 5515 4131 3715 853 1427 2047 5635 6197 5974 2530 
88 3000 1958 472 8228 9553 784 3962 9668 8479 6084 5009 4393 1423 1982 6941 2461 754 152 3134 6355 714 346 194 576 7163 4050 9268 4350 5453 1258 5474 7475 6422 375 5462 9283 515 1243 3096 731 30 1299 3264 9613 9492 4845 3814 8902 4145 5453 5604 8218 6576 1497 697 8409 1459 4797 8661 9277 8427 2403 1005 408 3069 1495 3741 5144 6051 7409 8061 7667 359 4791 9152 3219 6675 1877 3127 1439 6869 7887 2082 2829 5622 3563 7281 8341 172 4812 466 2097 8185 9490 3288 7224 3751 7300 4869 4822 1504 
89 3000 2824 7481 6052 8870 1668 358 7351 6438 9748 1629 8773 6454 5686 8376 5453 9443 6338 4818 2198 8957 5452 8619 1199 4445 5438 5322 2875 2246 2275 908 9833 4716 3534 2479 3962 7468 9537 7068 6646 4748 7629 8569 2103 2929 9581 2799 3854 2131 2119 683 4306 5969 576 9556 7472 9423 5669 2604 4811 4834 3399 6417 4190 6028 8084 6678 1974 557 8505 1966 8243 73 7189 5692 5133 8825 2806 6160 8295 278 5700 4747 1491 1861 6541 2212 4304 7835 8101 3132 2984 295 157 8458 4406 8283 7519 6201 3163 5040 
90 3000 1181 239 1782 3378 2598 7249 4062 9170 1092 1771 1540 2976 4375 9384 3079 9787 2204 8023 7585 6900 3155 7404 9845 9907 4531 6591 9495 6821 5384 9671 3106 324 2670 9572 9401 8131 527 9987 7593 1493 2673 5441 8852 1816 7940 9468 896 5403 8922 924 5701 6333 3750 8419 345 7449 1002 2875 972 9486 7723 8211 9880 8311 581 150 5738 298 144 3154 6925 5825 8281 5481 7996 890 8690 2370 9269 6862 553 7351 9543 8351 5307 1675 1936 9202 6554 1873 2849 6618 3082 5445 4059 3406 5021 4660 7932 8347 
91 3000 3120 8497 5761 4694 1147 2701 9235 6790 1420 7965 5024 4819 3454 6240 2499 7672 5745 5169 4567 3944 669 644 1640 1059 2506 7494 8721 2513 8598 8286 5622 3243 3626 266 302 3129 7006 413 5332 8609 3424 8625 7487 2428 6483 9025 458 1511 5485 9399 692 2955 5328 8750 6359 8152 9538 2982 9441 5037 6419 8715 946 8455 8330 5208 9248 8660 4088 4427 1552 7937 4497 9223 8484 5343 997 9643 1808 9586 7446 7364 5260 14 5016 8249 8520 5738 226 3033 4296 2882 6091 6131 8544 9948 6402 2571 3801 1316 
92 3000 3126 3053 5657 8866 6934 7132 2341 1719 854 4530 7437 4114 7048 4562 5723 1400 6714 3704 2136 4159 3112 1270 3862 452 7722 3221 5553 6189 9514 4103 7662 3627 7354 7102 7912 7988 5531 2226 5885 2210 2411 2619 736 9811 2211 8991 2032 5892 9904 2175 3721 6256 9243 3814 1216 4652 3919 5170 1613 8146 1834 4053 7032 622 2502 9884 1080 4396 7582 6877 8442 9969 4526 5348 7592 3894 3355 1148 6639 4771 6569 3221 2289 7372 2163 9290 1932 4885 9790 9663 8862 9285 32 9167 613 9829 6804 7210 426 9681 
93 3000 2882 5959 1837 653 8555 6652 6394 6080 3401 4032 4494 1815 1191 8904 9353 5348 7917 8820 4088 3057 2942 6886 1939 5572 3279 8695 9605 1279 992 7391 3712 7934 3726 6844 397 2414 8356 2966 8030 8586 7767 3141 3049 3303 753 3785 8926 526 5050 6028 8259 3571 3483 9524 7982 5475 3244 4385 7710 7500 8299 1236 1202 5747 4909 9405 948 5907 287 3225 5890 6128 4373 6473 2255 8015 4737 4924 7524 5748 4607 7037 7522 3332 4019 2764 6630 9961 4098 484 1129 3522 4457 2058 5660 2213 3726 6016 2817 4286 
94 3000 3206 8867 5862 5923 3641 4526 4562 7230 5126 1880 4159 6356 133 469 7453 1743 9659 4290 23 2496 2509 3740 8563 6875 7698 5665 2350 8923 9972 1550 7829 3206 8469 3825 6334 7689 8489 298 4923 4727 6402 6716 344 191 7672 7447 6128 710 8009 4289 2798 9046 7649 3402 1213 7587 8754 369 9035 9968 5941 3379 311 821 9934 4535 8196 3641 4338 9287 788 6786 5548 3991 95 7595 5770 1596 4123 4637 9178 5445 2094 8080 1187 1217 2781 8188 859 6981 5979 1942 6429 1377 7089 7786 3958 9933 4836 8498 
95 3000 9107 9491 2109 2186 2045 766 9923 1410 5472 9037 4515 427 5772 2945 7549 563 7292 1434 9467 3707 9744 8810 5946 3934 8731 7917 7488 7253 9399 1455 2142 9474 3217 1408 1336 2206 7877 6602 8844 6978 322 8394 2879 7486 2899 4473 1304 9962 2636 801 9973 1673 3643 1667 4199 7538 2641 7872 3336 4879 7614 3036 8504 6288 9587 8036 3421 626 7525 3559 8370 2141 6365 789 7292 7717 8167 216 7995 2245 6387 8566 5500 2116 3287 3864 8502 6845 454 8614 8959 8817 2461 1112 4810 1156 3637 4874 5815 3725 
96 3000 7972 6198 2516 7240 2147 9847 8330 5525 1682 2858 4763 5878 216 6476 9750 7565 1908 6209 9118 8447 6966 18 1181 9721 297 4618 4449 8795 3287 9919 8470 281 8701 1578 7795 5117 8713 1689 9069 7815 6053 7586 1245 1827 8293 8780 8922 3049 5240 2015 8812 1435 9471 4455 9331 746 9980 4990 3309 6422 8958 3669 3835 1575 1694 9262 3220 1115 9606 4940 5086 3989 6387 2085 9580 3560 7287 2226 1719 6098 1515 7091 2848 7402 7764 6799 5233 7546 2866 6162 9779 3753 3568 9122 6864 1386 1434 1308 306 3074 
97 3000 873 721 4455 5953 291 6541 4407 7044 6369 6061 9341 6741 1465 9749 8987 439 4140 4424 3215 8276 2814 4572 4748 3006 2538 1777 5006 5993 4902 2279 3066 1336 1057 2657 7755 8111 7872 3639 2865 744 7208 2035 5491 7507 8322 798 7495 7138 3394 7201 101 3589 6181 9154 1604 8896 3789 9632 8212 4175 1582 9234 8013 8744 1205 6869 8060 7368 1738 8564 4592 5629 3974 4395 6368 3425 7819 3549 1136 6590 2822 7505 5219 6640 1823 1344 6236 8641 7739 3184 8935 7212 3455 1734 4162 640 4860 1982 948 3127 
98 3000 6997 9002 1727 5164 3338 9889 674 2025 8189 3812 5171 389 2216 207 395 3083 1100 5078 7034 1958 7308 5431 2126 8883 5004 1839 3026 4864 8068 9118 4493 7293 1255 5140 8908 5317 4469 7765 9611 3336 163 9899 7367 2624 3874 2682 9954 1072 7867 6790 4884 1064 7918 1872 5234 5467 3212 4110 8618 1759 9374 1900 9273 4270 4621 9661 3275 4554 9036 9770 6879 9888 6975 2620 7985 9889 2590 4803 724 1263 8483 5417 3177 674 7487 505 8212 5744 7560 5608 7453 4167 9823 6452 8363 962 9701 7753 4466 3842 
99 3000 1211 155 8680 6709 4356 5285 9790 1275 5658 8941 2029 6808 1805 2394 7800 8007 6435 1828 3511 992 32 5893 8544 7429 2959 1396 7340 6774 1604 7099 4619 6649 7663 5665 3715 1329 540 3706 8045 8373 2873 9971 5697 3363 9190 1657 7143 2779 7683 8838 6082 4991 5110 7026 3405 9387 4828 7855 4280 3611 7936 7887 8373 8940 7562 5550 3185 3778 6258 6191 514 5277 6531 5265 6053 9082 4496 9641 2093 7206 6650 7034 3376 4021 9776 3567 6049 383 3974 9453 9759 5875 8805 2801 2868 9182 2577 1557 791 6584 
100 3000 4742 3553 7462 8576 1426 4697 9923 4619 4080 5282 6041 6006 1256 4414 5344 6861 3513 2577 2990 3259 1442 2312 6853 473 6818 7027 7741 8343 6879 7934 2734 4777 1727 9101 1650 7364 4854 639 6635 3128 6799 15 4874 6395 1921 1476 4438 4789 8303 3616 3242 3356 778 5055 1138 6807 7083 8251 5131 9890 7138 1430 7716 5886 5442 8646 8344 3232 6609 7965 8013 263 4012 7776 6981 8090 1566 1218 5608 1586 8628 8745 8318 8517 8025 8807 691 6782 7208 6658 9677 9788 2523 1292 6937 9940 6623 498 5306 271 
