FILE: 2823UnifS.txt
100 100 0 
1 3000 7177 359 824 8792 6117 6141 6115 9131 6625 5262 1661 7835 7848 4856 5748 1032 8588 4591 1340 3121 5638 5172 8486 6827 5245 4957 9843 1389 7704 4703 9334 8867 5070 442 3920 8572 1999 4471 8505 9631 9713 4475 3962 1664 3089 778 8289 3599 873 1705 880 600 9024 7087 9934 9128 7172 9876 2977 128 8216 5895 517 329 1031 1704 2821 1687 6315 604 9819 8937 5546 6750 4126 5280 3079 7402 7202 6190 1359 3294 8623 1349 9257 7133 8485 4704 3538 216 2933 2652 3454 7177 2813 346 8451 8862 5448 6133 
2 3000 9015 3320 9539 4110 636 4927 3199 4805 896 1632 5096 3992 9684 325 8738 9617 2538 340 9871 6865 7107 5067 7008 1334 2744 1706 5081 354 3217 9133 2219 2410 2552 3899 9649 4711 3999 4350 4725 8864 2115 2872 7078 4690 7988 6265 7896 2153 7569 4236 2325 1421 3142 6022 4996 1049 7911 5134 8678 4288 3718 2233 6056 3516 1877 6120 4630 2800 7146 2859 4749 8578 4813 3027 754 8469 908 7080 5266 8203 5550 8851 6579 6683 9406 7171 9192 9169 3283 5617 7461 8584 842 380 2377 4948 4440 6261 1465 2938 
3 3000 4093 797 1815 7572 9565 6501 6234 8015 5584 1237 2519 9516 183 6714 5865 3462 6163 5108 4391 5567 5684 3808 7788 2177 7979 8289 9103 4704 194 3103 9636 2185 1353 1006 6970 1968 9448 199 6123 8514 1654 9703 3824 340 7669 2854 5917 5068 6178 8923 7888 2617 4443 2863 8517 6503 1017 3178 6654 3283 1588 7925 1126 103 7938 8826 3758 389 38 3524 5530 7652 1257 5945 5851 7423 6710 4802 4966 7312 4713 209 9477 5190 1383 8434 1003 5498 8345 4764 7950 3682 3575 4505 417 8751 5364 2101 8224 3958 
4 3000 9411 8380 2061 5613 9032 5929 7770 13 8505 2585 3744 8504 9533 3058 1455 660 833 8677 9106 5597 851 5264 8411 1400 3605 9124 4492 2689 7644 1171 8912 6298 8143 9173 5825 5083 2117 8123 1252 9859 6757 8734 5485 9455 901 4061 8615 8901 9617 4246 9183 5735 1925 9394 5955 4435 1629 560 2832 8980 1291 8879 6868 3533 9311 2807 9428 1248 151 3493 465 1207 7667 8277 5921 3475 1580 2309 8253 2285 7063 8295 90 7348 7454 4370 1005 3284 99 93 7421 7182 5319 566 5636 4285 8491 8685 7978 1794 
5 3000 5272 5506 2080 807 9936 8745 3283 6375 6835 9396 163 5686 4995 6479 3185 4372 5827 9911 6479 946 3967 1502 2740 9358 1241 4075 1262 9677 3758 8712 9083 6905 2120 129 5268 7906 4764 165 8305 6466 4429 9411 6641 6476 7742 6951 2327 3243 7934 8232 7797 2919 682 1066 5773 66 3072 9746 2291 3333 5690 7293 2850 9268 7833 5828 1697 4252 5854 5068 4219 4557 4626 8949 2481 4528 2127 366 3871 2895 7162 4051 2879 7201 197 7566 6001 6368 7325 422 9766 1375 7361 1331 1887 4068 2049 3570 5537 4094 
6 3000 9406 8483 6758 3960 189 7099 4979 2216 7479 9878 6676 4764 9401 4584 2145 4290 4962 2279 5408 7825 3014 1445 7234 2427 4349 231 1300 8990 6907 6823 3459 4179 4122 7940 4153 485 6382 5455 3929 4413 5622 1142 2099 2786 3039 9548 8516 7183 9928 8985 8475 6496 1653 656 739 7611 4730 5897 8697 4221 7047 1552 4633 3756 1202 3466 7137 2443 969 8107 1625 8491 884 2312 3997 3396 8965 1160 7411 1380 2548 3964 2184 6943 7254 8397 8827 551 9079 2734 4186 2445 9606 6226 729 4572 4349 7593 8943 644 
7 3000 4213 1648 2864 4323 90 4042 8728 5531 567 4136 6749 4878 2771 5995 6020 6225 6332 7511 2541 7370 473 7646 374 8849 4223 1810 5915 875 9762 5348 5303 8398 8878 5169 4940 4284 2566 9487 5150 625 3734 5694 6951 8174 3049 6357 1962 3905 7901 3337 5427 6690 4488 37 2368 1117 3038 1771 6863 9415 6143 4262 4449 1517 229 262 7648 3245 139 4300 4619 2614 6855 5550 937 4268 8334 8830 4495 2041 3473 3720 3530 9635 9200 1811 7776 9435 688 2076 2742 9438 4694 4363 7114 8311 6027 1019 3282 8580 
8 3000 7135 6637 993 7933 819 5922 4127 8657 6076 9692 601 5195 7064 9000 5395 9828 5186 7373 6706 6490 4312 1192 5223 2692 9115 8181 6531 9590 6538 4032 6639 162 379 7150 630 5519 9013 1525 4440 9339 6227 7724 9761 426 5186 2019 2067 3392 5521 3628 1764 7465 3549 86 8474 3426 5609 746 8431 8665 4524 8393 5012 363 9199 8996 2387 6806 7328 9576 2297 6813 1238 4204 3959 7297 6852 8119 7090 8950 5782 9978 8058 48 538 2225 9166 8389 2875 9586 1047 1346 5250 5693 8196 4058 5420 7827 7621 5731 
9 3000 4151 9793 618 4076 6060 2911 7677 7867 3578 5142 6509 7624 4045 8329 3196 4423 9918 3574 6469 6827 2115 4731 5112 5945 6479 24 8488 8618 3369 1799 190 8728 371 4392 4821 6626 8143 126 7897 6696 9376 3429 8871 3039 886 3085 7285 3277 8826 2602 2054 488 7030 8710 3858 3271 8475 7978 680 3918 9871 1565 6451 4733 9377 8091 2828 2461 7440 4626 4102 846 761 5822 5218 1317 9381 1150 2933 1793 6902 275 88 3622 3822 6552 3017 6635 4001 8646 2069 2330 4253 281 5261 5183 7058 8105 5058 2080 
10 3000 6402 7693 8274 9877 6745 7664 9097 1081 5107 1929 5246 7659 6284 60 7244 2976 1191 5787 823 1847 8322 3622 2449 8726 8341 3599 7979 4012 1802 4151 4432 8481 9979 3104 4895 5849 8842 6796 6552 3454 6139 7325 1833 1060 1612 7923 2690 7798 339 6444 8006 7219 9200 6995 4116 481 6462 9675 8461 7655 4497 8447 6368 7161 5624 7139 949 3324 1067 3559 6129 2059 3054 1744 2800 4681 23 2331 8097 9836 4967 1052 7800 3561 6900 5359 1863 7467 5440 9162 3065 5050 8533 5709 8787 6119 3286 8578 5917 9360 
11 3000 9933 796 8871 3019 8928 2089 755 3707 1156 4251 7634 3338 1276 4641 5937 4183 4184 7804 2987 2058 4603 5216 649 7630 9799 3155 2110 5852 5417 8700 1781 3520 4453 3848 8325 4958 9337 7765 806 5825 7150 7150 7971 5052 7968 4740 650 4895 6318 5923 7281 9125 5777 3489 2569 9332 6682 500 9255 9359 6969 1283 3025 7863 6141 557 534 8998 2357 675 560 1220 2644 6995 8279 4226 6242 1378 2670 4009 1064 3808 7042 6043 3288 2138 2683 6591 71 9961 5643 2138 5392 2608 6630 6951 9011 1266 4044 8762 
12 3000 8565 5225 124 2577 4777 2253 227 2609 9802 7085 5231 2335 8687 8050 7063 2685 3962 1815 7349 8343 3356 6256 9193 2186 638 1453 2080 7843 9577 8814 9900 374 1036 8319 2106 5082 3186 3889 7985 4448 4847 6889 4065 3184 1949 7741 4640 1423 7125 5676 5424 6023 2425 6601 326 3 5158 9099 1356 100 6851 8546 1647 2456 5347 9360 1613 6421 12 5372 8223 6491 79 8321 7404 2365 6114 4474 9568 7130 4603 9374 8265 3566 5667 713 1962 8585 3903 9324 8941 5783 2349 8302 5329 6132 9574 254 6253 6779 
13 3000 9891 2668 111 7987 6700 1408 5980 8190 8947 2338 4141 7180 723 1064 9730 7409 3969 809 9520 3431 4324 8407 1817 9453 83 8423 9492 5024 4293 5404 6133 8841 9964 4243 5319 683 8409 8682 3027 1470 711 7928 3154 1445 2310 1401 6177 6487 722 1606 920 2539 6372 5128 9467 8169 6567 1753 5180 5256 2581 1715 3860 7793 9868 1065 8017 8827 1409 5170 4276 5513 4169 333 3904 2299 8692 3537 6462 2236 1813 320 6583 6407 2499 766 3873 1493 815 3632 5939 5450 13 8591 4542 1322 1743 6600 4874 9169 
14 3000 4401 8403 7959 6132 4586 1147 6183 4615 1693 3129 1943 8590 5631 6668 9428 8033 7656 9101 9517 1485 4341 1903 7813 6731 4665 7936 5787 9611 227 6815 5061 954 8585 8409 4811 1637 9724 4460 2288 5766 5641 8329 6478 1986 3065 2867 4875 2916 9293 6411 3383 2705 1158 6907 9347 2720 7115 4155 7701 5347 2459 177 248 5933 7664 7719 8061 2838 9848 6866 7013 5624 7361 9793 6424 1359 7504 3633 844 9052 7363 1476 4952 2215 7780 1487 1587 9541 437 4152 2893 3716 8077 7653 4604 8352 7838 1360 3444 3046 
15 3000 7721 7454 7653 6563 6180 674 638 8144 4836 6185 7755 6941 4316 5576 6207 9574 3220 983 8076 5816 209 7331 6469 2402 9220 2709 4800 4960 7808 6863 9192 8071 8607 7818 4003 3456 3924 6627 478 6278 3450 237 8527 9580 5103 2489 1631 6843 8993 3238 4860 2670 4506 5597 6037 1592 527 1312 5 5004 8775 4256 6037 6225 269 2049 8358 3676 4918 5806 9801 2195 4234 8008 8582 2467 7176 8495 8205 8583 9111 8593 485 3724 3904 3353 1704 3970 9136 1930 1889 234 4441 6070 7211 8316 2972 6739 5513 7096 
16 3000 5990 8866 4964 4832 578 4214 5839 3601 486 2374 5412 1854 89 9890 5994 5103 1480 7505 6079 4724 4687 5528 4623 4896 1008 7333 8447 7657 9479 980 2762 6089 6464 8961 4826 5623 8370 6071 717 3479 7484 5403 5234 6217 940 2472 4933 5428 2810 7456 4267 1537 9317 5574 4875 5739 7175 5574 7977 57 5053 6363 9902 5527 8169 1745 744 8505 5999 3297 6136 5099 3121 1364 2155 3732 3178 4179 3346 5824 5970 5111 3878 4596 7666 8034 1817 2011 4144 824 6533 3828 7458 6980 9226 2785 5428 5372 6574 9912 
17 3000 4352 8108 7517 3960 4848 6535 3156 8961 817 5355 9780 9912 1537 4874 5017 6586 6872 1375 7118 5460 5617 5610 7349 9779 6959 9423 5529 7736 5070 497 8674 8781 6820 5222 2780 8059 2616 9695 7720 8962 370 8839 5277 3817 2585 3650 293 2693 6573 6565 4947 335 7794 4964 6157 1221 6318 2785 6107 2751 6420 274 5903 6547 9290 1854 2344 7895 8877 2124 7829 3298 851 9975 3384 6161 4692 842 4813 602 8909 7069 1975 3382 9377 6413 1188 3965 799 8656 755 2704 1303 357 9616 7146 152 7722 9129 6466 
18 3000 8582 7600 7966 4028 3773 6604 146 8068 5934 8354 6185 499 8519 8855 7372 3850 1566 9987 3176 6322 8166 1128 1767 4969 4047 8900 3672 7012 293 5043 8555 9269 9182 2405 5113 5713 3151 9068 4107 3159 6887 592 4515 5069 2540 390 2808 3488 8064 8216 5352 9101 8683 6793 3938 9418 1478 6559 4429 5083 3104 8533 8543 4303 628 5315 8752 5414 5498 208 6312 7559 627 4460 2411 9498 611 2639 2452 6543 5071 6128 3450 5614 5113 4744 4563 8425 2921 6487 742 2792 4471 5409 9511 2066 5371 7612 866 2691 
19 3000 9827 5367 306 9891 2730 9362 4981 1472 4872 9071 2975 9763 1289 1254 5701 1670 2720 6572 3437 6862 203 4338 3971 4076 2785 5388 4380 5556 8363 3073 5938 9605 7653 2386 2134 1276 1272 7201 9832 1175 9961 5652 3546 2397 7918 3621 2839 5582 9268 6368 2855 2102 7650 8267 7971 5371 8933 686 8571 270 7055 7979 949 716 2988 1607 341 5340 6830 2383 7072 1294 3016 848 5835 6192 8659 5761 8095 8158 5020 724 7613 4019 2088 8928 9102 5611 6304 6022 2 4207 1397 1109 5383 3085 2347 5872 5972 8204 
20 3000 2480 1812 9308 7015 3676 5626 4013 5396 9715 2701 7202 2710 2739 8733 5004 4986 2843 9475 6219 6232 788 8610 9093 7866 3841 3742 1221 6273 4744 522 2572 8491 3797 4892 1647 6021 4080 3454 4749 6758 9786 1971 8392 5047 7691 1986 4824 9875 1742 5564 681 1171 772 8169 8766 4243 9339 9658 2946 2339 1691 3400 6186 7325 8859 3527 1696 8500 8866 298 7213 9525 73 3601 2397 3482 7638 4574 9367 6060 3111 5347 6345 6862 7146 6914 4439 8838 5341 5135 7541 5844 7204 4847 5358 8329 8241 2121 9564 7137 
21 3000 5174 4624 3075 5446 4277 120 2451 8824 2844 3090 3430 3414 3775 9479 9569 2241 3297 9563 4032 9647 1798 8952 4487 3850 7794 7706 1134 7626 5019 7580 7858 7117 2642 7400 6504 8768 8600 6557 4286 4384 6072 6626 4305 4309 3062 1115 9209 8743 5115 3333 7966 7170 1162 2391 5768 5916 2476 7317 7058 3838 4771 9306 1684 6126 3408 2093 4172 6241 1743 441 6134 5971 2587 6773 1790 3619 2796 5908 6624 305 989 7940 9160 4403 8384 9228 5865 4104 2764 1522 9176 8089 5570 9206 8651 4349 2111 4668 5248 7111 
22 3000 4907 1802 8727 1898 152 7623 8177 8717 7305 2014 5670 3361 1807 5601 3035 6846 915 5745 1762 2973 2672 664 6032 4002 7995 1682 8866 4472 5890 3594 1401 3126 1793 3169 5298 2975 9030 5767 8263 9476 3415 86 2705 6847 957 1033 7509 2497 8706 720 2940 9584 8712 7584 8672 7700 5121 3639 4936 1681 4384 9836 6802 8536 8602 9571 1579 2511 1986 299 9342 8269 451 3279 6587 2199 4329 1453 3004 1852 4208 5432 1383 3498 9899 7625 639 7806 2524 4481 1969 3660 9731 6862 8120 87 4035 8538 5803 6317 
23 3000 4283 2808 1210 9968 240 7247 8673 3352 311 6577 2438 7911 2373 3661 1571 6775 7747 8627 7980 5443 8281 6113 7572 596 6570 639 4526 7028 9294 99 8702 2705 3684 7388 6160 1948 7108 145 2820 6743 9791 8622 1233 6172 652 1685 489 3976 6268 932 9239 4234 2967 2939 1852 5174 2039 9632 7689 1108 8080 6783 3508 2485 454 630 8988 4081 7882 2626 5385 1305 6159 2305 7307 4632 8996 8286 7617 2161 1977 7383 5461 302 9659 1864 7418 2580 5778 4810 1780 6573 6594 3619 5955 8966 7356 1626 6990 8740 
24 3000 1886 7845 5227 8476 5303 4844 1082 3789 9855 4740 4940 892 3888 3322 190 2270 3933 2291 9375 499 9925 9638 3468 172 3538 8137 4274 7960 9653 1967 9959 798 949 1456 3703 2190 5612 5954 5476 6642 8182 4829 6938 2227 3513 6589 9473 1262 3865 6124 5333 9117 9118 84 1923 1153 111 366 9197 7778 5110 5746 191 7629 9395 1613 4670 8882 7974 7852 5909 8689 1427 4831 595 729 4867 7527 1853 899 32 7769 5398 1119 496 4614 8815 1265 16 2836 3958 9229 3990 9553 2480 9104 4051 8972 4485 7490 
25 3000 5779 5256 302 7927 9542 3526 5393 3458 4464 8977 8376 7306 5509 4130 2178 1691 3698 4195 8314 4754 9454 575 4289 5625 9057 2482 4123 7598 4243 6685 2006 9448 4914 5381 9075 4855 4978 2192 3314 9973 1317 6282 2586 9106 5872 4610 779 8518 863 2295 7090 8370 7125 1113 8421 2775 5574 6124 4912 7984 1797 408 8590 8691 3768 7946 5147 2471 2686 4609 8841 2336 6939 7283 529 7420 9199 1114 8811 1786 6629 4879 4313 1360 4231 4480 7088 8991 1305 4570 7145 7634 1040 8295 8095 1655 3231 5166 3938 6272 
26 3000 116 7057 8957 5108 5345 2323 749 5873 6064 8047 6379 4181 8136 414 1652 5473 4474 3204 3522 5083 6514 4412 5614 6421 8797 1000 6878 7276 6690 1759 3368 4258 7221 8315 3143 5348 3048 4241 4292 588 9545 2312 6091 887 5020 9868 3279 4956 4054 2315 3456 4362 3964 4743 7616 6719 4395 1676 3797 6990 35 4941 3858 6925 6451 9661 3382 2617 9061 8382 4702 187 5217 3315 3056 9592 9422 6707 5862 6557 1673 9342 5121 2637 8919 7154 2945 3400 9660 5980 209 4731 1654 4429 8327 7272 2758 4876 4156 8977 
27 3000 4899 2586 8024 5794 1157 2958 4879 479 5980 6898 8571 9525 8531 4314 9250 8221 9143 5736 3896 3838 8918 2064 9971 6936 2435 2440 2194 798 3593 238 2448 8986 4575 7195 2803 1031 7940 5647 1669 6235 1833 8908 3077 5607 8330 9761 9076 1922 4900 7082 5265 7905 8996 584 9441 2540 5768 3690 3381 5499 8907 4527 7741 9707 4603 5051 84 2022 8643 8286 6033 2045 6619 3703 3549 9052 7271 712 331 7052 8953 283 4345 7976 9219 4693 7476 2978 7542 5397 2306 1874 1151 9023 2016 699 3996 1495 3412 7390 
28 3000 8842 279 3079 5595 2476 4751 6658 6607 4055 4697 1247 9421 6565 6932 932 8922 1413 46 5434 2186 6144 7277 1891 2922 5276 7504 9757 4023 4269 4370 8832 8258 6613 3530 414 7070 4045 8018 1573 7521 9884 1744 2558 7341 5501 1119 7321 8116 9905 4797 7172 6600 2463 1547 7553 4139 8733 6249 7945 4240 9434 4018 4889 8248 2533 2444 8144 9156 8463 1970 9964 3542 8458 4383 7494 1620 6024 9437 8307 5433 1522 9600 9047 5155 9889 2924 7215 3525 1474 4039 6063 8410 6005 3280 2627 3484 9678 3925 8879 7039 
29 3000 5369 7576 6001 8917 5979 7643 1789 5571 897 978 1184 3245 5588 7610 9918 9286 4309 8624 1295 1577 5950 2152 6093 6094 2997 7497 5592 2589 3623 7378 7725 8403 6901 8300 6354 395 1148 9054 3676 5002 5385 7333 5748 6424 3931 4481 1141 2930 4113 8365 2713 1293 7112 4368 2519 9351 1923 4513 9829 6686 2445 4706 2289 3435 7699 112 192 7224 5166 8645 3886 8226 7251 2594 4294 2344 876 8368 6573 2521 190 4363 6890 8172 2412 6966 2321 2744 6796 4668 3882 9398 6720 314 2679 4820 4900 1476 9187 1152 
30 3000 1734 8945 5652 6053 6760 3353 1616 879 3250 9924 2573 6996 5927 1336 1745 211 1799 8725 4984 3332 4130 804 8797 6848 9524 1106 1503 7744 8145 3360 7508 6427 7054 4983 4706 1792 6673 8702 5009 4400 379 2303 7998 7790 7213 6499 7699 7909 7726 925 2488 676 2938 8263 8117 7660 6433 6487 3867 9891 9571 9231 1824 9797 9826 4289 9281 1255 2256 233 4269 7782 4088 1161 4204 8838 2438 9569 7670 4263 5144 7344 9317 6836 4736 4887 7890 2955 5525 8361 7380 1449 3816 5055 1306 510 1252 6892 109 2753 
31 3000 1271 2036 1689 8397 8705 4651 5050 6576 2489 2764 7080 4772 1503 4263 2453 6373 3535 1018 6658 6357 7374 1131 2149 5101 8021 9300 7623 314 5032 5321 423 7095 3983 705 2066 6118 1055 3428 6893 9939 756 800 3847 7433 6756 460 1378 6348 5850 9498 5467 3990 5057 1703 780 6035 1823 2932 4946 3457 7369 4605 5955 7592 3155 5331 2694 3318 465 647 8590 364 3128 894 8392 2745 3352 7215 8075 6320 695 5668 7862 4476 4150 9481 8382 1934 7361 9418 9944 6687 6964 2275 4938 55 4051 7505 3368 4870 
32 3000 8761 1960 1499 1785 7992 2763 3636 3706 6244 8306 7026 8352 9583 7370 9889 8938 2729 6369 2562 2986 9273 4724 1787 9253 5016 8359 8104 2795 4434 1320 6383 8148 268 5523 9477 638 6237 8624 4997 5813 2883 15 5214 7002 6528 4946 91 1000 1371 6771 3428 1875 4699 7318 2146 2902 5228 5386 8685 6621 4569 3367 6534 3025 1813 1990 8882 5859 1253 3193 395 7065 3219 1118 2121 9332 8043 1237 9514 6784 3151 7591 3586 3787 3277 8166 5189 1882 3801 8386 2413 4845 7218 2739 1115 1872 2723 4515 8570 8883 
33 3000 8928 3687 252 7960 9704 2897 9730 4903 3143 1586 1702 4914 3646 8235 8145 6407 7146 735 7588 2941 9437 4889 7522 3277 7646 1026 9922 9565 4823 8753 9900 3646 7650 9823 7485 1496 7289 9130 2522 5774 3340 3835 2701 6512 933 605 4711 9922 944 992 8512 5328 3335 4922 4744 228 3616 2321 5250 3474 2439 2858 6729 6584 8309 3818 7516 3171 3426 6097 7481 6506 2649 8324 1056 5202 5586 9108 3392 7016 1810 7404 9630 790 9197 1017 7310 6508 5392 3215 1893 3475 2398 7483 5414 6631 4292 388 8265 983 
34 3000 8064 2576 4088 4161 7583 7897 7811 7106 682 645 6795 2875 9383 937 5114 3576 3225 8201 954 5427 5737 2801 7146 1939 4026 5785 4813 5223 1489 6751 151 5429 3657 9848 4327 8298 7155 7894 6512 848 1799 4623 29 5185 5801 5059 1632 433 4120 4004 3908 2796 9916 2670 805 3739 9149 3416 6283 6297 8289 2623 6094 9509 5154 1690 2679 977 2881 6157 3203 7550 7010 2946 700 4131 5704 5735 8355 610 3082 8456 6904 6927 5692 6914 5164 6250 2094 8530 3682 6287 5579 220 1514 8720 7 4384 6127 6761 
35 3000 8772 3029 6429 837 6894 17 8915 2399 6229 1434 6952 5854 3813 4086 3175 8628 3328 2124 5018 9343 9685 1784 3366 4129 6749 4261 4331 1060 8167 6708 4154 2708 1344 1351 7235 6830 4525 2741 7283 5174 7015 3121 1594 415 2515 5923 8453 1212 5588 7393 7663 5392 1251 6329 4194 1259 7687 1961 4965 7027 2085 9941 8742 8380 9609 6465 9166 4153 5481 522 910 142 202 4263 8950 1039 7888 1497 971 487 7736 4312 2892 9269 8616 7822 7523 1612 6781 3038 6336 9620 6713 7862 4372 5837 5081 6212 8268 3929 
36 3000 7837 5265 7405 7488 427 828 8191 6974 1133 836 1460 4766 7536 6973 3002 8349 6107 4416 7210 1623 4922 9707 3864 4336 9501 6752 8029 9640 1774 935 3084 9781 2170 1373 6874 9899 4830 1282 986 9970 5952 6471 3154 4858 5251 1968 2786 2504 550 6766 9612 229 5497 6687 5468 9173 401 5388 9194 6849 6202 3475 4660 7831 1555 5752 1924 2559 3049 6591 1505 4273 8546 3429 1785 4075 3645 8389 9540 4107 1271 8025 3588 8865 4395 1193 1570 4630 1864 5051 9849 7025 7378 9175 6541 6704 1569 7805 7664 3154 
37 3000 7223 224 6418 6632 7616 9242 5585 8225 7981 7827 3059 8030 97 3848 494 1466 4 2943 5087 3704 8841 9520 4477 2229 6816 5875 4771 7522 288 9437 1701 1870 1990 8145 4895 6296 4363 3937 5287 5621 6024 4375 5637 1648 1354 2390 4188 4468 3214 4154 1442 1893 8784 5074 61 7020 8529 3917 7896 3908 8288 5053 4142 1392 4489 8823 8607 5011 2488 45 4123 7073 8036 4623 2070 4833 1867 4304 1027 6806 7412 9541 8552 7196 1643 493 6082 8460 9032 6145 6961 1985 8646 1555 7594 6905 4359 3224 1722 7026 
38 3000 8193 2594 7826 5891 6783 7665 9653 9958 963 2746 9870 9916 8488 6322 6839 111 9869 7055 4524 6108 7337 7898 5510 377 6937 8349 7165 6096 3739 4815 911 9090 179 9114 4627 7885 7526 5091 8179 1897 468 3368 2072 7734 4831 4214 9223 3635 8414 8540 9868 2026 4960 7020 9588 206 1238 7339 463 9150 7267 9563 5343 449 9647 9634 5260 1367 8030 993 9946 8022 4709 4327 1492 6695 7328 5434 1122 3267 4730 1227 9097 775 5912 3851 7741 5095 2125 2929 7594 8752 2081 5933 6690 2853 297 6683 2956 7147 
39 3000 8559 1964 9746 8206 511 6275 4487 5734 9370 4698 458 7005 8766 3896 1694 9414 6708 1234 1013 1167 2674 2024 1167 87 7821 4894 9119 549 8332 5291 3449 8535 1877 7095 4876 4822 7201 2367 9914 6288 6843 9223 7649 5346 2975 7826 9641 7504 6362 4511 2949 7046 8461 4027 6288 843 6625 9913 9303 285 2453 2988 4970 1342 3246 7978 5129 2744 6604 8258 9131 2291 8138 8726 5617 1289 2307 6796 7420 7105 6388 1522 9594 3854 7562 844 566 1203 3132 6954 6409 1310 3859 9801 8253 3879 431 8704 2802 9344 
40 3000 3048 2101 5996 180 4142 5423 9780 332 4214 7085 2014 2780 798 2611 9493 5215 554 6878 4107 3854 4481 4487 2109 5371 6254 8261 6529 6956 3695 5865 2689 4496 3357 4552 6865 8889 8244 4032 8059 473 8646 7474 2905 1586 6107 619 3691 7251 513 9034 9518 3981 309 3477 573 6717 5837 3397 5530 3883 5802 8554 2084 572 6859 8764 596 9855 6334 1770 874 2210 8056 9240 2075 3087 1328 887 5733 8586 3015 6715 1909 9269 2757 7391 8469 2094 1311 2739 3491 471 2016 8362 784 2446 5380 391 8547 7013 
41 3000 6799 8352 1145 8541 7394 6163 4008 9341 7975 1258 1664 342 6136 1827 8884 9905 6462 2196 4969 753 3876 6314 1141 5031 100 9381 1082 7491 3245 7589 4575 6798 528 5997 4291 4964 4111 4524 5685 4909 62 2072 28 6143 452 8774 554 8573 8563 6359 1741 4440 7233 6654 1716 8374 318 8202 7773 5580 7281 1011 5037 8146 911 9420 8232 9477 8158 3100 6589 6853 4102 6173 1871 2112 9039 4460 9523 460 8699 846 2957 7404 7584 8787 945 3809 5433 3918 8153 9085 6814 3811 8791 2493 3835 5838 3389 2578 
42 3000 1988 3171 8703 4732 9109 8902 737 6872 7474 8288 901 3251 9009 9125 5285 6392 3629 242 7063 7147 710 8120 2017 2880 3670 1644 7194 3773 7690 4969 2682 7266 550 8517 6508 608 6597 8100 2672 1545 3833 2165 2294 7131 4130 7162 7896 653 6571 1049 801 6699 3912 4900 1659 4338 2176 2665 4104 8424 3363 9029 1529 9037 1296 5417 6987 9040 579 4110 6220 9756 8692 493 3810 4785 1203 3425 2460 1935 110 3736 5392 3276 5303 850 1874 3331 9157 7527 5878 5379 4245 2735 7852 5891 4178 2650 9623 7089 
43 3000 7569 9773 2426 7626 5127 177 8057 1401 9865 8878 3147 4485 447 3334 6568 188 7646 5062 9958 2234 3940 9384 1374 6076 6223 3304 2070 8326 1645 1496 6397 4316 6581 431 4835 3779 8714 621 141 4662 2256 6991 6626 5053 6283 7372 2562 3245 6205 9126 5705 5919 8350 3892 1948 4448 7685 452 7102 9338 8651 5733 1793 2781 9128 3926 9493 9339 7530 3730 7670 4755 3013 3729 2067 2885 8820 5878 4106 758 8743 7136 1409 1758 6715 9204 1459 6933 9522 6396 8370 4427 2645 1641 2793 7045 9224 599 4944 7927 
44 3000 2150 3909 752 4365 9276 7559 1141 9730 1759 1383 4432 3538 5526 5684 1867 9626 5860 5974 6264 2464 5121 5853 3793 1591 3579 7999 8880 4168 3383 3293 2232 5667 5651 8060 1993 8677 683 9447 8018 9837 1301 8915 9274 4895 9315 3859 4373 1895 5111 7358 5220 2479 371 6040 3790 1327 3904 6087 2035 3712 618 7348 4904 1183 3609 5589 6503 5378 9373 2862 9366 9952 6147 6004 6863 640 5374 3256 8721 3438 6295 9008 9684 912 3660 6674 1282 6634 8571 9685 6741 7735 2444 608 9003 5597 4101 8400 1887 4652 
45 3000 9985 3769 4357 9325 7498 2679 7931 9083 1468 7965 7208 1628 3738 9080 3514 4199 5879 9972 1689 3009 5032 5070 9980 800 2873 3414 3075 2532 7701 897 8253 9186 9656 636 4659 9702 9056 1469 5712 1035 7861 4578 4627 6339 4266 8228 3068 1276 414 649 2930 8451 3237 1023 1235 9967 8419 8607 8165 8111 7487 9984 8209 4165 8027 4429 4444 5333 7021 7405 5938 9806 7314 2186 8273 9943 7204 9606 7203 3578 3155 5924 5426 3457 5638 8822 2489 4795 8096 1530 7817 958 9035 5067 6862 7274 7236 8615 381 2965 
46 3000 96 8013 6841 1207 5094 2383 7943 7313 4380 8869 7276 5040 2490 5512 2096 1027 7186 2248 8224 7346 3418 24 8077 2195 421 8048 1819 8699 1920 9160 1639 1846 9480 3326 9153 3549 8962 9260 5929 5823 119 4170 7145 2099 9309 1631 8360 6657 5332 7579 5422 2181 8399 4430 7489 5446 2220 3333 3189 1125 9220 4532 9890 3725 8875 5870 6107 7641 9183 9407 7028 5345 1248 6164 3167 3690 6999 8998 2139 8346 27 3595 3565 6359 9551 7592 7099 6833 7510 7825 3577 9738 8773 5697 9301 2849 4483 677 3435 6795 
47 3000 8521 1918 8534 8252 7093 8006 4199 1247 1450 4829 3852 6592 3722 1574 4637 9441 5890 4850 450 4979 1866 929 8093 2224 2718 6123 6545 5966 5004 5275 9370 6821 2238 8384 243 9419 9480 5349 1600 8708 1050 8841 6418 4393 1370 5298 3118 3489 8927 4047 3589 1008 3365 4550 4343 8768 5695 1775 790 2325 1640 9693 4645 6030 8099 2896 4448 6216 2734 6348 9226 2507 6687 3250 5259 7246 420 1043 5993 3061 2678 5523 5060 8543 2582 3091 2434 2056 4841 1121 3707 3673 8092 6461 2490 5232 6368 2048 5946 8519 
48 3000 3683 1657 3434 1580 1751 2775 8294 3151 824 7591 2743 5220 3656 2122 5908 3706 2594 3457 4975 7273 9795 5128 9465 4259 561 608 8640 7737 9808 4929 2031 8699 1653 4431 3083 7362 2131 4631 5943 2605 5033 6220 5351 9525 874 9184 9678 5121 8978 5052 7071 2105 2696 7262 4734 830 7748 9663 1327 9357 3682 3133 2497 1630 8469 323 9530 3790 6214 8535 1125 8606 7998 709 8299 8037 5846 4552 2415 3911 9808 9780 6332 6737 8183 3490 8684 2636 855 3656 1282 8402 5755 750 9641 4684 8458 7489 6632 7297 
49 3000 4889 6704 9261 6652 7171 7338 8570 5317 2585 8567 2664 3699 5662 2046 2864 3855 3395 2279 2986 1422 3582 5116 1739 5682 6290 4374 8256 7736 8446 6582 746 6822 1546 3854 8271 4742 2503 4886 5645 8425 7607 4072 1469 607 9615 8755 9275 8644 7969 4596 1808 1439 2131 9072 8429 4508 8051 3094 5638 3157 7759 756 730 3797 2072 7204 8574 3373 6444 4632 1508 6921 9923 6407 2376 3260 7244 9309 672 8790 4045 3907 1822 9433 5202 3054 9585 690 6302 8505 1581 5821 8223 5667 7942 2160 4857 6469 3090 5543 
50 3000 3946 356 641 2867 1048 3415 1430 2779 6625 5614 4663 4479 6261 6180 2197 4653 3998 7090 5940 2539 8805 4696 8381 3102 4165 9468 6238 8346 789 3866 7240 6750 2461 8337 26 823 4996 5438 7175 2789 8334 2074 1354 8395 1756 9881 4602 8848 2219 3711 726 866 5825 8260 832 4871 2410 2813 1977 1290 3257 4112 8944 4993 1939 7355 9146 7849 8280 5316 656 9411 5448 5594 3354 5726 169 5976 3208 6264 6067 7945 9675 8981 126 8289 6230 3502 2285 8857 4015 2428 8150 4424 8620 769 4831 8688 9983 3505 
51 3000 9913 8394 5419 1270 3542 5576 5770 4155 3638 7934 4685 3650 4242 7321 1021 2695 6971 6375 4369 3869 5617 3255 3710 5695 3855 4518 9190 7077 6089 6115 7020 9854 1410 2510 7508 9487 692 3927 6209 3869 6803 1720 8202 254 7945 1870 5494 318 4123 6609 7544 3343 6730 4159 4920 7528 1263 6612 6072 9414 3164 5917 7238 1454 6784 8009 5468 7687 7475 5050 4779 7553 6800 5801 5430 7824 879 4120 6328 2660 1848 5583 551 1799 2452 2226 4002 6860 3761 5422 7188 5779 6007 6873 121 5366 2549 7731 344 1992 
52 3000 6967 5849 4087 393 3271 1144 539 608 9244 9101 9255 3033 2907 2389 683 1609 2108 609 9813 5129 7238 8165 2957 6670 7069 261 7650 1152 7719 7019 5681 1026 4744 5728 9240 75 8352 1216 197 5354 1741 4341 2508 7247 2565 8618 7736 7647 7525 4962 3710 6269 83 4558 6298 5084 1301 9861 4309 871 3806 3714 7525 5910 8883 6593 7846 6783 6683 1984 3576 1311 9571 9871 6818 3612 8585 8363 4005 7285 3029 3439 9552 6717 3185 6817 2632 6520 6155 1953 7080 9085 4826 8157 4419 269 9958 2847 13 3204 
53 3000 5402 1914 2346 226 6436 8219 5419 2939 1232 8216 4285 396 5446 6696 3696 5407 9932 9660 9879 8975 1581 5315 5444 2853 7291 3191 7408 226 1048 1395 8348 4522 4149 1974 675 6347 8537 4415 4043 8538 3269 7267 5871 9353 4102 7886 4998 3776 6212 303 8458 2949 32 1227 1385 1736 215 4158 39 4403 7727 1641 7957 8424 5061 5629 5234 6422 4575 5988 922 6221 9959 7110 8558 9030 824 2663 4817 5758 416 8463 1290 1439 6457 3468 9385 7796 5112 8899 8355 3923 8072 5488 6450 5096 2778 8848 5194 9700 
54 3000 5751 2967 6788 4297 9066 1835 4640 6800 9937 9182 7010 7789 3430 6357 3794 9942 8309 8318 6426 5591 5995 7756 902 2410 2660 7342 3932 7221 4437 96 2223 7929 5766 7882 4875 3577 854 8034 8912 2535 8267 8098 7934 8806 8644 8701 3891 6457 5538 4555 1991 2183 9379 3571 8724 5987 4565 4107 3012 9987 9679 341 492 5356 822 5762 914 7372 8087 4800 8670 8609 5142 2563 6446 243 1947 2713 2000 1483 596 3460 8062 7133 4277 1686 5366 3276 9366 5187 8797 1079 640 3048 6671 8729 9619 4137 3138 1492 
55 3000 6028 3724 3708 9894 2387 8234 3905 6035 1728 8109 1041 8016 8433 8811 9122 2501 2202 9942 6874 5401 5136 2487 8894 682 1961 4186 9929 7297 3360 3035 2279 4247 2441 8898 6322 3765 4328 3263 4167 2620 8874 7106 6434 1556 6502 6888 2153 2847 7168 8682 1792 5985 2454 410 3411 1481 780 2221 1937 2807 5744 4985 1570 6449 7589 6914 1305 93 7791 8306 3591 8931 6774 4420 6100 99 4752 6470 6637 5233 5689 746 1165 1150 4395 5861 4955 8663 6735 8120 6865 9509 2973 5018 6743 1408 4236 6863 5954 1252 
56 3000 2103 6516 1032 6405 1318 7269 457 4145 5636 8836 4557 9218 6779 1478 8538 9521 6534 8244 8633 9913 1965 5349 1382 4149 3749 663 6031 4935 7647 337 63 2114 9090 3549 7850 8977 894 5370 2426 6691 4104 7766 396 6863 1951 8718 9956 2219 6950 9464 2054 5416 1109 9875 4658 5976 9272 1948 165 5339 5584 1429 5927 54 3077 7557 7900 3083 6391 938 7427 3236 7607 9539 1135 2729 5219 2809 3965 2868 6216 3925 5324 7859 1305 165 8364 6737 3244 1403 2379 3431 8311 6729 8341 4943 892 9196 7542 7658 
57 3000 1197 8692 3380 1777 6098 2934 6257 3876 3096 6591 1607 7591 7410 8531 1051 2425 2192 7186 6668 682 1866 4058 8405 2523 8592 5330 4599 9156 1860 1620 5631 4138 1200 5847 704 2812 2026 9230 7744 9865 4597 5408 6430 5012 6109 2686 4342 6802 5909 4405 6242 4557 3838 7441 6475 8424 1690 8823 4497 7565 7807 483 3526 6458 4791 2121 2320 9339 343 2208 80 2756 1234 7101 4478 6252 387 8295 2805 1175 7095 7788 6255 7612 363 1582 7322 9446 5370 1301 330 7542 3060 3939 5084 1054 2856 9730 3647 6858 
58 3000 8501 8145 246 7110 7022 2012 4295 4935 821 9762 6547 8228 2888 5802 8377 1593 5142 9010 4178 6398 9895 9355 6892 8962 4445 2643 6662 6862 8786 3391 2606 3364 6450 5822 7725 9988 8475 2982 6926 7185 488 3991 8176 3149 2926 9415 6778 749 4374 4755 2776 2591 8029 2076 1479 4197 1288 9749 7118 5316 8468 322 9616 9357 6642 6517 4499 950 4605 5353 5917 1624 4963 387 2798 3621 9349 2092 8127 1829 6763 6346 1347 3836 5034 1057 3885 8120 5415 911 7809 353 291 238 7598 7835 4028 4010 5051 2056 
59 3000 6927 6967 7312 9375 2323 854 8022 9832 6796 9801 1596 4080 3508 3812 625 8444 8676 390 6406 8105 1152 4284 2592 8408 5145 5356 1970 4296 6058 4581 6363 7867 9454 8166 9657 4061 3144 9797 3955 4465 2404 1008 8852 9249 8312 9682 3841 7224 9217 6666 3836 4024 5325 522 7826 8417 6417 394 654 6737 2685 7008 7917 5444 8700 1792 3996 1806 502 4118 3204 2708 5812 6681 4068 1587 7375 8986 6729 3488 9421 8977 3470 8250 7262 2778 2367 1815 9996 2568 4069 5657 6359 2571 1697 4347 3679 3186 3874 1232 
60 3000 9973 3224 876 2245 9160 285 3912 7839 9398 9253 7520 3045 4553 8915 5103 5657 8787 6709 7573 2537 4272 1595 5134 4054 2031 5050 2183 6637 5904 190 5336 3462 9634 9018 4580 3262 7085 7789 7554 7255 5582 512 6948 4207 2375 571 1030 3617 4227 467 7301 7020 132 9691 9271 7426 7154 722 6360 6874 9389 3147 6927 2121 60 5904 4422 8445 6727 7657 6665 1582 9630 5293 8244 7785 3151 538 6046 2004 408 4707 7909 4199 965 1574 4398 3770 1677 8369 3708 2119 648 4897 9691 3329 4328 786 3010 2978 
61 3000 7724 859 5414 5068 7741 8625 7141 7087 9645 7907 7446 3190 6657 2583 8254 5509 2661 4460 936 3586 8051 9268 6211 1932 8693 783 7175 5711 8014 3070 5452 4548 2215 859 471 4463 8617 8037 1871 7926 7121 4270 5025 2049 4799 9751 9694 4886 3607 8067 1805 9870 1230 7200 8352 8374 5040 8646 5423 390 9193 4659 9354 3341 4839 3626 1006 9012 3460 3559 3167 8612 3343 3719 1077 5954 9160 4363 6086 8765 4693 4610 2424 8122 8662 8444 7111 6006 3702 8829 2979 989 8444 9958 4824 2041 2733 7625 8689 465 
62 3000 5970 7719 4261 9955 8573 2846 398 4777 6568 7074 3787 6082 9306 8807 714 6339 300 1778 1973 1888 1192 4172 888 3630 8840 5871 4470 5834 5538 3824 7691 3070 2349 5548 885 5265 5576 742 283 892 6348 1039 1654 8273 3336 7875 7094 5018 8595 8483 4919 5580 6523 19 2696 6937 5959 1802 3399 2407 5391 5689 4680 3574 1297 4573 1273 354 9615 8999 526 9172 325 1912 1046 9273 5172 1530 4484 7160 8497 2338 431 9143 1211 4210 4448 2033 7877 9655 9219 1943 6931 9188 8826 1227 4017 4826 6156 3532 
63 3000 8454 1709 3422 6989 2828 7847 5820 5518 5701 1988 8305 8260 7459 9621 5493 7138 9268 7087 4688 2541 5170 3835 2036 7130 7297 2786 1801 7774 4208 8835 8767 5609 2357 5464 3767 4218 680 9498 2333 5943 8314 3968 6476 6317 5431 9112 9586 6625 7208 1493 4461 4583 914 1246 4459 3152 6128 7452 7773 7466 8073 1628 4838 9896 4087 9356 8855 3230 3210 20 9442 1983 8897 4686 9417 1830 4864 2091 4693 7165 4044 2768 7313 6784 686 1293 1594 7695 5562 6651 3413 7050 4312 737 2602 2204 8908 4976 8481 8900 
64 3000 2242 5067 8506 7575 5841 3858 48 7796 709 2336 5297 818 1291 8756 9287 266 2560 5879 1050 944 237 6350 7890 5773 4127 6189 2791 843 4584 6416 4940 8600 2103 2794 3380 9154 34 3701 3789 9714 419 6128 8380 2145 2962 9797 8930 8651 7115 9409 2933 5586 7294 5016 2875 5385 1219 515 8638 6623 1378 268 3027 2202 9620 3854 423 5655 4863 8932 8559 5581 3943 2244 3423 8206 5570 8733 7285 8064 7425 8788 9851 6805 6369 3616 2536 132 1788 8743 5874 2856 2055 5624 37 2081 4118 1402 8493 8514 
65 3000 6219 6768 4780 5896 3733 1966 2411 8563 8130 907 7899 7127 9067 3419 6911 2288 9603 5618 3546 6764 4537 8402 2733 5351 1877 4076 5765 3109 7423 1092 8946 1666 2490 6926 5370 3656 4741 9071 9824 5275 2155 4159 6815 6963 117 5207 1721 2219 1633 6986 5072 4527 666 9523 9947 2419 8608 9715 2506 2659 3862 1079 5640 1548 4564 1622 5750 4360 4417 9840 2646 2902 1659 8832 2579 1196 1152 8556 4389 9285 9598 6189 8785 5171 3877 4634 748 4872 2512 9133 5054 604 262 2016 4933 7094 5830 5574 3839 6006 
66 3000 2712 3051 359 8507 3155 7768 6235 5947 5247 370 7521 8670 3137 4194 8856 2943 370 8765 868 6018 6353 1422 705 9318 5947 7059 5682 9740 2177 5997 58 9091 2079 9984 4945 1648 5657 6309 1330 9841 7979 55 6225 8061 4389 4466 1953 4591 8847 9445 8541 1670 5395 8174 9254 3673 2744 1861 9243 3421 1994 2610 7326 6614 7467 4418 888 4387 679 2295 3906 4001 7424 9513 8109 7642 7992 2973 7247 9363 509 6703 4498 137 7400 3480 2995 1043 4980 4577 9476 4574 6168 7628 1064 4073 6328 2632 5168 1285 
67 3000 2234 6070 2510 2049 4157 3150 3280 100 1085 8181 6408 9008 9058 3068 1972 2230 2634 3933 6723 1300 9481 5860 2737 2134 8089 5768 9191 9465 8614 3406 7269 9401 6836 474 8187 108 1256 7869 4345 620 3307 1058 3605 7773 693 3571 6696 1259 3858 8624 7734 6817 5572 8866 7883 7536 3646 4248 2127 3290 6775 8019 9173 8296 3499 850 4480 6802 4296 3075 6412 6888 6796 5070 5510 2406 4118 5739 6901 3036 6338 9145 5822 2468 5080 9249 6272 4716 1227 2784 2792 8544 5762 251 5362 32 3737 5039 7436 3253 
68 3000 1354 673 7088 9089 6191 6184 1290 2156 531 9603 3320 5870 7837 9588 3282 5626 2331 5163 1762 109 1720 3593 6606 726 3028 6380 2820 9167 1562 3383 5599 3086 3006 5066 6480 9908 8630 2866 2618 8771 3636 7692 9186 572 8618 6544 4909 6163 4152 7261 709 2651 8515 1391 1488 7835 8522 5185 1027 2764 3489 8724 14 2421 2327 3159 7197 4532 3753 6084 3661 6498 9633 5035 231 453 1445 9106 7998 6453 9868 8700 1972 3778 7501 3396 7860 367 4697 7947 1968 382 8532 6404 4226 9884 4894 4356 4345 646 
69 3000 3698 9305 1091 2085 7223 9161 4687 1324 1581 8865 2344 1369 1306 5132 6908 7424 7065 9323 8641 1322 6502 8445 123 4082 8204 4265 4280 6596 8784 561 5532 8434 3103 8494 4077 4781 7607 100 3288 1494 6791 9913 242 8283 2791 4712 9373 27 8096 1391 9250 6197 1391 2957 2476 8425 6518 2648 8720 6181 4572 6180 866 584 9108 2120 4289 6334 4487 380 9264 1774 7339 8841 6486 7070 1151 8094 5726 520 3984 4316 7608 2990 9312 264 8509 471 9989 4395 8592 4762 5334 8115 2953 2280 1350 1148 5898 992 
70 3000 4064 5032 8350 5476 5987 4742 8372 101 5710 8433 4824 340 616 5314 4134 2199 2719 1643 205 9781 7630 4848 7441 962 6647 5772 6901 1208 1970 9046 5572 5502 5038 1585 8776 8409 7999 9208 5695 2250 8296 1383 8024 3422 6382 4103 1749 6823 6562 876 2045 8414 955 1849 1312 5904 6587 1054 318 7553 5604 1780 2482 9114 8612 67 1276 8883 1140 6329 750 890 3234 5099 9185 6202 2170 2899 5872 2359 8292 4240 1013 933 3977 5739 8749 3210 5731 8366 3310 4002 9393 7817 8298 3574 8486 3008 9082 7711 
71 3000 5672 2699 8330 5894 7351 234 4662 7615 1369 6419 4423 6805 7860 516 6590 4397 3211 9360 797 9005 7153 4612 8487 5739 2974 8124 7190 3131 861 5438 7926 8201 4360 7408 5732 9636 9973 9942 3314 9097 9867 1880 7823 660 7717 982 760 8366 7669 8055 1002 1911 6431 9197 954 450 8487 6168 5827 4533 4439 4886 6041 6165 2467 2048 2751 6987 2926 9879 6498 4584 6054 8998 8990 6922 2816 9418 8004 4903 8866 9665 5407 3051 1640 4025 8319 8321 570 7915 3380 7028 420 1380 4160 9914 7757 712 1680 5321 
72 3000 536 8199 8071 511 818 9991 3346 1088 606 2103 5305 8566 815 4531 2559 6048 3358 3499 690 2037 6361 1833 1519 2365 2507 7451 5514 257 493 9992 7316 4512 9630 5555 4392 5812 7546 9575 8810 1156 1039 7817 2145 6416 29 5496 3503 7026 4659 4525 674 6783 5500 8887 4413 4790 6899 8127 5836 505 3440 8978 6953 6932 9532 5102 4317 1926 2130 4967 5802 7625 6566 7838 507 8015 5524 7901 1782 4606 1120 6507 3379 247 125 2546 8732 1052 2299 939 3359 6469 1860 9262 386 7454 2071 2495 9203 2785 
73 3000 2956 5884 7241 3493 2139 5947 4873 5422 8811 9589 3442 9913 817 1349 6412 2611 4874 8775 3647 400 9907 5914 8814 6460 3518 4938 9909 3452 1571 5887 2909 4827 913 4542 8549 4258 5208 8422 2226 3199 3905 900 7028 6570 4327 3455 9879 6564 6887 6042 827 4581 3425 5583 5435 1287 8677 2595 319 4798 4860 5933 1791 6986 9391 5659 7643 7917 5725 4042 2048 8405 7320 4677 3584 699 4726 9730 6390 7289 5802 5313 4442 7843 9054 4975 8954 4262 101 1327 8909 3865 1263 5787 4707 699 4278 6451 4946 4969 
74 3000 6141 4087 6322 601 8069 6261 6657 923 7589 9578 1051 2473 3758 55 1162 6935 5495 1618 7603 1195 3053 2725 5475 5527 2606 1104 3015 9900 3962 6635 3376 8412 1407 2337 9529 1848 7665 3495 2290 8366 994 4902 1470 2301 5393 6235 157 1104 3949 5544 2114 397 5298 880 2311 7157 3215 38 571 1026 9332 8428 8353 3744 8974 5070 8653 6707 123 6720 9028 6650 5515 109 7754 9459 7846 2319 3097 2098 8117 9280 5721 2677 7098 2385 4213 8627 9918 3243 3734 3012 3778 6546 7798 8963 8793 1066 3175 2237 
75 3000 1957 8777 7917 1899 4230 2101 2510 9131 755 9275 4151 4166 4200 7855 4155 1348 1218 6331 8475 2311 2039 3873 1360 7293 3187 8206 2130 4567 3316 1604 5079 8000 2179 5010 2502 2736 2714 283 846 9005 6261 570 9991 4056 900 8801 5649 2218 2921 4310 4893 3081 1405 7583 4808 7805 5948 3126 4270 3554 7494 464 8846 6056 2304 3259 8826 283 9044 6559 369 9264 9000 2169 9785 1015 9418 2144 935 3599 9971 414 5761 8311 2343 2527 7934 983 2950 3522 9636 1422 8778 3924 1460 965 6345 3866 5436 8164 
76 3000 3796 5334 1187 2595 6112 2540 5204 6792 3456 416 3246 6302 2631 1235 5874 7874 1678 9359 7096 5764 7582 4110 6149 6170 7118 764 2401 9789 816 9673 3376 2502 45 3512 5908 4184 7235 2650 417 5634 9213 8644 8314 3636 3666 5864 2527 4143 8736 1234 1151 3582 5731 2108 4230 8294 4967 2264 3654 2087 4730 6022 6191 1920 3369 498 9637 1716 4509 5965 2094 4290 5391 4360 4372 1413 8338 5894 5515 1990 5344 3806 1458 8374 5788 7233 6797 794 7276 2202 9700 9920 9602 755 9926 7541 1843 8195 9984 5376 
77 3000 2571 8453 9406 2008 3192 7591 2151 7943 4413 5415 7133 8790 5829 5229 1872 6574 8641 1700 9271 9167 1495 6858 7521 7849 9444 4213 3126 2987 6044 1007 7056 7850 8561 8580 4023 536 6317 867 4886 4036 2152 1021 2176 4414 7015 6158 8752 7118 7677 228 9572 1411 7575 5011 6601 2934 771 9239 6836 4383 9047 5840 3459 4323 2117 7312 113 4122 967 9217 8306 3003 4320 1802 7939 1236 8229 9746 955 1442 8787 32 8120 8025 7969 7941 8921 4736 2597 1174 4601 350 6430 2098 4301 2482 5378 8117 4347 9513 
78 3000 5842 171 647 655 6181 9350 4217 4130 1298 1648 9839 3481 358 830 7834 2007 7627 9426 8965 5315 6434 7859 2465 2013 6267 1684 7190 2511 2982 6962 5896 5959 2145 3758 2638 5302 5498 7758 3304 468 548 19 9260 9672 3280 4838 4134 8853 4000 5747 3713 9232 6297 9637 8974 2994 9135 9003 2234 7096 2068 2313 6429 5206 3576 2507 7514 7754 2535 3617 9996 122 2804 5513 5577 8949 941 6773 4941 6564 7039 5682 2650 3548 8699 9350 5172 9416 8111 959 2039 1423 2275 5137 115 1504 6337 1448 1007 1323 
79 3000 56 6019 1587 5467 7394 1283 7647 2747 9229 3852 674 5635 9196 511 7756 7822 2654 2339 4605 9902 8771 6957 1712 3178 5741 8900 3625 1599 9128 8109 1348 1819 3324 6555 7873 1375 6142 2985 6827 5003 6533 5792 4254 9067 5422 4012 3515 4117 9676 6446 3317 5575 9190 8901 8863 2545 7106 9571 6129 4741 3151 2521 9271 7552 102 9318 1148 5220 3376 8772 6974 2153 3743 4809 1100 2356 3168 2466 6910 6991 3778 2012 9854 59 9945 1196 3597 2210 3507 5614 9297 2677 2108 7212 8008 9332 656 899 6207 6874 
80 3000 5921 9300 4447 3131 4246 5621 9132 3501 2385 4652 7422 3506 1473 1881 5260 9476 4112 744 8522 7360 4584 7998 7298 9655 2198 7212 3290 472 7747 390 345 8710 3104 7721 8101 9373 3931 5444 8769 2999 5525 1848 7034 3222 1777 1392 3079 2449 7267 6952 8746 5678 2475 189 6802 2424 2124 49 3352 6780 6641 9383 3358 5601 6751 9691 9296 4815 1187 3995 2933 3850 7537 7835 228 8200 6202 8390 9358 102 7487 1723 1876 7352 1819 8154 6980 231 3087 5755 8924 6567 5100 1970 7539 4921 1187 3364 1888 5892 
81 3000 6904 3490 7043 1550 5875 8891 3987 3000 8761 3214 2641 6058 5347 9461 8019 5066 9755 359 9502 4824 8787 6856 3240 645 3389 4742 7685 6543 3240 9393 2235 1540 4468 8647 9018 4098 488 3796 7793 4682 5969 8707 3973 6439 3924 7071 9783 4007 5920 7772 8536 452 5426 8384 2032 2323 4270 6791 1089 2839 2235 934 9194 3194 9769 6682 9280 1993 3828 3828 3628 2809 6840 210 6898 9868 8794 3957 2276 1859 2455 3859 754 3862 1705 7867 3532 7412 3008 9709 7547 8683 9999 3641 4122 4790 1196 7313 746 8231 
82 3000 847 2769 5976 9439 2887 5566 7463 7470 8033 2023 3105 8808 3996 4587 5325 4302 8826 5334 8473 4224 7367 7589 9354 1447 857 5668 878 2764 9638 2755 8839 8311 8995 6896 1818 9133 8123 5116 4211 2865 2217 5673 2376 7540 7685 8423 3919 3522 489 3315 87 3567 7609 7020 1304 1005 1636 7669 5817 6050 8482 7726 1477 231 8223 4988 637 8953 9062 1703 8187 2179 4422 1813 2699 3240 3158 6333 706 5768 2895 6840 4107 8753 6499 7096 693 9730 1663 2798 7799 6085 3618 9442 9080 4490 983 8326 4416 8458 
83 3000 4719 667 2937 4034 226 9846 9179 3594 2554 1785 2355 7788 4746 3436 8765 5592 9301 9409 7316 2495 2762 6710 8180 6805 3435 7621 4568 4084 2226 689 7636 9710 6606 9850 4506 9552 7703 1676 9425 8787 513 745 8038 8831 7244 3135 4793 2396 3777 8049 3466 6672 9261 7560 817 4644 8821 4479 3362 4513 9403 8355 7280 7268 8738 9595 1438 2357 7430 1708 3543 1506 4172 1680 9423 645 4088 8464 5424 9973 192 9609 3941 2136 7985 6001 2069 8538 3164 4733 3381 3774 2465 105 2831 8193 7627 2744 4778 8572 
84 3000 2483 6847 4142 6934 3171 5556 681 7478 1481 4454 6390 1636 1310 3181 6033 1258 8261 5187 792 9922 2353 5599 5045 2366 3863 7217 6271 2045 2288 4637 8071 6820 8438 6495 6329 2759 9649 5842 8481 6078 8123 8633 5924 3194 2393 356 9538 8913 1915 774 8344 2733 4778 6795 1274 3286 8549 3471 2082 887 4235 3117 7363 8224 3372 2559 7710 9165 8243 8502 1994 5693 5215 1031 4758 2958 1206 5227 6752 2472 3273 915 8582 3406 1327 537 7488 2032 3974 5146 7247 9277 7480 8526 1197 6407 7861 9441 8395 8839 
85 3000 6093 2005 2889 8070 6460 4177 6124 1739 8013 4384 2469 1810 9161 6265 7864 877 5387 1542 1607 6603 89 1021 1248 4276 8539 3705 619 7492 4980 4046 989 6965 2837 7317 5337 7459 8057 3101 5756 2847 5576 6920 3983 9298 8905 9977 5048 6580 2849 7027 4051 7496 9344 2375 6068 5445 6423 3996 9175 102 306 5780 601 1229 614 7904 6006 606 8709 5332 1885 2093 9160 4427 1090 9811 4332 7707 1490 4451 2101 6709 7739 7710 6692 2989 6189 4845 2648 7241 2908 5361 1916 6544 4837 1817 4062 9734 4068 6761 
86 3000 9616 898 5244 7787 6529 996 6086 721 9768 7608 1048 927 4031 2804 8092 2743 9583 9141 8594 7036 1226 3782 364 6891 384 746 3806 1414 321 1274 1192 7671 4479 2330 9065 740 7945 3220 3763 1901 2039 335 79 4942 2028 30 3030 592 7969 9610 2764 9078 8672 6461 2587 815 8788 5287 114 5206 9029 3490 1548 7584 9500 4657 9080 4262 6174 189 1419 5725 471 9043 7441 7933 1981 5602 2972 1755 4301 5676 683 533 3999 619 3123 5756 2704 9574 8870 879 2324 9848 1806 3248 3380 5407 3523 4164 
87 3000 6477 3496 8847 7065 6890 9384 4492 3834 2278 9239 838 9232 3530 1119 6832 3460 8720 4098 8017 2838 208 5509 7680 8617 4846 6316 1136 3911 7320 4611 3125 8756 6620 7233 8342 3294 5622 9514 5088 9081 3809 3156 2049 8519 3106 2216 8195 2420 6850 7240 5813 5683 1876 7498 6652 1107 3732 1361 1207 1322 5021 4798 1119 8850 6866 7991 4700 4286 3494 88 5588 2610 9961 2070 4524 7616 2982 7749 4254 4474 4902 2887 7556 415 784 2444 8393 3534 8622 5949 6191 9728 2685 996 3238 7755 9977 4862 5215 2413 
88 3000 9832 4258 4848 5856 6624 3199 8683 7019 5608 8995 6990 9183 1890 6380 6791 5656 2508 9753 8011 3583 1654 3548 2756 5878 9012 735 7713 1282 1219 9438 9682 2549 6462 7681 4226 2755 2185 6258 7446 9727 5936 9735 887 8606 9327 5562 9564 2530 5125 1327 3114 1441 7468 123 72 9019 5204 4045 5277 7741 8355 5811 397 2067 7710 8509 7579 9742 7535 3466 6233 1238 1417 6247 2927 7305 1227 774 4419 4660 9210 1572 3808 9792 3201 4142 9810 899 4961 3454 9163 7944 1648 572 2153 839 402 7397 1265 5754 
89 3000 6061 9538 2964 9550 2002 7311 2592 2339 4104 4858 2401 8168 7841 7392 2701 3822 8492 6572 6139 5767 4486 3993 5103 5201 3862 2814 2246 1239 3865 7500 4142 2225 3652 1692 8059 5161 141 4207 1865 3271 6971 3156 7055 1677 6592 8191 4900 1218 5480 879 5729 371 2479 3190 1329 5322 261 4128 472 8139 9924 4471 7566 3090 8697 9644 4438 1069 788 712 5228 2159 1343 3509 4425 6312 3541 5874 8013 2163 8804 3030 7751 3959 141 1075 8575 6617 8609 8606 9124 8914 2906 6466 5395 4787 2084 5610 7520 2773 
90 3000 1391 3108 9664 3564 1232 6260 3058 5694 9263 4844 2148 9344 5602 1491 3874 8278 1173 176 71 9898 9168 2840 2998 3435 9637 4138 3987 6249 7203 4309 5226 8269 1903 173 4654 4548 3153 4249 3997 5948 6834 2007 9911 7947 5513 7231 8268 7576 1778 5524 1552 8475 4703 5921 9388 4076 9443 642 2199 8914 9941 2956 7975 8057 4775 3186 2183 4671 6119 2820 788 5695 1832 6765 6411 5657 676 3715 7603 8603 655 4647 1248 8158 478 9442 8091 5710 4150 1631 1388 6715 8688 1269 8688 5135 4958 5927 6730 5993 
91 3000 1643 9813 9475 6059 2331 1024 9254 2659 5729 6911 1049 605 9007 7575 9893 7259 4256 7493 1399 5710 8085 5261 5412 6089 4332 1464 2784 4999 9903 4674 5281 3074 3740 5571 8604 663 8908 9189 8548 1639 7811 5284 275 5332 533 6837 719 6587 6301 6668 4110 3949 8074 2186 628 5972 262 8258 8184 5649 9562 8208 7315 2976 8923 2936 9219 5630 4640 8162 6901 7783 6561 9803 9453 7030 1436 7463 9458 9453 9376 6057 3516 2800 3442 5559 5894 7798 2366 8868 5307 7583 6385 7808 4817 5259 6206 7248 4866 9584 
92 3000 5102 7349 9419 8776 4117 3933 5251 2448 417 6981 4344 1667 8745 7253 9414 7136 6017 1035 2567 5504 9034 3010 7073 3798 5323 7252 2269 1983 7103 6350 1588 3646 8370 8654 3710 4803 5118 3642 6840 834 8676 5421 6107 1541 2172 4347 4098 4331 124 6769 4504 5525 1153 2902 8902 9792 3829 2821 6652 7709 5626 584 7932 1441 5021 6480 9883 8551 6703 7396 5889 3937 9916 5313 7981 9885 9921 3932 2363 4256 2588 3415 8063 6796 2113 3260 8713 3564 1852 3292 7450 9498 8291 2792 4942 9090 8132 7734 543 5205 
93 3000 8510 6162 6568 6003 336 1685 5698 9 4754 5098 1504 9286 2738 4127 2102 753 7803 1301 6928 5612 1845 9947 6645 6909 4110 8315 6163 5218 3277 1817 799 2449 2679 3407 5548 3782 8639 2067 7491 7723 1937 9438 1316 4293 2398 4559 7977 1332 6610 6741 6466 8934 8758 6564 8719 2005 4597 4995 7640 948 8533 636 8258 471 3847 5097 1999 6521 6025 6488 4091 1339 9232 1043 4094 6651 5895 2866 9546 4968 9423 1799 2746 9027 43 9422 654 9344 3766 3174 7918 9902 4477 8594 3027 1955 9153 9700 7589 5968 
94 3000 6196 7478 8732 1667 6903 6506 4633 6232 55 9701 3167 597 9632 1189 3689 3890 5650 7301 1934 5988 8130 5693 8042 8203 4185 2596 7714 2087 8236 8183 6490 6371 5352 66 7146 2018 7714 4918 227 5409 4204 8220 7697 9654 3124 2130 9715 4021 8031 1479 4540 1497 6703 7895 1556 4475 3232 2046 7426 8553 3235 4011 5371 4479 2196 1780 7565 8201 6928 7871 673 9056 169 4077 4494 6074 8290 4338 3743 2417 2137 5737 2955 7933 1000 7622 4506 9840 9696 8848 9771 1538 8789 3153 3401 9539 7927 2651 722 8528 
95 3000 2310 9456 8263 4545 2275 5425 7414 6294 6016 29 1194 4578 5420 6354 4161 9854 5033 5214 5436 7921 4151 7406 4856 3727 2035 4074 2252 3300 6248 5208 9848 3809 4123 6266 7795 1750 7349 2919 2815 9249 9692 3922 9987 8500 7829 2108 7641 4322 5316 3515 5392 4843 9675 4625 5289 306 2614 7741 6092 9 3360 4480 677 7355 5130 7393 6561 3044 4717 9714 9556 6375 5207 3231 542 4683 1818 4279 5377 898 863 7865 7918 9227 1844 9909 6176 8961 2662 7622 1592 6414 7963 7995 1441 4976 595 4427 4358 3299 
96 3000 6205 1464 8992 1606 949 7675 5779 6124 2336 6647 1852 1642 3187 6106 9060 2197 8733 5163 5126 9878 6820 9683 7922 1764 1259 5785 2872 4983 8282 1461 3481 9889 6139 6322 4982 1379 7807 9469 1119 8320 6835 5491 4048 1114 6303 8581 7362 7375 918 4790 2245 5741 2225 2390 6751 7807 6949 377 8203 8186 8455 5087 8723 2686 1346 4944 3882 4628 9170 3332 4481 9271 5266 9589 1447 6376 6724 8131 3868 885 1477 5695 142 1736 8517 6712 2250 8791 1234 6802 3167 7895 3877 4397 7381 4065 1151 484 4552 2791 
97 3000 926 6479 6284 9475 80 222 6032 6987 3463 98 2125 1350 5985 7282 3923 5550 7834 6114 1088 1463 2815 2588 5994 9923 9812 981 9248 8897 7380 8595 8347 9801 1464 8627 9450 1928 6229 1168 2285 5008 8034 2323 8177 9893 2518 1456 1196 7366 4815 6563 2436 5072 2894 7765 7419 2578 4023 8933 6621 4557 4361 7433 9125 2096 1672 1994 9397 2130 1163 8708 7189 5000 4451 5149 569 137 1653 2621 2069 9872 6598 6526 7963 1366 5171 4861 673 6672 6774 4844 4294 916 8919 7651 3244 8609 4940 1295 4046 8078 
98 3000 4834 1619 227 4023 9228 1418 346 8205 6466 7681 9148 8252 2823 6970 1839 4593 5849 8907 1489 5514 830 7805 9561 348 380 2404 9561 778 7155 3748 3816 270 9693 1182 3379 1638 1378 6470 1053 2720 2532 6040 7542 193 5627 1361 734 1500 3627 7432 8099 4917 1453 9409 2218 7727 571 7345 9433 2536 6708 9070 1629 1705 691 1176 1130 9905 2415 8148 8734 4805 7928 9604 4857 5878 9649 5667 3818 1337 9708 465 1236 3189 6407 3747 4559 424 3817 631 6718 321 4485 9477 2902 7880 5280 7880 461 3385 
99 3000 6353 6794 1934 8083 3231 2775 1202 7996 2029 8354 2761 5850 7792 535 4132 1142 5956 7411 1380 8314 6945 2914 7774 3067 3877 9686 5557 6794 3409 73 855 9139 9705 5249 1700 8678 1516 2458 9183 1729 2404 390 1733 9289 4080 2671 2519 2086 2864 9493 9976 3768 9281 7349 1457 2210 771 6914 14 8945 7532 9035 4294 6726 1484 8856 1575 5211 8359 8058 3908 4765 2914 5240 7404 8401 7274 4404 4631 1832 2394 1584 141 1661 2651 9590 9126 1685 3556 878 9191 7330 2598 8545 5261 8209 3206 5455 7604 8807 
100 3000 1837 1480 2984 7289 8197 8871 8944 2434 8575 5761 1199 8691 2310 7777 4171 9366 1381 7792 4637 7929 3121 3794 8510 7447 6059 4883 738 8146 8882 5390 8332 3088 2526 7126 6520 1986 5392 9752 8022 3136 1685 9273 5455 3472 2876 4663 6859 6754 2298 2609 4348 9876 2856 380 5890 7296 7867 6827 207 3599 5028 1501 4805 4177 3502 1902 7121 4042 4138 8847 8809 4755 2803 9969 3133 9487 6855 1335 5502 6200 4727 7195 7117 8962 8647 7852 1751 7373 471 5656 5652 4128 656 9130 566 698 342 5211 9896 1143 
