FILE: 2923UnifS.txt
100 100 0 
1 3000 3152 7109 1198 9220 111 3509 4270 1229 9751 4303 4537 9252 5336 6397 6475 1069 8855 6039 9406 6883 4048 4508 9589 1559 2560 1915 5434 5003 3214 9144 5843 653 4418 7906 1672 2100 9690 8922 327 7839 6310 8237 3472 4132 7100 1648 7871 6012 5324 7263 9357 6400 2713 6190 9915 3352 625 1339 7902 5430 4313 4359 1384 5197 336 697 4603 840 7078 2779 7565 5916 8408 1322 8757 7222 452 4764 983 790 1498 6825 333 6010 5023 2190 8272 7878 5844 319 6851 7363 9397 7376 7053 9903 4137 6294 253 2031 
2 3000 7070 4954 2810 6117 2400 2493 3780 3239 3310 3744 5760 4182 6860 1785 8848 8555 2022 8632 7736 2042 825 4040 1921 1769 2634 2443 9052 9801 1556 8008 1387 4765 6962 7818 5387 1594 7146 3187 4432 9400 6094 9085 4656 7467 3393 1704 3917 9376 7256 4137 3883 5247 674 189 5251 2114 695 6309 6082 2419 823 1648 3268 633 6549 6246 7124 8003 4001 7337 9100 5422 1724 3786 2620 4426 5578 8643 7052 6315 6769 9830 4791 9398 3000 8951 1479 4367 2749 8220 9343 7788 2671 5525 3660 3728 8125 7610 2346 3498 
3 3000 6825 1381 8672 3522 5620 3345 7104 1337 398 7162 2267 9714 9106 9334 1034 8899 7910 3011 7744 6992 468 9925 2538 8436 334 450 2827 641 6485 1783 7880 8732 1973 4254 6539 8415 5703 5759 8060 6980 7336 4321 6076 2414 5313 8770 5689 655 8011 7555 3684 958 8020 5673 1867 9393 9542 9734 3532 465 8924 1139 3051 6860 8303 7390 8587 7320 2392 1527 7937 2633 8373 9682 7493 9758 8933 6763 4333 4070 8411 268 1438 9731 2075 2211 6031 8188 8529 9187 1039 4790 5237 550 9686 3537 7174 4727 3207 9953 
4 3000 8606 3647 1688 2077 7993 5304 8031 9587 6013 4436 5041 1048 6716 1336 5645 9278 1804 8788 6232 4850 8028 7119 3111 7708 7719 7390 2111 6917 2442 2698 1286 8530 9767 7617 6764 1590 3178 5749 1704 2243 5096 5411 8389 5993 3035 3445 3444 8065 8876 7151 6170 1909 1269 4341 13 5812 1166 1531 7152 7654 464 241 6214 7769 3793 1435 3116 9952 3410 8076 5025 568 7229 5811 7455 5810 9976 1780 4473 7060 7461 1548 2048 4393 3987 4164 4508 8194 2871 5346 4135 8902 99 8790 3879 4887 1105 5599 3194 8441 
5 3000 671 1847 7009 9904 5955 4260 7813 9902 2644 4027 871 9729 4230 8727 2565 9833 4413 2398 1859 6444 2629 3710 4887 6316 2703 2280 2669 9599 4623 3106 1951 839 9445 9121 9169 8092 7320 1881 7540 176 8648 370 7276 2039 8351 7938 8924 8258 3280 7353 9831 4655 2737 3994 3734 8049 2134 7148 3474 4123 9766 9456 6837 3423 6713 4461 5518 5474 9869 2297 7212 1033 8096 3497 827 2457 1496 926 4825 2196 3820 9841 8687 9419 7988 6071 7501 4757 4750 2330 9682 3176 4454 2646 7804 4972 1957 4925 2571 4892 
6 3000 4647 1630 9906 9380 3594 8592 1163 1949 7834 1942 6470 6677 1765 3172 1190 9827 5678 2316 5516 9594 9407 9259 7181 3975 9108 3174 7302 6767 7162 74 9341 1688 5197 8504 1198 4620 250 3340 423 3983 4034 7732 2559 9231 5348 3156 2605 7471 5601 7600 9603 8213 7464 1873 4361 6236 6648 4038 283 2587 6808 1970 7342 3704 7567 4041 9163 8657 5671 7928 3245 4525 9267 7545 4295 9886 5302 8104 694 6444 53 9297 4090 8770 2777 6606 2110 2176 2492 736 4198 8711 7878 5173 586 1281 299 1866 4378 5897 
7 3000 9966 5041 6768 2042 5203 3128 5377 1173 4859 8826 5723 3336 3828 7280 5803 1917 1704 2395 3816 6511 4562 1267 8999 3917 9854 6742 5589 7261 4440 8101 9920 3242 5740 9864 631 7501 6012 8731 2008 8119 9751 8633 453 7240 4221 3922 4067 811 3103 674 5369 6460 3277 6128 7135 9486 4720 6240 1364 6987 3534 1368 1364 98 8103 83 6971 4368 8363 1100 2889 8256 8211 3336 150 9747 1027 4096 709 1105 8331 5380 5157 1738 1557 8318 3560 9197 6957 5725 9423 8299 3626 2792 6786 8368 4660 5884 429 8611 
8 3000 1427 9484 9220 1611 971 1245 2576 4950 6541 5175 55 953 1245 2947 4069 4562 4822 3333 5723 9329 3547 9760 3782 1539 3262 5994 6762 2457 5521 9952 8142 8696 6873 5631 4703 714 1263 3170 7996 9439 5559 7032 8932 1009 8203 2312 5493 9649 991 9174 3575 8661 3974 5404 954 9550 3485 7099 4370 9270 3291 7473 9749 5589 8871 3789 5538 595 4820 2422 9173 2307 5374 2040 6665 4429 8062 4910 5318 4216 486 6336 9569 8473 220 2218 9952 7674 7841 4729 5185 8210 3078 6131 7389 2759 4092 706 428 8782 
9 3000 9875 4813 1370 5146 5782 5072 5080 6866 2180 4676 1933 7980 6225 7820 8656 2543 6767 2262 2290 3751 2375 7 7282 1182 2490 6114 5701 6171 1704 5630 573 5306 7159 8651 2352 2047 9078 3502 8504 6474 4414 8046 6226 3157 3629 9122 8285 7152 597 97 1981 8124 5632 6556 1239 2590 1635 106 1823 4293 3379 310 9675 2695 9906 4749 2382 9603 57 7202 3763 3908 1121 3956 1587 4464 617 8240 8409 1079 1194 2784 5540 3635 8656 500 132 9339 3119 3292 5394 8090 3286 8992 3935 5979 3848 6415 4224 6904 
10 3000 6013 8545 183 2322 1159 3841 3903 9119 7610 5674 1479 5602 538 9883 1980 5625 4993 461 9536 832 2050 3359 8553 1031 8095 8426 2053 2686 7216 9462 3140 5543 6741 2404 9590 7371 5885 1636 1564 6837 7527 4420 2446 4501 3114 3455 2815 1936 687 7562 7528 8975 6036 492 5937 9081 6975 7859 5231 2847 744 2199 6896 9612 4538 6153 6311 7208 9157 3778 5457 9836 5788 9977 8761 4056 5902 8060 2058 2910 4284 5427 4684 8170 5184 7376 4687 708 1597 9039 7170 8991 7664 5437 5755 5702 4196 9664 7172 2489 
11 3000 7333 9201 8973 2833 314 343 375 3045 8386 759 6224 1389 6828 178 4080 5324 2101 9198 4441 6878 6131 6215 4072 6146 3708 2486 2480 2905 3012 5311 1498 6366 9268 9342 7999 3044 1524 6015 9740 2749 2549 1111 4324 2714 1864 439 1293 9839 1895 3642 7336 1059 7247 6134 4637 1842 7109 9158 2336 2813 780 7967 1116 4496 6322 8136 924 185 2338 9993 1806 6945 2871 1179 7875 4728 5438 7332 4398 3621 2173 894 8013 9216 4114 8045 67 6109 8599 3762 3085 9518 9795 5004 352 5031 2351 2018 8636 6475 
12 3000 8176 7773 4025 1915 6337 5522 888 7772 6093 4481 3972 1073 3043 3640 3609 9817 8403 3695 4063 1476 1411 7109 4991 9612 4852 6296 6032 8626 3714 9924 4526 6629 6957 7355 6348 6436 2428 1202 9879 4688 4876 8009 3090 9100 7112 7065 3764 3829 4283 7332 2826 2971 1277 2510 818 2186 3247 4215 7483 8436 9266 3289 4480 7865 9103 9236 1226 1788 3127 7777 3859 818 5330 6538 7330 7106 9487 8854 615 4718 8424 5706 5057 8125 6429 5776 5831 8832 4773 3635 6531 114 366 6049 6888 9899 7533 6414 3610 1751 
13 3000 2915 7310 4344 4003 3502 1192 4767 6996 7776 9194 8802 8451 9997 8062 1958 6967 7600 5216 7791 3642 1726 1929 7501 1816 871 4640 2639 4948 7666 4386 952 2604 8777 4360 5346 4586 7935 5594 5977 3173 2086 770 5464 3495 670 6151 7229 2025 8022 1641 6964 3207 8901 8970 7220 4195 7138 7997 5121 7728 7422 1153 3203 3126 193 5989 3380 5408 9675 5867 4037 2542 5025 8767 238 816 4615 4219 7071 8330 3428 8363 6113 6620 3592 7130 5015 406 8026 7556 223 5458 7223 7210 2813 4596 9147 1756 7460 1810 
14 3000 2266 634 4523 4508 1701 872 5264 3882 8501 9015 187 3410 2051 1191 501 5473 5595 1284 2711 6103 4891 7252 6333 7852 9986 5557 4734 793 121 3722 9097 1636 1755 1017 5510 974 9720 7268 5180 8660 1497 9787 7777 7295 4621 8436 7892 3857 7204 8803 4634 9440 1591 3521 4340 7129 1133 1691 6418 7998 97 6448 2308 5226 6684 641 7576 6346 9189 643 7126 3616 5275 8283 3542 2515 4373 908 8550 8363 3215 9562 7611 1071 4483 5298 7633 8005 8584 3611 7814 4989 8557 6995 3604 5422 8100 5628 3795 7526 
15 3000 2718 6181 739 9716 4003 8751 3683 4097 7038 1918 5238 8085 923 5932 967 4151 2424 4019 2101 7697 2757 1814 1376 3046 7485 4922 2000 7566 9547 4601 9746 3920 5412 1569 8158 428 4352 7939 6902 9572 849 7278 3221 4613 121 2788 6530 4335 6773 3619 6132 5921 6574 9298 2053 5947 1362 2290 9010 9501 7071 8683 3502 7432 4879 6991 4023 1719 5491 5095 4400 8970 6538 5296 261 2039 3106 7502 8625 9776 1386 534 614 4895 5454 1562 7296 9973 7172 3661 8647 1567 9216 1497 5642 2465 1227 5133 5471 2055 
16 3000 9091 1966 9877 4818 7338 6784 6623 6955 4672 9947 4078 1129 2621 3700 8938 9335 7316 6604 7058 3902 4395 6094 7425 6606 7026 9166 9240 5926 7063 1181 2141 2403 9322 2802 9536 2148 8981 5052 5070 8454 2114 2497 2216 1547 9335 4552 6990 6458 2582 4921 3789 9013 5016 9150 4357 9961 4048 314 9874 7217 7495 2820 6173 6230 2852 4351 2077 8487 9700 5912 866 8126 5227 23 4864 6687 2886 7025 3160 5981 4170 9512 2440 9087 3515 4890 957 9473 6326 6063 5619 8242 130 237 2204 9503 8854 5859 8701 3865 
17 3000 226 7672 1774 63 6305 9900 6350 4700 7131 7556 8337 120 7502 5875 463 402 6877 7874 1239 5484 2405 36 7051 3408 5075 6115 7374 688 8995 9075 3110 812 3793 1145 8058 858 145 2001 3498 6243 8428 5079 5909 3593 495 2007 7809 1738 4582 5163 1717 836 3329 8357 7247 9616 4938 5642 1320 752 7446 8248 1505 4356 6132 9640 2483 9602 4040 8697 5636 4469 5633 1031 1765 3616 3572 8408 6928 4374 8614 6317 1404 870 2644 9648 1783 6273 4826 6502 6183 3163 878 126 2587 2028 5477 8968 310 7887 
18 3000 7786 4864 4589 5032 106 9346 4294 9905 9651 8074 2773 2089 3454 3396 1813 3429 6395 5033 8734 5282 2346 8881 6599 3886 8459 3955 7557 3856 2559 7439 9305 9804 3678 7873 4683 6088 5702 6460 4383 4679 4152 6504 2793 1162 6086 962 6960 8853 3126 8134 8678 1047 7607 5465 9709 1389 1860 1485 116 2370 612 5865 9731 1946 6510 7597 2745 8289 8779 1310 5423 2653 4996 1696 6941 373 5992 6075 3356 9986 3882 5075 4690 473 3215 1439 5151 6639 5252 6964 6466 2598 5367 7555 4351 3404 3577 6410 8101 4791 
19 3000 8195 5330 3301 1045 2602 4148 7668 1002 5154 8296 16 2168 2210 4478 2347 2964 4278 4489 5063 3102 5302 7139 5307 2071 5056 8321 8430 5771 4675 9185 2578 1248 5307 2455 6406 9571 9890 6858 9924 6827 8055 9684 8454 3241 4152 7467 9724 425 8404 4800 4084 6744 1183 1259 7841 818 413 6472 9730 3137 2098 3294 500 5813 3973 9123 5628 447 2280 5325 1161 4127 1676 4801 2683 3548 8254 7665 7398 7259 5699 5057 9352 6034 4563 1071 7769 1367 4670 2819 8516 2095 642 8612 8695 9142 549 4267 4354 8392 
20 3000 7693 7545 1331 1683 5501 707 9217 5930 5562 1195 8445 371 8771 447 508 1937 9613 824 1293 8749 3559 674 7552 1737 7600 7510 6488 4389 3894 9324 8473 621 6547 4018 2883 773 1512 6962 7069 5729 9620 6680 8442 9166 2728 8655 9688 7921 3002 7266 7112 492 5312 5845 2100 3653 2768 4862 5706 7207 5365 8229 6374 6851 1763 7741 770 5176 4191 5628 7754 786 6473 5242 5463 5547 5177 9866 1532 9952 3900 9645 6429 6626 663 6645 9924 1937 8442 8041 675 5752 8819 7418 8946 9299 8761 4212 2443 1172 
21 3000 521 1264 5284 1444 4665 506 86 3919 6226 6766 3179 6497 3978 9708 2945 9679 2843 3883 1289 3180 9415 6919 8221 677 614 5826 9576 2683 5461 1430 7852 7541 9984 932 6175 545 5243 8593 5387 1186 8481 4541 4266 8523 7405 1704 2861 4683 7584 871 8958 6473 2983 3871 7671 5137 9606 4889 4155 4218 2282 9892 9450 5561 4563 4191 9438 3429 1750 8128 6942 6752 7050 876 6933 9497 850 2382 4878 9164 3120 3417 8194 3409 8941 3769 850 4786 7155 8542 1071 3622 2145 2596 2186 9012 8739 3103 6588 7939 
22 3000 232 232 2826 2522 9542 5957 5819 5385 3485 988 196 3154 183 9834 6762 8079 9583 3986 2084 7778 7116 3221 1212 3111 470 5041 3513 4173 9496 2228 1639 4417 9234 8530 3617 2900 6062 2468 8062 4654 6979 9271 2519 9181 2005 932 4924 7075 9705 4395 8200 4768 5847 7862 7966 7402 5176 5224 3381 9823 6316 8626 1104 5704 9800 9144 2390 4791 9219 5596 3301 8272 5502 1479 8045 2275 4318 21 5445 9489 6601 7369 8524 8910 2206 3899 7224 3712 6683 3644 4241 7242 1181 1858 3997 7143 5475 697 4722 7598 
23 3000 4120 3027 3674 9704 5724 4360 5478 9964 5355 2911 3589 6912 67 7782 4883 5859 7551 5269 7373 1758 7911 3299 1046 209 8573 3985 1832 6575 2305 4312 8688 3226 8372 4945 3821 4917 6814 7163 6017 2278 5849 7914 7118 3438 2397 3006 1601 3767 5738 8407 9301 3756 4281 9686 1245 5003 5476 9567 8621 4341 8834 3613 4866 6080 2083 4037 879 2380 443 1634 3365 1747 9031 5840 6297 5656 8387 2914 5506 3291 3125 2249 6399 4424 3712 804 4791 404 1371 5664 880 3284 6108 4722 6330 3062 7860 5488 4487 3057 
24 3000 781 2023 3721 3400 635 9999 3889 2659 5330 9880 5924 7584 8569 8230 4553 978 6624 7151 4134 7691 8241 1838 7622 8746 7670 6262 8658 3579 811 6983 6785 416 4497 5077 5788 4766 8892 6202 5158 6039 3023 8776 4681 2301 3428 285 2154 3134 5936 1724 4225 643 569 148 359 8567 9567 9357 9925 9534 8543 8708 2411 425 761 45 767 5874 4535 2760 7868 9888 3760 6975 6102 5595 1560 4851 89 3111 7070 23 2517 5539 5336 5155 3107 3091 342 7629 707 5331 1164 3348 8503 1548 1244 8674 2358 9253 
25 3000 797 483 2282 797 2335 4351 7015 8121 9321 863 1748 5624 7944 44 8958 1159 2025 3921 2378 5159 1042 7202 4082 7875 1280 6090 4700 4755 115 5212 6764 9934 3410 2681 1164 7859 6045 3276 6745 3034 5570 9756 3018 7890 8980 2287 6002 8783 2620 6005 7187 112 5210 6699 5624 6570 4000 4618 3141 3510 4044 6408 2684 5444 606 5165 9777 2664 4683 8625 7119 5987 1662 5466 2290 9626 3095 9748 8599 2188 1601 3467 9047 5793 8892 7242 3410 3320 6930 9119 8465 3781 2201 1509 1321 5815 3117 6246 5886 9306 
26 3000 545 7768 2462 5135 1457 4428 450 3050 5712 7926 4201 7655 5951 869 1971 2543 633 2455 8017 2530 179 2277 7810 4036 6257 2264 6375 3574 4177 6735 9754 4375 8426 581 9601 1133 1312 5579 889 2876 4748 4820 2758 3963 5153 5272 2473 3204 1477 8460 2520 1104 6353 9278 815 5240 380 2921 4047 3751 9518 9941 4145 6963 5620 9435 7862 7134 83 353 9494 6324 626 926 6721 2392 1190 6234 9568 3117 4970 3881 2495 8446 561 7809 9618 860 1241 227 3040 3875 7371 1675 4322 8663 1922 9204 9071 8793 
27 3000 9128 2686 4655 3109 6263 9244 1043 6720 8543 5818 4768 126 7156 9841 6020 6460 408 8053 8858 6863 8010 3431 4553 3976 8470 249 8049 3565 9628 7261 7555 4264 2305 9013 7260 5447 7081 5271 3173 3227 4196 8584 2087 4571 6580 9963 3669 9551 6004 2698 5675 1716 2357 4281 2288 6584 6047 6471 5589 8263 3533 3479 139 4201 5971 8271 698 8057 999 7005 3064 692 7630 1591 8040 9293 4288 370 8520 4624 9955 6928 9705 6387 8451 7024 2447 6726 5834 3654 9707 1847 930 231 6150 1760 8984 1895 856 8154 
28 3000 8437 4945 3166 394 828 4402 1639 9636 3824 9685 6147 1081 7369 8429 3090 4340 2963 8409 3730 1933 6064 7607 5666 5909 1616 2390 7413 2593 2701 3819 6125 5456 2315 2088 8431 6113 8273 9075 4399 3441 1233 9031 4629 829 5853 7386 466 1544 5062 7685 7339 2234 7468 6641 1230 4542 7885 7328 8256 4855 979 481 7393 2179 8053 3933 6309 4128 6946 173 332 1050 5060 2031 4539 8270 5514 6486 8972 6466 6418 6598 6975 158 3281 1567 6661 4336 4531 4920 5504 9202 175 815 8048 3040 3571 8477 6752 3218 
29 3000 6330 4755 5953 5303 6350 4808 8956 310 8960 913 8248 71 1202 9397 8838 735 9233 5695 4725 4385 8851 7538 8483 8786 9148 6257 3979 5256 9288 6218 2212 4664 8409 2381 276 1544 8648 5985 3455 6352 1299 8354 431 5827 6084 2830 1631 1493 3558 4836 685 6279 639 56 9020 9262 9255 742 3575 8544 8125 155 7638 2243 7663 5114 4814 7614 7999 6686 6112 8301 138 8993 162 9701 232 6145 6554 2462 6987 7300 2304 4110 2189 9845 1441 8785 4352 707 7724 5120 5502 5786 483 2235 1076 7512 3580 3855 
30 3000 2948 533 7503 561 5583 5517 4577 158 5317 1091 7309 6172 2754 3898 9846 4470 8297 6780 2572 8009 798 5086 9816 9702 9339 1108 697 3419 8130 6637 3089 3108 4539 3649 704 37 244 3110 3317 8168 5510 1914 96 7652 6591 7940 6075 6452 6257 3233 1738 87 7450 5315 5738 9505 55 6620 733 7076 807 2049 2353 716 6317 4657 1293 6132 9226 9459 8519 7195 7479 5364 3617 4430 6729 5237 6254 1646 5865 4077 767 676 5665 5330 3879 4247 570 5319 5540 6984 3590 5809 2888 4520 4329 4681 7344 752 
31 3000 139 4748 4822 3206 395 688 9073 6537 3902 4100 8147 4145 9416 6686 3985 7927 9301 1566 5129 6145 6305 2705 2570 9422 3461 2477 8706 4862 7117 7343 9434 8300 3088 1664 9365 4670 5928 9635 165 6501 1342 5338 2018 540 1704 932 8216 2497 4715 2958 2876 9916 5178 6774 1775 3169 9903 9113 6321 4583 5728 8766 639 5680 681 5392 1787 2551 8248 6452 3095 9352 4781 2263 631 9924 24 9189 2789 7540 765 943 3007 2775 7611 8026 5605 9506 4897 5279 4747 9026 3706 7574 6536 2298 8026 3618 4226 318 
32 3000 4024 7887 6563 2619 2452 685 9248 3887 4172 6329 9529 8708 8807 9456 3913 4441 6523 9457 9011 2211 2928 3035 5497 6033 7097 4890 5200 56 2730 6527 1321 3937 2427 3189 1771 6332 5087 8915 5634 6522 6441 9726 2762 4158 2700 4932 6482 7130 7334 6566 9445 7564 976 6941 2585 5945 4444 4336 7208 3361 4901 6804 211 1874 5126 4105 2420 3019 5919 7763 53 4421 1628 9253 9314 4543 8801 6307 4102 5558 7964 7351 6859 4343 8524 4058 2525 1603 6794 2036 5635 9115 7146 9636 534 5097 6292 4883 4710 7711 
33 3000 680 539 5268 6675 7026 7282 8511 3017 5967 5017 2663 6942 8833 2311 3702 3829 7555 3947 4330 8351 7690 6613 6059 6723 4573 2708 4429 7073 2594 2273 7344 7935 7602 3055 6542 4876 2432 8687 2180 5235 5556 4997 552 1000 2861 4442 4927 9800 2552 8668 9515 4029 3179 9190 6555 8090 4788 6204 6534 3767 3202 5521 1522 3723 7418 3621 1640 3116 139 841 4647 9352 1425 2682 8659 9948 5467 9244 7984 8536 496 2781 2092 8979 1804 3389 7700 7619 7900 2812 3989 3647 9786 6376 946 7602 3361 3047 825 7987 
34 3000 4943 3616 2738 6020 9931 7008 371 8502 4572 4713 2825 8816 870 3347 8575 6043 4611 5334 2568 2215 6515 7716 6432 7681 6517 9085 1817 4603 1162 4643 6861 8581 4139 9387 5779 8395 9932 9411 1579 3881 595 1349 1900 1919 5656 9927 7979 564 5144 3648 6738 1283 5742 8602 6002 9333 63 397 2835 2254 9054 4222 5011 6488 7522 3025 5596 2132 2786 3826 670 5799 6457 2150 162 1625 9337 4582 1817 382 9449 9454 8285 6726 3187 5655 7336 4572 9595 9560 5203 585 7770 92 3039 5802 7385 1904 6516 5383 
35 3000 2349 6689 8533 6475 7577 2613 5061 4213 8896 1871 4102 5839 6071 6375 7784 2950 8958 1562 7575 1864 6783 8322 2621 2125 541 3065 1209 3114 8526 5898 5365 8804 4980 6936 8558 625 1876 736 6548 8463 3814 8855 1348 9778 6053 534 8313 6857 5663 1507 6357 2176 5797 931 1290 1903 3102 6451 2285 7516 8237 7378 1468 5549 9535 6001 6631 5466 9772 7017 7074 5652 6074 5095 2569 7541 2943 554 5447 7853 8408 3176 5820 8975 3307 4135 9911 7449 3683 6061 1530 599 6315 1219 6652 1272 7373 7820 1143 714 
36 3000 4187 4456 1592 9562 159 2652 9278 6968 2783 7559 7263 7842 4802 6755 603 8227 8482 7182 9687 8792 3017 205 6707 6455 5055 4793 5244 4128 2350 8830 2982 8587 540 8548 7551 6471 3051 6086 5490 8401 4120 5170 4337 1228 4951 4929 7844 8399 2992 1820 4317 8462 4337 9693 8081 1677 9250 7973 4068 4770 823 7965 5536 3801 6751 7293 4903 5158 4232 2457 7717 4684 7997 9512 9745 4915 1464 2884 7183 459 1009 2297 4 1487 3375 7837 8415 5355 6196 3132 2453 6353 1651 6661 4694 3573 3240 1189 6099 6903 
37 3000 5685 1326 4974 1156 7961 9207 9062 8308 9447 8305 758 7872 9200 5361 5448 5396 8363 447 2973 9082 5688 5143 2223 4532 6191 8854 8845 7619 2926 3234 6091 5485 1892 4754 8774 5661 56 5378 366 3311 6507 1378 3208 6606 6737 261 1850 221 35 5833 9519 6950 22 1380 7705 7460 8300 978 8878 8157 1231 8925 2329 7184 9836 7301 3131 8539 2826 1649 4233 4328 2754 4788 1671 5128 5289 8743 2912 8488 1621 4806 8315 5550 3991 1715 5725 5793 4335 1971 8181 9904 6073 6261 4765 778 8999 6027 4558 2634 
38 3000 7317 4142 3738 8264 793 3721 5786 4404 9026 5057 4835 5229 8856 676 2127 3974 4890 8522 5609 2683 3155 3266 2643 76 7872 5740 5850 7547 1363 494 2070 3286 7074 1481 4457 4523 5732 5863 7692 7901 4618 5951 6319 7971 9971 9255 6217 3814 2516 6673 9183 3786 6116 8801 652 8390 9549 360 534 1270 1411 2762 7179 8337 8142 4788 4468 5008 5179 1399 2027 1585 1235 672 8567 6745 5698 8852 8349 9162 9162 3542 774 7256 7076 5010 3098 7062 6524 5619 6270 8227 6126 7391 3900 8129 9065 7686 4346 4126 
39 3000 9241 3015 5930 3925 547 968 5279 4079 9270 278 8787 6609 9623 9001 7208 3747 2392 828 3369 810 6716 9515 3009 7196 4989 1442 8746 5504 889 6300 7167 8779 526 5895 9040 5886 6724 1087 2656 5004 6420 6844 295 5247 1195 5424 7811 6413 922 7692 7353 6851 545 2545 3201 9458 9983 4475 731 5804 7157 9250 8508 8372 4140 7727 3496 935 6435 7779 9401 7048 5380 4360 8135 6669 3672 7684 4409 909 4022 9537 3439 4900 931 7709 1797 8791 5592 8551 1369 6870 3917 7662 6444 4810 7692 8694 3935 5039 
40 3000 8851 290 6713 240 6882 1136 73 4965 9350 3153 1327 5390 5552 2799 2516 7176 3295 504 6250 1475 8796 8231 4672 9045 9711 5157 1552 2496 1288 1484 7497 6666 5642 368 8294 7110 4159 7984 6371 6729 3022 1705 5394 508 1867 6413 7973 8394 5555 8928 6510 6289 9078 575 7156 5169 5586 7860 6908 8335 7537 1280 3821 6780 977 2262 345 2687 2943 8214 9794 1050 1985 5713 5934 9419 1826 1814 5698 5772 8133 3479 5027 4512 8422 5144 7833 586 5085 4392 8089 1732 1545 5770 5045 8851 1527 2720 1567 4501 
41 3000 1466 7636 5604 9522 6033 50 4773 7777 6785 2938 4080 9027 3947 7156 6755 9924 1308 3997 8217 3136 4255 5876 3169 4590 920 5138 5807 8843 6461 990 3162 2581 462 4562 1566 6236 7461 2089 6239 3736 603 6221 4008 374 8418 5456 9143 8804 4721 1697 2323 3162 1640 5937 2727 1314 5770 2070 3247 5225 7449 8819 8831 9455 3161 9800 7943 7784 1063 1703 7157 7951 9637 598 8870 4531 9466 6377 2142 9930 8141 5302 6662 3505 8284 697 9836 8808 8701 1752 7003 8962 8662 457 4774 154 5298 6663 7499 3257 
42 3000 4136 1264 6853 3575 2743 7506 4555 8715 7511 418 8205 4584 3552 4375 250 9507 7733 8779 75 6476 4822 1868 9214 3522 6768 2650 9694 2207 5104 960 5497 4248 6473 5647 7153 6264 1280 878 9451 2643 5472 576 2282 6543 5436 974 4600 9010 6032 1306 1519 6223 1740 2605 4518 4871 939 4647 4791 5643 3312 1003 9702 4849 370 2224 2384 4171 9105 7151 4448 8531 8769 2349 1824 2087 776 9662 3726 2355 1725 1901 4744 2454 9561 6649 55 1477 2843 8196 3766 2990 3154 7601 377 1650 621 868 9372 7950 
43 3000 2575 5261 2934 1096 5323 3736 6782 9996 9053 7498 4141 2385 5858 6687 2826 2071 894 9184 5462 4306 6652 7546 2820 9280 362 4065 285 3744 4522 3952 7443 757 548 6643 797 7555 5554 5235 9608 1548 2250 4043 4858 4441 1976 4287 1342 4480 846 7896 2879 6824 9034 9443 656 2040 3169 6206 4691 2723 1867 6349 8423 8245 4381 5232 6427 7625 2380 9843 5253 524 4850 1358 7393 6366 6123 5825 8367 1586 7025 2971 6943 5000 9160 3137 8473 1300 2308 2335 1357 2678 4952 5433 6638 8569 7932 7464 711 3522 
44 3000 1223 3059 1168 3201 3836 4003 5757 8500 6844 4923 4479 7791 9537 7095 4795 7298 8700 374 9973 9590 1010 3261 548 201 8570 1076 8915 2382 7558 2275 7040 9964 2 2880 7304 8360 8688 9038 6466 3685 5184 7704 2752 1 991 5452 6072 4687 1823 5404 1357 1938 5009 2296 5028 4385 18 5651 4579 2839 2116 1100 1300 4167 9137 9806 6112 7280 1391 6025 8532 7265 4688 2792 8764 7620 6493 5729 2913 633 5200 4975 1327 5875 2536 5249 59 6820 9090 4032 5457 5595 2964 7875 1882 5847 1548 6833 2544 3740 
45 3000 6426 7023 3469 7079 1402 1309 590 2552 3651 8110 9957 1102 8000 8333 1084 1428 4324 432 3406 1599 8081 3592 5875 8804 3959 9035 9673 7223 2655 9460 4050 4020 776 6594 5292 3471 3869 6879 8807 9201 2573 5283 4343 4563 1893 7228 4328 1129 3606 8655 5332 5314 1786 4202 2659 3120 1459 3516 8063 3009 377 5685 583 6899 3923 1797 513 9281 3136 5624 6490 4472 5866 2431 5709 1980 1050 5908 7261 5 6114 3229 8601 7055 7500 8238 5136 1697 4321 2754 2939 425 5135 6006 4592 3655 7849 2194 8146 9852 
46 3000 2746 6168 9216 7769 8637 7241 6193 6822 2140 1120 8584 5587 80 9964 8477 8416 5018 571 5131 190 3903 683 2692 9185 9849 3421 1029 8069 7038 9844 9705 3025 8745 9634 5062 996 8494 9898 436 5055 4333 2112 9499 7903 6236 7171 2723 3488 6634 8575 6971 6753 4062 3739 8208 1507 9939 3428 7346 6419 8471 9310 9204 9143 9677 9644 4602 8558 5544 3088 5574 5146 9298 633 3706 9482 7816 5659 1603 8862 7144 2122 7482 2040 1155 859 2878 2108 3324 4025 3493 7486 1631 7650 3156 1046 6588 2322 915 7359 
47 3000 2394 1996 1247 8061 1207 931 7406 5355 552 8741 7881 3630 3843 3586 5989 9206 4040 3477 2589 8204 424 5710 1922 2548 8500 4425 576 4078 3023 6290 9574 6803 4153 4308 9594 7268 6729 9753 9301 3051 2675 2226 6820 9385 6525 7840 4320 3904 4074 5529 5731 9513 4160 1482 7584 5384 3561 1697 2976 6079 5026 2673 8658 8794 8427 210 5253 8732 5034 6348 592 2598 4919 4425 6184 218 7485 2257 6800 4290 5115 3451 3192 8250 9951 6837 7930 2274 3796 4026 4370 7391 1142 5092 8741 7737 5324 2386 5362 922 
48 3000 7791 2464 4981 6526 516 6148 6237 2720 1519 6710 256 1017 3520 6178 8360 9134 5717 9775 2911 1997 8687 8471 1272 857 2417 9671 2901 537 7451 6023 9562 4804 9171 2349 8667 9864 5198 706 9742 5984 5921 3571 4013 7239 8146 5146 7125 9380 1878 793 4978 5833 218 4595 2696 1818 2395 5034 6713 6597 9916 8806 9989 3844 5843 2750 353 142 7198 3910 1963 1602 486 7715 9899 8612 351 4290 7875 8706 1354 2890 9083 7560 2870 4456 155 8115 7121 2302 8253 7821 326 920 1284 4009 6978 2916 1240 7388 
49 3000 7248 4070 664 3665 7509 6513 2238 3289 3993 46 1499 9328 9565 1563 2677 3459 3626 2617 7663 91 5140 5099 8098 8614 8789 5051 584 3767 4245 4596 5028 4133 8580 1996 6108 8765 1785 9840 7858 1925 5429 1349 1385 5963 4431 4811 5710 2307 1968 6137 1734 588 7497 9549 9324 5881 7911 6385 7528 4084 1815 2036 7920 5406 6927 1000 1059 5993 609 68 6083 7674 3515 9636 3422 5828 6372 3131 635 5386 9879 4576 1382 4946 7737 4273 7506 9025 2801 2608 4255 8426 6357 1985 8615 8735 522 6891 781 6942 
50 3000 3776 2070 8742 6190 9610 8840 5998 8640 8307 9521 2402 6473 1840 9997 8119 1009 1905 396 722 9951 1066 3903 5404 2761 7041 3692 8316 4150 97 7980 3037 5704 3581 3219 159 5627 7572 5399 4 6615 5657 9480 8462 1848 4836 6958 5960 9117 8545 1540 9547 3064 2813 2959 8113 5555 5537 8903 724 4181 8883 5078 8092 8870 4818 3389 7161 6640 3757 8247 8826 4470 6342 1006 8767 291 8347 2521 1418 2113 8703 3828 7058 5266 650 4959 2021 7776 6015 1868 2039 3856 2615 1496 8708 5531 4783 4952 9075 2384 
51 3000 7022 8820 8354 9422 781 4597 5767 3081 4357 6246 3508 5339 5924 5884 8830 5964 9684 7589 9266 2889 5145 9334 963 705 9523 3044 149 7281 3271 2781 7725 8511 8726 1054 6977 1189 1894 3250 4415 3997 7347 194 3742 6635 6252 8830 2940 7061 7522 1036 4488 6863 2097 549 8697 4758 341 8032 179 8210 2576 4250 7439 3178 2726 1385 5582 1985 5102 2464 2161 9318 4301 8924 6135 6345 8232 6290 9965 2960 4272 7983 4824 8162 8540 7262 8942 8543 8301 7271 9063 4910 7493 9231 5043 7037 5378 8746 7560 6530 
52 3000 8324 237 8955 7824 4700 9499 7199 7309 2910 4386 2979 568 2542 3618 9915 7755 8646 3720 7899 7089 9136 4071 9562 6474 5318 97 9862 3244 5542 4576 8797 2038 1980 7067 7251 794 527 1478 5950 4870 3830 1741 7560 9287 7438 5626 1897 9109 9083 6671 4270 7927 1077 4244 6942 4492 5844 1723 3723 7452 4573 2808 7684 8228 8990 5952 1998 2008 6265 6922 3900 6869 7037 9479 1783 1023 6569 4191 5411 8189 9021 5364 9256 1086 4857 6099 8965 3058 1368 1479 952 7817 6330 9878 5109 7315 4774 2390 647 7744 
53 3000 8896 391 5062 3648 1077 1223 6225 180 41 2001 7594 3463 131 1546 6557 9094 3708 447 5896 8762 6684 9241 8376 4991 7170 4722 4460 4017 7253 4379 3151 6781 7902 8946 5952 8050 6993 3095 3962 3661 463 4239 8085 5897 6582 9466 2376 6981 3364 599 498 696 9087 7380 5320 2130 5949 8776 1627 5551 6844 2417 1960 400 5266 2148 5582 5415 8332 3719 570 871 2940 8592 9024 8959 5045 5871 5412 2277 2057 2365 8035 452 8372 770 3611 4888 4027 5975 4997 1633 6470 9502 2025 2380 5469 2056 5466 3585 
54 3000 1137 4218 4125 3715 5082 5246 5048 8615 4689 10 6868 5010 518 4057 6270 2122 6834 6783 7574 1418 5260 2755 5459 4479 1550 1132 797 8999 5496 3233 9618 2903 3954 8215 5203 6596 6995 6885 3296 3332 7184 3631 445 7710 1980 6483 5467 2298 9268 5294 4037 2376 6005 8050 6403 8808 3 5305 8228 9037 4827 2737 4552 6210 7828 1832 6881 6419 1287 8696 3407 4076 6700 982 2343 5407 2176 2955 8390 72 2968 8674 2324 916 5120 3298 3717 1835 2249 2520 6769 3774 5446 130 9280 8848 6303 3694 4735 2589 
55 3000 3064 8363 7520 4315 9907 8810 1265 5628 9338 9284 302 7035 7729 1797 4263 2692 3962 2432 5789 3278 1209 5774 1371 6988 1835 7472 5317 8659 5425 4922 6841 7010 9936 6073 274 16 5974 6364 8410 8405 4199 3780 8968 7279 5848 2037 4180 5858 6389 1889 3508 5353 2302 565 9485 4960 976 9324 6677 5984 3738 9141 3774 4085 2008 4512 8806 9644 6573 5392 7481 6266 9991 7254 4650 7396 2117 9265 8900 1069 8759 605 263 2776 3449 4892 1063 6467 2352 2747 9873 3666 2288 2472 8612 719 1889 8863 2756 4167 
56 3000 5873 142 4678 4240 2446 3015 113 6478 3834 5855 7750 1478 9928 14 1943 2766 5069 9252 8554 2791 7944 7300 3919 7046 4619 3540 6931 6317 4686 6814 4262 7052 543 7362 8702 9857 9797 6875 620 6116 791 6681 2555 2741 1254 4053 6935 5038 82 6644 6912 7709 2237 5045 328 3966 6776 3466 6806 2783 8006 8550 7964 4266 9754 6300 756 3146 2776 7144 3935 403 5284 9114 7644 3011 6595 9157 6130 1810 3908 2565 3586 7501 2211 541 3114 4767 7305 5875 8813 4521 1956 6756 999 4275 5175 8704 4539 6636 
57 3000 4616 4634 321 5929 2109 3029 9840 2943 2307 4261 2915 7798 4467 5014 8529 946 7350 850 8791 2292 7249 6889 6030 8435 9145 6617 3006 8046 977 8823 6253 5357 1049 2653 2542 1788 8560 798 8471 5691 7249 801 3180 218 2179 4489 4190 9325 9635 5533 6373 1882 155 5131 4032 3930 4679 5820 6125 9046 3829 3403 4600 6838 308 7013 5862 9570 4431 7295 5362 6909 2777 2713 5312 8789 9963 3987 5522 6415 3550 6648 7372 1380 2067 1725 895 2910 6166 4550 4993 3241 2901 1694 780 1107 3124 6025 8045 3368 
58 3000 2019 9891 4841 4752 2750 6432 200 5726 3241 9007 9976 8497 6076 8758 5804 1126 1529 293 7195 9780 3714 5492 6749 9099 9864 5442 8495 696 2731 498 9354 9773 6117 8462 3732 9873 3524 894 1234 5747 9931 7547 7502 4349 6696 8923 8181 3963 9587 6959 6009 1443 9929 3832 1033 7586 8886 8898 3945 632 4861 3744 2553 7878 4022 5378 1363 5428 3958 7534 4302 6067 454 104 552 5251 7393 6703 3517 5232 9786 345 2913 7303 9920 7256 9982 2170 6639 8807 5833 8445 7745 1573 2905 9273 5526 5514 9559 7071 
59 3000 5407 287 7793 6405 7729 9678 4077 4983 2649 4159 3326 2776 8170 1574 5983 9266 1293 5948 8236 8816 2292 4419 5358 4165 2118 2295 8174 8051 2927 6243 2647 2955 1731 5590 2594 8977 7177 1765 5529 9823 9446 5851 1622 6936 3285 4270 5795 1736 4156 2596 2932 5992 7514 7481 6223 320 1210 6722 8624 803 1018 7437 7452 3736 9286 2378 2096 8499 6717 4364 4857 8551 7267 8839 4918 554 6176 4556 5425 1616 1117 2383 3711 4664 6477 2242 4628 1940 755 8163 7019 6622 7094 1470 3301 2567 6929 2086 2186 2188 
60 3000 6769 7974 4515 2446 8094 2686 2227 8971 387 1054 450 8311 7283 2996 2710 8300 5849 5450 9275 6555 8985 2430 8622 7098 950 3214 2021 5103 6019 8651 1253 9762 253 5591 9452 5287 6410 9450 5065 30 1963 4888 8945 3726 261 4620 4568 2866 4801 6351 1365 4193 6632 7832 1197 6325 4882 43 7936 9497 412 8507 186 3436 2590 2715 7120 3354 9196 3693 7443 4072 9449 9681 1488 2264 158 9942 6423 6828 5002 6696 4599 7384 6929 5181 5007 893 3684 1830 7874 6405 6466 589 2374 7928 1699 7342 7470 5427 
61 3000 5936 2475 5876 3940 3891 1555 1153 830 9583 4145 7915 1154 623 731 5178 1157 5607 7786 2817 9895 4652 948 1161 8981 3039 6335 3705 455 7999 9972 2953 2783 8612 5356 9378 4974 8832 9134 3517 8829 3643 4916 1183 9311 8333 5205 1803 3042 901 1459 9889 4922 7579 2270 9622 2878 1487 9678 2568 733 4412 3602 8520 9203 1706 4398 9462 5017 319 3542 6657 8164 9944 2441 864 7265 7303 9366 5676 3067 3541 4509 3989 66 4761 3168 7584 6252 5669 7056 9852 980 6356 3731 1624 966 2201 4160 142 4410 
62 3000 6895 8400 1148 3240 8595 9405 4097 3483 9202 4962 498 3763 6761 7748 5378 1919 993 3517 1874 9756 1941 7402 8945 5911 1752 8356 2214 6851 9579 1704 7932 5996 9606 9832 67 961 2203 993 521 8932 8200 6240 2469 157 6293 4487 6821 9573 3570 5689 1816 6545 9161 2154 5735 2744 1020 7975 2742 8138 5823 6589 1844 5115 1998 6461 8990 732 5875 4891 2276 7078 967 9950 291 9781 369 534 3582 4619 2286 4556 9238 2273 8687 5245 8613 1196 7079 5586 8159 8605 5414 877 3394 9611 113 9411 5993 4456 
63 3000 7219 1285 3999 3889 6674 5338 5166 2662 9722 4202 3424 1150 9437 7493 8466 5095 4375 3113 8466 3483 5350 6689 5916 4533 5336 9128 6594 9824 2499 2303 1652 6538 6342 2860 2828 7831 6989 4153 794 1331 7584 6301 6611 5756 9818 4372 6325 5664 2584 4692 8682 4322 3752 9279 5965 4700 5071 8402 7959 8597 198 1261 9043 3883 5851 4802 8404 9871 6083 644 3376 816 9687 141 5906 7530 723 7566 2143 7135 2171 1418 5152 930 2706 3856 756 386 6601 8260 6501 1271 6758 4909 3743 5894 854 4796 2864 3476 
64 3000 626 1557 1614 8647 4264 1532 6574 8064 1948 1948 7744 5163 4493 7226 6262 3023 5130 3418 5241 5369 4409 763 3735 5688 8221 4369 3827 4476 8959 3028 847 4613 9787 6142 6709 4853 2048 8786 6378 1450 5787 4892 7456 7901 3407 8553 2903 2819 6446 3463 6872 5930 5476 470 3674 2190 3134 3265 9873 4034 273 2183 9493 1748 5238 6146 2362 1963 6270 2713 5581 4278 7035 6269 8104 6004 5272 4333 8462 5035 4573 1988 5598 847 9287 4444 2833 3618 2542 7718 4956 1471 7403 7447 8438 5848 1146 5817 4775 5008 
65 3000 2664 6623 6947 5642 2987 8455 9015 2626 8944 6002 8829 6887 9931 9492 3871 1401 7822 2243 224 5315 9988 6353 4651 6191 5456 6506 9823 380 4184 1903 2647 1515 9461 6327 5741 7133 3439 6320 2015 3421 5781 7496 2391 8091 5440 8973 6644 1369 5564 5930 7361 5122 1518 293 7036 100 2041 9544 8285 1312 3520 3653 7182 1514 7394 136 9725 2842 684 7240 1429 6545 9640 5251 38 865 6520 5928 1365 7032 9496 63 8258 3381 5678 3160 2687 7602 7264 9248 964 7108 824 2814 2079 7536 9696 8859 9163 9361 
66 3000 9519 1085 4085 2650 6879 8201 5159 9926 1091 8357 7988 7169 9101 1704 9428 2934 3511 1078 4680 5600 3733 804 7499 8737 266 3635 3540 4608 2099 5809 6820 5783 7237 231 9308 4892 6355 7782 3641 2490 9572 6757 8962 3059 6360 414 9886 9123 8563 2669 8590 3499 6555 1895 27 9666 8516 2863 266 260 2835 6794 7958 3699 3634 9548 8925 8924 9425 7931 3875 8274 4884 4125 9240 8481 5756 8253 1145 9789 6879 9057 2495 3203 3338 2709 3187 5860 4745 9746 3458 4522 2637 126 341 7201 1005 6412 7261 2902 
67 3000 9948 5082 6747 9496 2447 5961 6272 9715 4272 9781 7219 5274 7003 3864 6969 9117 4189 5931 4119 5787 622 6034 6818 9923 4737 6615 4234 2880 4144 694 1144 7478 4279 8171 5648 870 180 261 10 5539 1389 2059 4621 8420 9981 3214 5091 8145 1716 6746 2461 414 316 5972 6546 1491 4867 9573 2399 9829 347 4768 9898 5808 1278 8633 6465 9616 8504 7525 2904 7234 9091 4648 2365 4569 9358 5730 2434 9691 1026 2840 351 3207 498 6311 1344 6757 1261 4808 100 9639 9409 3507 5350 3546 2301 404 7588 5448 
68 3000 337 750 9906 8579 1859 9608 1964 1563 1178 2535 7077 5659 9726 4398 2428 133 339 6297 2413 5750 4650 632 5101 6402 3623 4284 1827 8846 1206 9921 9905 585 1101 5435 8467 5852 6677 1499 7433 9743 3986 7252 9594 455 7925 4106 5831 9659 1507 7679 3454 999 8266 7856 7666 6709 7786 6971 6154 2363 4349 6117 6804 9742 8716 9576 8539 7834 3026 7383 5285 1952 8827 6004 3063 981 8228 7149 199 2752 8172 4704 669 7533 7843 9790 558 9654 9193 3943 7658 7250 590 429 4175 137 3600 3673 2572 5803 
69 3000 2889 6819 4534 3530 9247 7413 3059 6643 5744 1214 7670 2879 7005 4122 2757 2882 1613 2244 9042 6826 7637 71 8165 9163 1284 6792 406 1487 8674 723 5517 3539 748 1869 6693 2320 1290 2604 7658 9344 8081 6485 2883 6006 7176 5179 922 7074 308 3529 880 2319 5415 2730 2001 6254 289 1642 6385 6008 9359 6225 4826 7320 3587 7092 5776 8664 3501 5199 7437 3490 5344 5648 2976 600 354 9625 8863 2640 7160 4456 6336 2724 7320 1791 5992 9180 3963 3915 5502 8417 3573 8176 450 5927 886 9550 8296 5403 
70 3000 6925 1320 5472 5984 143 3889 7589 7628 709 1706 2782 4608 7903 8335 8174 7133 649 9629 9465 1093 1164 5045 3645 5931 1736 7075 4840 639 4630 8803 3268 7879 5107 9592 7339 6230 7585 8892 8860 557 4911 8172 1381 508 768 977 1658 7137 5195 1116 4245 7648 3248 8969 9203 8266 6770 5919 2947 5235 9299 6911 2206 3935 4091 1138 1114 6133 5276 845 1427 5353 2131 8269 5860 369 6487 692 4552 6829 3254 3625 4659 7000 4073 2122 3064 7640 4093 207 2222 5993 1877 8435 9121 3911 2424 9579 7373 97 
71 3000 3324 2432 2429 484 4038 3747 9920 6720 8294 8290 7118 2800 9621 7030 7532 9803 9996 3439 8618 8770 1626 7936 2618 1695 1846 436 529 649 1148 1040 9193 5027 4337 8839 1506 6916 4801 8853 9763 4591 1920 7083 2122 4142 1590 3702 2192 9211 9876 4357 1752 8871 9788 9605 6583 3618 1188 2474 5444 9492 3811 4143 2149 327 3422 7751 795 8116 1092 335 4089 1511 5599 2881 4825 2446 8957 8516 464 878 5068 8810 855 7661 1500 8212 9071 5542 4386 6610 5378 8281 6456 11 4319 7900 8187 9354 4935 50 
72 3000 2079 7441 4101 7510 62 3995 2993 1806 4016 8845 6675 2959 9432 3235 6817 7357 2181 9255 7532 3747 8422 7404 4345 7359 7628 2268 6277 2152 8738 6334 1065 1186 9434 1920 3499 5116 8542 1234 6888 8811 1563 4561 7650 6108 9323 6566 3025 2675 9751 732 1917 7011 2779 1916 8859 9566 8373 7036 1100 9987 7684 3876 8824 2491 7325 8019 8484 9358 6771 7910 9275 2555 8892 8037 2716 3480 3600 239 5369 833 4630 3140 4678 6614 9439 9708 7934 244 2235 2939 4365 809 132 9665 350 7431 2422 2486 7758 7767 
73 3000 2982 9833 5417 4629 5798 4147 3699 727 3621 8191 2237 1546 9738 9479 765 6336 2884 2840 3084 7236 5259 1100 4147 6521 3689 3887 282 1972 3896 4570 2521 371 7907 5314 3077 9124 4577 264 4925 6006 3241 6855 4517 7033 496 5245 7630 2455 97 5872 8321 883 5991 5141 1024 1530 8462 9228 5758 4583 3417 6019 6476 9700 4779 5163 2520 2633 22 6260 3220 9970 8819 5169 5600 2009 4822 8437 5224 3751 561 5865 161 4027 5474 1185 8069 2738 7060 873 6418 6228 5154 1079 5822 783 9330 2690 6510 4248 
74 3000 9430 4509 7910 5774 9213 4567 1372 3691 3137 9554 5998 1503 6257 2380 7615 2010 7254 7857 861 9550 4589 6508 4400 377 5777 6501 9262 1150 9792 3707 308 5559 2594 9884 823 9071 5779 8985 223 1797 8361 1593 4904 9491 1668 7477 2199 2673 7376 6278 7476 3871 8657 6318 4342 2994 4456 1531 7996 829 6898 6524 1681 660 1810 9758 6283 8016 2376 4859 3041 8542 5913 51 9391 3994 3777 5716 7926 6359 4385 72 8488 104 9371 2989 3384 2547 2862 7918 5725 2350 3881 1951 890 6141 1873 4003 1117 3264 
75 3000 5360 1124 3216 8645 3714 2928 9413 3790 2066 4158 1309 5909 9326 5362 6975 5155 9339 1707 1164 3 5164 9910 8651 742 6472 3299 700 1095 78 4993 4651 7968 3588 9215 6636 9321 2184 722 7419 160 8518 2364 1362 6664 5743 771 8513 8427 3668 156 9820 8828 8031 4254 5476 3534 2904 6378 6375 7113 6219 7601 8711 7784 8420 3069 1689 287 4242 6429 8361 6883 7614 2394 9599 6468 9682 7422 1178 1824 9966 8523 3992 4990 635 200 7399 757 3910 9499 5678 8287 2591 9200 7624 864 3711 9120 9264 3761 
76 3000 5309 5549 9691 238 6337 8809 34 5661 9687 8937 5545 9751 8340 9493 818 6955 4644 9494 8122 4938 2722 3473 8872 1209 3990 9663 8216 7864 5819 6305 2750 4459 3303 6080 1359 9003 4171 8670 9179 7085 6804 1441 4692 9113 1397 8251 9936 5690 4229 6385 3847 1108 5072 1610 8722 4971 7711 1364 9812 1938 3602 6059 8036 9597 8646 8519 5816 4460 3096 1536 6050 6082 4577 3556 4195 9313 4245 2484 3486 4661 6060 7621 3274 6796 9193 9721 491 1165 3548 9174 4240 8741 8417 2317 3509 8894 4258 5864 8014 386 
77 3000 7596 9469 2158 495 9051 6405 2129 2256 4491 2376 6106 9836 9307 2450 7606 2031 5817 6116 1943 3881 3796 467 5825 6425 4121 1515 60 4564 5557 3614 5403 3062 4652 7028 1519 664 8771 3611 9071 2346 2243 614 4935 9682 5639 2620 542 9342 8177 1605 3342 9713 3250 5117 1393 5647 7072 2588 1076 1326 464 9766 7936 1266 3749 1275 646 9432 4783 1298 8096 6487 108 2382 9610 5164 9226 2380 8284 3758 2005 9500 7450 7752 9205 5496 270 9559 6128 6973 2446 6395 9399 4819 8063 6277 6867 1771 8552 2140 
78 3000 630 8087 4782 4084 3193 5367 2272 9750 6739 8476 9533 2810 5534 5611 9533 9590 1456 6477 4283 3817 2645 8604 2559 9490 5282 1771 735 1876 8489 574 6752 6630 2359 5103 7204 7041 9107 9753 7559 9407 7347 158 5491 6526 9495 8248 7353 9318 2298 5434 7758 6574 482 3917 2304 2826 3532 6120 3404 4341 5598 2247 9258 3244 8513 5969 5939 9763 7955 8227 2609 2602 2720 9173 9859 7435 7122 8222 1174 3528 6526 2239 7521 8486 5995 1848 5069 1121 2071 5863 6021 2452 7675 3850 2585 4823 138 6807 4062 9153 
79 3000 2347 5974 7061 300 7028 9769 8837 567 4147 8843 3760 1312 1434 9265 2899 2705 8042 3832 6743 1590 1317 1499 1036 7487 6705 4943 5746 6710 779 6240 7150 4615 7389 679 3054 5970 6942 8695 1127 3451 8801 5922 374 4263 6818 1386 5716 4887 7980 3805 5714 3952 4190 6026 3402 3227 7168 7586 255 6747 6480 5392 3279 8055 688 2529 5226 5578 1630 5198 7931 6116 1819 7770 8781 6471 4973 5975 301 3186 9667 8202 2872 422 6111 4942 568 5950 6048 6341 125 5274 5787 7885 3025 3877 2353 4208 716 7590 
80 3000 2763 1026 2949 1092 6431 5198 9243 4528 693 2904 3478 8256 9461 5959 1604 5718 4999 6245 2487 4437 2826 8268 1871 5135 9744 9843 9464 8984 4990 902 9163 2974 4511 428 2382 3408 8371 1514 4525 7527 1274 4546 4573 3252 6218 8512 7800 7057 1274 433 1610 9965 9486 2928 4505 1670 1897 9889 8173 2781 3707 297 2705 5196 3544 152 4932 594 5871 2531 9890 7059 6510 5776 5414 3827 1297 9795 9848 4154 7857 504 2887 6315 509 2380 9542 2722 8290 9145 7228 7173 6111 2578 5981 223 9031 9445 1799 2678 
81 3000 9663 6559 3102 7216 8696 3965 326 8136 8554 6245 8637 9227 167 1956 3771 9765 2878 1186 995 8632 7468 1235 7204 6564 2310 431 6131 6522 2643 55 6686 2189 2980 4408 4425 4589 2628 8987 6136 6834 4347 6797 7556 6994 6124 2788 4211 9095 6075 6405 5378 2242 477 2282 1178 7857 4911 9041 2791 5060 8550 6232 5793 4158 1554 9389 6622 8271 5599 3214 2169 3074 7533 2887 2493 4669 6147 3496 6659 5585 2084 7600 1704 8893 860 909 4727 457 9022 6094 8102 9303 3421 4722 7821 6114 3617 7312 4956 9854 
82 3000 7406 1521 252 2511 9470 8450 1837 1972 3158 7080 6067 3014 5386 6830 1488 6429 4664 8238 5926 6270 2250 1775 6701 5218 6426 4774 3971 8085 9903 6488 7192 3428 342 1279 4711 3299 4015 9921 6477 1117 2575 9037 9886 7660 2963 8655 8743 5190 432 7894 5351 9698 4702 8771 5728 1273 9236 8135 7946 2601 3643 7728 3594 5586 9204 2363 2372 6093 7526 6237 9801 6822 2320 7365 8066 8303 4299 137 9982 8018 9210 5998 6079 7646 8986 2266 4821 8433 6020 9055 5945 4692 569 4342 6924 5420 1285 7144 2561 4047 
83 3000 8860 8833 7697 6304 2810 2563 3060 6223 1375 835 4219 256 4543 1175 3686 9518 209 9946 6119 166 3448 4281 6670 1886 8915 2140 2447 4521 6381 497 7104 2814 9375 1644 8556 9280 6968 7629 9817 5199 8674 2811 2969 9744 2476 4546 6248 7220 5979 1996 4260 2438 689 3060 1322 4213 9413 9433 7927 6982 6786 9793 329 550 2927 1106 3264 7965 212 8059 5790 1510 3178 624 244 6825 1553 9736 4341 5154 6403 1103 6383 3717 9415 7142 3603 4203 5295 7032 3626 9393 7297 4907 9060 7909 5875 6154 5212 7078 
84 3000 462 1853 929 3935 4370 1337 2558 4340 2820 2867 1041 226 4089 2452 2127 4968 3795 773 9713 6883 2293 8248 2308 848 5206 8211 2623 8045 7075 8224 287 3835 8139 9509 7685 3754 4233 4508 8925 7632 9821 2562 1925 1839 4144 3728 3631 9660 499 703 8354 9785 8641 8890 9238 2937 310 4578 2847 6612 7886 1252 6879 7953 6162 4025 1011 4746 7248 2198 859 4541 8601 9945 5069 1898 4175 5116 5533 3758 8696 6178 727 2937 5069 7269 2179 9753 4904 1381 4055 1764 2164 1673 5875 1648 9951 898 8357 3190 
85 3000 398 8969 2373 5411 7706 8637 1048 4808 4290 9303 4971 5729 57 8948 533 8868 4812 4196 1395 7886 3781 8494 3075 4157 6268 8422 666 9637 7426 8127 9673 7866 3166 1880 9981 3082 8180 4763 2940 7472 7096 1474 1585 6541 8751 3261 3973 2608 3600 2982 9648 6430 4238 8289 9232 6943 9053 2936 7138 9138 9007 6209 7412 53 7534 493 2696 2896 3569 6946 6320 9295 7700 9314 7513 9659 1449 5863 9749 1686 9668 9437 2204 6976 6069 5640 4353 5779 1879 9149 3682 9866 7614 8144 6525 3529 7984 6867 2033 2696 
86 3000 9916 6308 9264 2181 3711 3009 7395 1052 7321 6004 9061 6132 3746 1871 6826 3615 1569 7919 2765 8816 8602 3497 1185 4040 8667 9428 4462 4576 1499 5564 2005 2823 5767 6472 2349 534 5236 5245 8367 9185 8035 5431 5611 8474 9068 1095 3776 2940 5532 4999 1292 6711 5579 4917 3036 6374 86 8060 1174 1971 7560 3643 9125 6119 2167 3562 8651 1259 4881 1207 70 5025 7763 8393 5600 3742 1365 419 5820 4042 5255 9254 9262 2618 1669 4843 5125 4087 2291 4538 9114 6994 8152 666 2408 7925 2661 6201 3745 3760 
87 3000 7754 8581 4641 2040 3174 1637 7728 9465 8871 5655 8220 8513 531 5557 8500 2190 8228 7210 5839 6895 8201 1861 3232 3424 7756 8692 3367 6084 3294 5511 5709 9941 1464 7551 6720 6196 3439 4412 3199 5672 2318 5113 8741 445 3657 1281 3333 3582 9115 8455 6068 7015 3237 5525 980 7541 3354 2284 6015 937 2610 5116 5118 4207 6116 805 3445 5959 226 8465 5711 4894 4938 9603 7645 6429 9425 6298 587 7448 685 7513 9199 9164 5318 3529 2308 8124 4429 8500 6867 5326 1655 1139 5048 3462 4319 3526 4456 2297 
88 3000 7706 8045 1467 2158 2464 2435 7697 5558 5133 2982 9588 6942 1798 5820 1122 558 4865 6372 9667 6453 2963 6901 4935 4592 3973 2202 1076 7110 1181 3402 1889 8677 2549 9899 9168 4995 3127 9421 4161 9423 573 6205 2162 7720 3809 7311 226 915 4796 7050 8010 6305 3439 9549 1735 6579 5610 9429 1277 7056 4307 617 385 1065 3925 3277 15 3434 7661 8871 4799 2117 8043 3342 2635 7935 578 8421 7399 2450 534 1063 4786 3962 2839 1004 1278 1627 5110 6443 6229 7703 3807 7856 7082 7927 3503 9925 7709 3 
89 3000 9298 1595 9876 230 2335 4264 7834 8241 8460 8087 6029 9882 9996 6408 9948 8202 646 8325 80 2578 3519 9367 9007 5957 2286 307 1618 232 5455 4091 8451 9733 3770 904 2156 2854 746 1346 7085 1793 6314 7743 2006 426 3603 3584 5946 304 8841 1074 7153 4774 4381 6824 5187 1221 4854 5653 6132 1445 6448 2525 943 153 9310 2609 6901 1582 3070 9459 2213 4245 5497 1325 3718 3799 4276 5588 7732 4048 1908 1312 4012 6056 3740 9937 2845 5399 9116 4081 5264 7533 5654 4474 6385 1291 6650 5020 1877 505 
90 3000 1602 5977 7545 3751 9866 5270 2053 2219 7433 7918 2756 5713 6829 3599 4670 6768 143 2329 2558 2897 5182 8276 6151 6964 4743 1685 8479 5678 9022 8947 7345 6215 1137 774 9908 966 5779 8512 401 402 996 8573 970 4079 3086 4994 5640 9750 4634 123 7402 617 5657 3423 8432 703 7884 8408 3426 8342 2160 7702 6071 7804 8969 6221 8627 9043 2093 2486 4650 5565 5383 8050 4826 424 2662 5060 5937 344 758 1943 2953 7966 5649 7209 4246 2218 1747 1389 9928 6812 4294 7094 3317 6864 4895 7193 5529 3638 
91 3000 166 1129 3189 7424 3514 9348 9273 8527 39 5856 7073 6392 4559 8910 7287 6846 2767 9818 8231 7476 5502 9878 9184 1119 6159 5434 6848 7486 1209 1062 4939 2905 3855 876 6906 8197 811 7964 1764 4669 2199 1944 3064 8235 4583 4649 980 1662 7116 3937 7527 4943 820 5622 4897 3791 986 3533 6926 6262 2705 7702 3685 7497 9517 663 9190 2601 5191 1897 2249 7629 8626 383 422 8717 1875 5282 7109 9319 1306 4750 1772 5587 1869 2869 3268 9858 4507 4702 6317 2284 6678 9484 1091 570 6010 1925 5930 7851 
92 3000 7077 1645 3181 8686 1300 734 8161 3177 9980 9432 1250 9221 442 9944 3104 2873 5320 8367 2997 6849 4956 4751 283 7143 2925 1283 8985 7777 4692 8597 5515 3665 9386 206 9509 1618 4706 5057 7794 9459 4941 8223 1478 3272 2133 9704 6163 2769 343 1364 5287 4793 3064 1989 6587 4933 3739 471 1692 7272 9419 7116 8832 2260 7541 3077 8685 2706 5824 7914 3336 7904 5306 5277 8370 5876 6486 6716 8087 3742 8608 3609 3838 6220 2064 7229 5495 2244 3915 6922 6039 9711 6549 6416 9272 8352 9459 8257 661 729 
93 3000 4139 6365 1300 1354 2117 6718 5003 3937 6108 6164 8514 6758 4285 9349 4851 6158 7688 3781 9769 8168 748 3009 1351 8246 4940 7934 2721 9158 5561 6244 7887 6965 1631 9970 700 5150 8921 1168 6952 6861 6107 5735 9583 5284 4043 5333 7027 2138 8169 7454 4673 4296 4034 3603 9455 8534 5949 5605 7570 4396 8768 36 5314 5195 2784 789 3049 7134 1762 9751 2293 6551 4090 5614 5934 5287 7053 808 1569 4188 4239 6560 7971 4722 6066 6080 4678 8727 3433 5864 4707 6281 4498 5131 394 1698 4580 3385 2362 7649 
94 3000 9186 6090 1603 7411 165 8487 4704 5233 4984 7522 2176 4838 9131 1910 9926 6036 1641 311 3845 9481 3751 7646 7520 9531 673 9527 3079 5252 6501 4816 5151 9536 2236 6307 7958 6346 6939 9538 5532 6091 2007 9724 5050 9116 8577 6813 3302 7331 8053 8670 6282 3949 5758 2389 1898 1362 7711 3723 5818 7138 529 4643 430 8136 4458 9026 6934 2761 9519 6455 557 1325 4790 4162 8892 4554 809 7080 3363 198 5097 6030 3816 7786 813 4026 6230 1492 8533 715 3564 1134 1148 4928 9714 1292 1897 5369 6608 8558 
95 3000 5513 9422 4418 6904 2506 83 4904 1178 6560 1022 7873 8728 5067 9763 772 9145 2773 8994 1405 2136 8558 6002 3767 3519 5340 230 7015 9346 3098 8961 7554 8144 5029 1125 4254 1294 6822 9236 6787 1520 9063 9450 7095 9515 2760 9743 3978 8683 7996 6228 810 8013 5708 7583 6379 3074 2586 7610 8848 5138 9105 5923 2850 8421 673 6749 9702 5461 1909 5869 741 608 4049 5673 3792 1649 5469 8343 2759 9552 5338 7164 336 6338 400 5955 3850 1078 4870 6629 4226 4011 3464 4879 8072 8795 7553 3980 2902 2873 
96 3000 4437 6730 5468 5971 9751 5503 3229 6722 2989 436 8941 7406 6158 5737 8370 6828 5557 4116 1133 1309 6674 9348 4662 3808 2220 6952 1296 1170 3277 3004 8492 9496 3577 1066 2169 7640 6902 7250 3169 8826 7616 3395 6850 402 4313 8382 5801 1701 6596 7565 5678 47 4980 326 4172 4868 3917 5765 3098 9949 7952 6505 3611 3798 997 627 4545 8142 8734 1724 3875 4554 4145 7093 3314 9191 6160 4036 6018 5673 1439 4299 7436 6071 9271 6624 9267 35 9601 7441 6554 2038 4185 9671 7898 6744 867 9659 8798 2508 
97 3000 979 2237 8113 2996 9870 3903 7657 6930 557 4134 4910 5960 505 4816 8858 660 1529 7803 8962 4650 2816 604 7241 6840 7085 185 3491 1802 9859 4911 3628 8266 1870 4598 1144 5744 4586 8698 1706 9272 8860 2612 864 2280 6715 2115 4897 7595 6236 5924 4770 6555 9607 6375 3234 6260 4257 8234 5030 4938 7141 5631 237 5447 2139 7118 733 6891 588 8852 9787 4371 4929 5904 4771 6850 5487 1694 3002 3154 375 5547 706 6092 8519 8378 5110 4702 5810 6503 9652 4620 4383 3568 2326 6579 5019 608 7144 3028 
98 3000 2671 4236 8727 2882 5119 2947 18 4385 4742 1550 3125 6116 3429 3732 3283 6102 597 2737 5944 9070 4351 178 6996 1814 5756 2968 6096 6691 6242 8378 3140 3247 8131 7225 7851 7959 8288 5175 2494 2104 4900 2181 7717 7761 7379 40 1514 1928 9387 8074 1314 8769 4988 6945 9201 9986 7930 581 248 3313 4041 6239 3984 9140 6761 2691 8985 5256 5794 6526 588 9722 8881 6587 1730 1868 6709 6532 6913 1411 932 5513 9295 5703 5328 6988 906 5105 73 5653 5984 6475 9147 2502 7441 4798 858 8008 6457 2928 
99 3000 1494 3433 5189 9457 2105 264 2614 4716 8400 7768 3494 4892 3778 8676 464 4277 5478 2994 9250 5635 3857 9934 7004 8705 4794 7976 3775 6814 5215 3047 7092 1629 1746 4833 9685 6026 2492 1211 321 5085 1936 808 7770 5215 8970 3686 7896 1394 8046 147 3870 2546 3451 7672 9510 5033 6714 5973 5748 4278 7128 184 216 4513 5407 2162 9964 6644 461 9926 7301 4254 9298 5214 8756 7720 53 9166 7168 6459 8139 6134 6906 9302 5525 5613 2203 2988 3139 2303 8624 8784 6391 4290 7655 7235 3834 9354 4417 1030 
100 3000 8932 9406 8507 6002 4969 3046 7964 249 3071 6241 6356 1376 3365 1140 2997 1871 9249 3008 6285 2599 4801 5277 168 4422 5301 2738 3736 7948 885 2845 3930 1399 3326 5151 1389 6609 5931 8864 9409 3144 6570 8531 6037 549 3831 7851 9281 8720 6293 1602 5455 6396 4933 5704 643 7785 8650 5402 5284 7308 2918 1572 1894 2469 1562 5158 5899 4853 1667 9728 9605 9247 1594 2162 9285 884 2144 1452 5396 815 827 5645 5916 9408 9268 6897 2812 7964 3735 4654 1627 8468 8789 6968 4196 1456 4061 9924 4486 2015 
