FILE: 3023UnifS.txt
100 100 0 
1 3000 9127 3860 1573 9648 4105 877 2425 3327 2877 3344 7413 669 2823 7938 7202 1106 9121 7488 7473 645 2459 3844 693 6291 9875 8874 1025 8617 8724 3585 2351 2439 3766 5369 9425 5629 7381 3374 2150 6046 2908 1999 2981 6599 1112 2517 7454 8425 9774 2821 7834 2201 6403 5293 9896 7576 4078 2802 2827 732 411 2824 2251 65 9640 9690 6384 9994 7841 4955 5311 2896 1270 5894 3387 9164 7824 2126 4763 5389 1637 355 2043 672 789 7247 8058 1053 8149 422 769 2074 5339 7575 1293 9460 9824 3726 5059 7929 
2 3000 5125 6587 6080 8124 4164 59 4362 1673 5723 5856 6425 4371 4036 3245 8959 7493 1507 6924 5601 7219 4542 3014 6835 2203 2524 3181 3023 9248 9894 6882 555 7120 1372 1737 1126 8478 293 2023 4139 9937 72 5298 2234 245 8798 7143 9938 6599 6943 4039 5442 9073 8207 4357 5506 3179 3478 7483 3485 551 7928 1062 481 7751 1220 6372 9618 3207 856 1816 3451 2266 8635 4545 4486 383 248 206 8837 4427 7988 810 3003 2113 6594 731 3766 9564 2216 823 1225 6992 4500 671 4943 2509 1809 8958 3227 4057 
3 3000 9556 1965 5529 9471 1676 188 7975 4659 5212 3086 2015 9911 8029 1954 6203 4337 9656 914 1097 8417 5251 6043 7287 4695 2688 2612 6550 6579 2775 463 6123 5278 2593 7502 6107 4863 1958 1320 9996 5445 3017 8939 8328 4488 2956 4686 5462 6242 9844 6186 9480 9300 1597 8484 5217 2283 8067 6290 409 7646 6259 4353 4975 3618 8668 5955 3417 4252 4746 9531 345 7614 5489 3418 9134 2093 1157 8725 3700 828 2108 327 3399 4273 2767 5988 1058 878 8714 3609 4127 5897 6899 6595 8954 8324 8984 7353 8191 5948 
4 3000 7802 8914 1316 8541 6954 4679 8291 9161 3520 6287 6337 3591 3899 9615 9836 7896 2775 8898 3357 4103 5204 8974 7812 4016 1834 5655 9730 1144 7240 4226 3661 763 1390 6061 7703 8096 4239 3374 2156 4628 3436 2088 1293 2531 5170 2830 8273 7230 8135 55 3158 8083 614 9289 4070 7190 702 2501 1472 6327 9638 1603 5560 2006 8275 63 6803 8655 6669 2659 9585 9929 6791 3345 8988 8144 8371 1251 693 1835 7860 4800 4005 1439 520 3957 8011 3103 5642 600 850 621 4879 7013 2121 5489 3719 2512 8410 5089 
5 3000 6070 8188 1938 9000 1975 9776 2342 3430 8453 8658 1578 3772 3464 976 1945 5294 2999 4884 7240 1942 1292 5917 7034 3273 4165 486 4076 9521 5487 7500 4818 4772 6769 8114 3070 8277 9876 3597 6775 3886 2868 1329 7910 7602 8961 8924 5521 3273 8626 6474 1865 6391 4792 6921 1694 6032 1196 4551 4657 4914 3842 1619 824 7577 5593 3093 9340 6696 3884 9525 206 7510 1566 8045 9173 386 865 1487 5779 1497 477 5631 4494 1637 5780 4577 9001 3146 2174 4237 9597 4978 1548 3961 3721 5877 1866 6279 9605 5690 
6 3000 9887 4776 3055 4800 6999 84 7348 1683 8189 4005 6264 8591 4129 1760 234 5364 6394 2352 5623 1363 5800 7074 7128 5523 3868 6117 3304 4545 7416 3326 5223 9197 6273 9068 8243 8755 4118 1225 6918 3554 2446 4322 3020 5676 7658 6763 6693 7760 1274 6214 732 9930 3275 3090 7982 4860 8566 2179 1869 953 6568 2388 50 3652 3931 4617 1189 4872 374 7749 4865 559 7651 2777 4592 6376 1640 5047 3978 1508 7558 4630 5996 596 8300 4815 5393 3800 5906 8738 4211 4976 6149 4120 444 7990 6250 6140 9814 1149 
7 3000 5719 8434 672 9761 317 2214 2027 6815 9151 3515 4696 1795 4884 8565 5586 7609 7077 7279 5091 5653 8652 4888 7624 8986 5485 1675 5263 3647 9119 853 4537 8085 2603 4559 6321 718 9458 7974 8867 5614 5768 1572 3955 6306 5392 1486 6172 7718 8306 8011 5311 6229 2066 2219 1903 7856 6402 709 5864 4559 925 8475 8278 8678 5977 9904 6294 5491 6587 7899 1159 3898 9566 1121 9363 5226 3720 9361 6923 169 3189 7040 6784 3840 3914 4824 9343 8959 3225 9375 6105 7160 2559 1220 6457 8425 3294 749 7575 8642 
8 3000 5719 2331 7446 5289 1122 6567 1026 1242 7006 657 9510 6711 5427 6895 2743 9295 4458 9293 4739 2168 2783 8328 2342 387 7408 3807 6994 5324 4503 5872 9645 7230 3366 4112 8775 5910 3512 4815 1552 9539 4890 6339 8102 1592 1221 2605 8919 5906 6462 4720 5387 9857 4399 722 3434 5674 1361 3452 309 9875 2057 6552 4486 816 8543 8582 8690 4384 2313 5269 6048 7802 9510 9876 9370 1561 9272 1701 3546 9482 5190 2695 1080 6897 9902 2211 737 6959 2807 9872 9322 5073 906 6570 6582 1460 2763 3585 3236 1834 
9 3000 5599 9832 2123 6216 5505 7233 2483 5865 781 4210 7356 8335 8405 7311 4115 663 3616 950 8110 675 2635 5283 9452 6419 8502 2204 2914 3724 40 9462 957 1884 3948 2910 9883 7469 13 6878 9111 6252 9451 2663 3582 3275 6372 5159 9285 1028 2369 7592 1909 5760 4233 4403 8620 1909 4795 2233 2966 4667 6887 9054 2900 657 435 1406 1936 6744 2673 9777 3424 6970 1481 2089 7955 7612 1853 5331 3886 364 5485 5293 992 3647 3490 4448 7246 2043 2237 7938 8719 3851 2318 7704 2608 6775 637 4726 3389 1727 
10 3000 5623 9397 2092 4768 5573 17 8709 7157 113 9419 7712 3545 4792 9707 6717 8273 8794 5135 8249 9817 5779 3097 4656 3335 7848 3253 6127 1361 2631 4772 1849 2605 3504 1704 4285 8893 2928 6477 6575 221 8915 1515 3060 7943 4615 8987 2940 6074 1035 8680 7050 730 2873 3989 7759 7681 7489 6043 2001 8039 6991 5950 7425 2062 3452 5167 1674 1093 7248 3997 4786 7614 8523 8210 4722 3431 1782 3789 6020 5984 3600 9801 1568 2780 3468 9394 7511 3949 7755 8916 1276 2932 6794 5164 2723 5285 5107 751 8427 5617 
11 3000 4732 7607 9074 2647 1701 8596 9995 2383 5617 7266 4813 9440 2379 5715 2223 6465 18 591 5894 1699 7659 7214 7496 4662 7618 1818 2851 9958 607 1923 1214 9213 4084 4836 7673 1129 3711 4266 8674 9672 7947 5073 678 377 5760 6138 1936 4783 7472 1360 7391 2992 8717 8779 6706 4353 7536 7816 5416 6267 4591 4651 9207 1128 6503 5714 1313 1373 2319 9310 3052 2671 3098 5363 7471 5230 4633 3286 6126 3232 3282 7980 8984 2389 4940 3951 7452 5627 7127 7562 527 6899 4199 7400 4074 3111 5692 2770 3229 4188 
12 3000 7787 322 7926 1252 7897 8792 1550 2936 2384 1878 2712 9811 7399 9229 155 6949 2844 5574 778 4609 9465 7962 789 7037 9067 1138 9985 9409 7850 1033 9151 2884 2879 6391 590 7790 1669 8514 1772 4929 4904 9129 2116 5016 2274 6388 2887 6235 1441 8988 228 9920 128 8419 1311 4369 1336 9331 3611 6772 1680 8032 7313 3274 2859 9111 839 7156 6242 182 9496 5145 581 4756 7256 1847 2859 3235 1662 2305 2245 2037 1849 2684 7191 838 9700 9078 5643 7946 4121 4446 8383 3797 8448 3666 5491 2573 968 6724 
13 3000 5940 1952 8577 20 304 976 3554 5801 6604 6050 3464 9721 9270 5060 4185 6524 1231 9622 6063 3852 9128 5451 3185 4179 1659 857 5786 4871 1038 3369 5772 6367 7590 4477 5374 8489 7461 2507 8928 4877 3462 3613 7773 5544 9030 901 8281 7563 5323 1677 3008 3875 1429 2811 4974 221 7710 4242 5062 201 2264 591 2545 8458 518 912 8744 1988 7941 6564 3799 9571 5882 7202 6572 9333 538 4901 7681 4425 5044 6406 5643 6834 4685 3494 6157 9319 5237 1480 4506 5465 4432 5830 1084 7870 6551 6911 45 4452 
14 3000 132 2865 1086 2884 8816 596 4345 3150 5308 4902 8431 8231 8470 5714 1574 2913 3534 3467 5904 720 5441 2601 4853 8974 5307 3178 3682 1976 14 629 3133 2317 4924 3626 6210 312 9715 76 8073 1554 7353 1246 9076 2605 6178 4004 909 4798 5115 1196 5884 6174 2023 134 9333 1539 5152 9227 5134 649 7735 2719 4367 4519 5704 3564 7090 9853 8531 4420 7239 1607 3188 6774 660 3671 1242 8183 6256 7675 9067 7647 269 9927 1185 9109 3680 6470 6730 3069 2736 6263 9038 6336 2604 2492 8363 9896 4146 2006 
15 3000 7714 4908 3825 2869 1826 6828 6728 50 9241 7652 2722 9229 7529 6289 5727 8729 1628 7055 6126 9578 5305 6296 6282 3689 5750 7135 9201 173 1287 2339 299 9768 2217 5319 2314 7400 4780 9251 3326 2867 8248 4318 7914 9646 5139 3087 1430 1827 4553 4001 7403 9173 8642 3000 8068 302 2198 3269 8015 3997 5367 3109 968 8639 9489 1932 9688 9762 6065 4383 8998 5744 8842 2584 1940 1611 9035 6509 9045 969 3660 2476 744 6066 7003 9771 2888 5975 5207 5393 5405 2900 3990 6924 4073 6614 9482 3527 5429 7014 
16 3000 2193 5067 4790 4805 4098 9354 7407 310 8857 7521 2745 403 5152 7510 1881 3567 3152 5703 8037 3079 4104 6661 226 8317 3045 999 34 4194 4648 1382 1521 8718 2179 6644 4245 8672 9592 4034 9423 3429 6744 9590 9198 6878 7730 6632 9047 7488 2353 2386 3311 6489 714 2727 3838 4184 922 5053 1771 4376 9937 9278 2444 6933 7536 6956 3410 8469 3401 8526 5595 1152 7333 8682 7574 9641 2593 9871 2974 6138 2370 3913 1003 3578 9365 1747 97 6936 8508 1301 4704 2657 2801 3493 5183 6220 2279 6346 829 7818 
17 3000 6100 7236 6030 6166 7763 3266 9543 440 3445 9757 6895 328 3466 6876 5909 4218 6881 4373 5361 5508 9193 4461 6753 7036 3191 2807 9218 3640 2920 7654 7546 2842 766 7067 3337 3657 7674 4306 9276 3524 6486 1319 6541 3368 8406 365 5324 783 2590 3761 8487 1337 8864 1749 8337 8011 3557 8499 6533 8754 8473 6223 7107 2165 2974 7425 2621 1308 9203 5271 3442 5640 416 2086 146 1070 2451 5974 9043 8145 8318 5564 832 8358 5911 2883 2378 8581 8852 4349 1611 3621 452 9895 5558 6910 802 213 1492 9307 
18 3000 6990 2127 1211 6037 6438 2088 8441 1743 3367 7793 9360 3678 8390 7937 6254 3007 1223 78 4293 4242 6526 6635 1432 2803 2871 9010 1441 700 4825 9835 55 339 8174 3341 4254 6462 8252 3853 4660 6199 1417 2416 1071 7255 9633 1535 1111 4218 8188 8052 2004 2993 6531 4137 5481 3360 2243 6412 5804 9657 8120 3197 920 9589 2392 9879 6739 1164 2060 2411 4534 7747 9365 8932 1471 1248 1373 9511 4260 3428 2694 4021 5931 5333 1317 8134 5739 4853 7582 7441 2189 2405 6262 9701 9192 4743 1783 5209 5336 6891 
19 3000 6563 5292 6296 2199 2474 8935 354 532 5437 7520 7058 4572 3130 7703 8993 4259 5837 2406 6688 9341 402 9940 6644 66 7328 1253 2480 5986 987 5297 9217 2890 2961 2525 679 7865 8508 6516 16 2478 6149 3716 3362 4086 386 1314 6610 5268 7540 3231 5312 1386 4716 4251 7711 6265 1894 2257 890 6004 7142 8609 51 910 4957 6638 914 5555 7731 8266 5251 6960 337 8754 9531 905 7849 9570 6702 6361 6378 9390 1092 8049 7038 3215 6437 7124 3036 9617 7031 9983 9886 6114 2007 5199 8751 2662 2735 8580 
20 3000 2906 3279 3354 6351 7327 5787 4421 6464 1409 9690 9689 8033 4803 2161 6012 8889 6382 2173 6366 1265 6330 2737 6010 5607 1358 1277 1755 2505 3044 8126 4373 2750 9297 3144 4120 5524 8945 471 9390 4700 9454 1388 8492 3284 7766 5324 4552 5967 4261 8969 3543 9813 9853 3522 5434 3063 6198 66 8466 2075 9039 3058 6562 6377 4667 1955 9844 1852 9517 958 8295 2048 2873 6883 8529 7612 2717 5158 3697 3845 4689 3943 6513 6389 4180 6376 5410 5036 1543 947 3810 5659 434 9988 2533 270 9282 6303 5322 5208 
21 3000 5869 7905 7494 7443 5054 892 7721 9013 9608 443 2927 9581 4180 9937 6322 7118 2388 8203 8546 6712 7032 4886 1956 7503 3433 3946 8019 7740 5903 5280 7847 7965 7327 4464 5845 2321 1886 630 6488 7988 890 2456 4227 2738 1747 2294 6513 622 53 8408 9950 5776 4804 5352 9574 4357 6736 2461 1252 4598 9794 477 7215 4996 5718 6290 4703 617 1757 5814 7749 7533 1514 4979 2077 5375 8905 8855 3132 8024 5252 8895 7228 2414 9498 8310 5834 5468 1545 5562 2966 9154 8721 5986 5721 3675 5368 1538 7928 8768 
22 3000 5557 8662 6926 3146 8932 4290 3461 2053 9666 9961 4723 2947 8559 4068 489 9311 8251 2227 2406 2583 1559 5778 6391 2219 2945 8400 8159 3874 3102 862 1877 5708 6675 3891 1936 2826 3094 9169 7861 9833 544 8455 2332 1515 3052 831 2339 1653 704 8071 3460 9953 2982 8139 7261 7104 5231 6810 1826 7966 8248 7416 5406 2873 998 8716 3202 7071 6452 894 7260 8275 553 9679 9504 2350 4307 8589 7887 7125 8995 9307 5666 4323 4513 173 3808 9618 842 2807 6514 824 2631 6854 9874 4199 6915 2855 3641 8879 
23 3000 3957 3246 6139 9439 1208 1473 2283 6575 400 9246 4739 5913 7761 1903 8194 4942 7355 1911 6765 8073 7542 484 4520 9822 577 7331 9137 6121 5316 8525 8675 3747 3060 2503 1481 7887 6520 4181 9215 7814 1906 7207 3003 703 4143 4326 2714 3559 5207 5882 9363 3279 5595 6433 639 4833 8913 9501 9553 7574 9588 443 6223 9675 3712 7444 2769 678 3005 643 1344 2189 1903 9375 5286 6680 7778 7542 3396 4421 4272 7114 7336 8546 7765 9745 2165 8228 6965 6518 9981 9995 5621 5824 6706 7159 8365 9350 1985 7374 
24 3000 9675 6202 2215 8324 5966 5155 6696 1529 806 5019 6909 4277 3250 3138 8916 9685 9314 2011 8893 4883 6558 4037 1776 7319 1803 4387 3042 9198 1969 1999 3612 35 8045 8699 7874 7342 2172 6451 4841 5436 7864 2722 2423 2374 3343 3982 4835 5007 8008 7324 3118 2169 2020 212 8796 5982 9022 8347 652 1290 1976 1670 4631 3220 2127 8477 6864 2865 1096 7668 9827 1087 6092 9119 1609 461 8252 2176 8325 5322 4109 2276 9635 9960 176 5697 7399 4918 668 2423 7457 1433 8337 7143 4526 3992 8437 8376 232 1016 
25 3000 5816 5709 4262 3668 5128 5176 8637 2785 4178 2748 5120 3941 380 5959 5739 628 353 3646 6443 5563 2630 3829 3875 125 3503 9698 5278 1911 5987 3739 1522 420 1906 9980 3253 863 7112 4361 176 6095 9822 3230 3451 6674 2087 9963 1225 9047 4376 9715 7284 1854 3295 2284 2827 365 2426 3113 1370 9036 6291 2408 6778 2198 7443 2385 4408 2858 6681 2640 5396 9638 6386 3648 4051 1832 6992 8381 8388 2590 6572 2056 3780 225 3552 4 9732 7649 2556 3668 9786 9929 3363 4724 4546 9974 3004 7326 7835 2339 
26 3000 974 8480 5967 5163 7570 6534 152 226 5359 7806 2023 1130 3767 1325 2289 9613 6791 1705 2511 9977 3844 141 6 1651 3716 3529 5871 9871 1665 1710 6140 4491 9630 2847 6059 6918 9576 6916 7486 5165 9952 7327 9424 7040 5287 675 1668 1452 8899 4605 1584 7846 8743 3814 4013 3760 6365 4165 4298 511 9001 4941 4432 7001 4788 9210 2342 1651 1104 2323 4287 2460 6034 8538 387 5192 2958 5761 3274 9678 8266 8421 9870 4254 2202 8464 6291 8319 2822 4474 5871 3019 3089 8922 317 53 1086 3533 3986 8609 
27 3000 3357 2785 1287 423 1370 5530 7207 2961 1107 4738 965 727 5781 5369 2790 4700 1673 370 3820 9888 7101 4797 9135 1017 4505 8058 3903 6333 5664 4284 2661 9541 35 832 1717 9863 6222 4895 4677 218 6559 8259 1098 3534 4831 166 8262 7181 7108 8314 6085 5527 5717 7977 5136 627 6325 9253 7797 1026 8158 2431 2537 8696 7340 1492 1311 4092 3355 5725 95 9338 8641 9479 2531 9535 1305 28 6708 2195 958 3572 5066 4798 7683 9355 7418 474 4126 1911 7108 1819 710 1439 283 2820 3972 2294 8301 8918 
28 3000 8032 9611 3253 5193 9180 4052 6620 2666 3593 4674 1047 2741 8173 9926 5247 9759 4512 6772 2027 1680 5984 7937 9441 8896 7956 7276 5070 1162 1132 3268 3419 2655 8016 646 6448 5156 2500 133 7225 9362 2582 6318 6700 4317 6204 3654 3610 4972 218 572 7507 7868 2474 1736 4906 4944 7036 8407 8567 5471 2523 6944 9897 6110 3572 5421 4474 9100 5429 8375 701 8558 1662 9679 1585 4920 5004 3535 9637 7498 1315 3595 4902 5162 6673 211 6108 5147 7588 5801 4945 9993 4345 8351 3469 2597 7464 3028 4626 9398 
29 3000 7292 1934 5906 1690 6722 1973 6123 5049 7023 849 5312 6897 6817 1183 7759 2183 4157 2766 8156 7192 1752 2924 874 1478 5299 5017 2366 7924 4954 5058 6699 924 9916 6462 4199 2693 6149 2917 3234 7701 7213 9374 5115 5230 8236 1179 2122 56 3002 1307 8657 1264 4165 5743 5522 9173 6587 6972 7321 402 3806 5604 2987 1050 7627 116 9435 8004 832 4727 8337 8376 3024 5392 6030 7057 9588 3923 6535 2404 3785 237 7718 48 1966 2724 561 4826 1909 6746 1567 842 4285 1257 8287 9649 7251 3548 7973 6558 
30 3000 4161 2120 9354 5070 4407 7680 7539 9438 7385 2258 2045 5348 9582 6460 7947 8729 4795 4834 160 2685 7467 9368 835 2555 9154 1109 9892 9095 8114 9914 8670 9789 2024 2314 6703 8282 3815 7518 1624 1935 641 1526 2195 7514 5968 9382 4451 4995 4789 5541 989 9499 1961 2367 3358 1351 3676 6753 7598 4260 2043 4867 2883 1635 2809 5025 3304 1009 6197 8685 2769 6607 870 9567 3030 22 1020 905 4838 9029 6587 810 2217 4515 6594 5772 9869 5540 5615 2278 3700 2518 3363 6562 4470 8530 7406 2470 4578 8751 
31 3000 9006 7460 7955 8016 2085 6725 3096 6498 5315 5435 9215 3518 7329 9109 5516 9482 5067 2113 3600 5933 5235 4279 2992 3742 8901 5653 9789 9409 9202 9365 8444 9505 2192 2624 6664 3222 801 5841 3438 3063 1927 9876 190 3648 6652 1404 5055 8647 3579 6419 284 5841 5300 1846 2769 304 7982 5294 7696 5709 4087 2927 5323 3768 8207 5454 880 1785 6031 2257 7600 8340 6435 3632 2869 7102 6696 1163 7503 8759 834 6219 8152 1075 1073 6570 2827 7078 2434 1141 9549 1365 449 2874 8133 4540 2001 9731 5084 5766 
32 3000 9288 3814 1627 3453 6912 8607 4861 4069 2099 4352 2031 9065 8031 1542 7938 9944 318 2545 5460 1436 6582 1346 9206 2813 9178 1421 2296 7318 1027 1734 6259 9725 4586 854 4065 2025 3937 9206 6272 7231 0 9437 309 1314 8872 4919 2874 3259 3298 6361 5463 3252 7253 6564 3024 8988 3660 3287 5731 100 5234 242 3888 724 8439 6219 5957 179 585 2332 9710 1777 37 7387 6506 9753 9559 1378 8691 4331 2778 7111 131 4900 3771 9951 9860 1325 9786 5686 8858 3384 7075 6534 9953 8322 9861 5252 850 6538 
33 3000 2432 7391 284 5390 4349 1666 7292 1132 8791 8448 3623 8971 4020 6386 9260 1250 7965 7159 1072 3760 5944 8338 4596 168 1500 4389 8936 4581 365 5793 4788 2224 7554 6287 5599 8256 7575 8243 1838 4697 7772 6159 8403 5488 4789 8278 5143 9678 4160 6343 517 2729 3023 3457 8367 5951 5960 88 7819 4060 3965 8184 6316 862 6527 3424 5763 3062 6853 5584 1813 2197 201 7040 6261 4694 5348 9380 2576 56 9182 8158 4553 7168 4411 5761 8089 8730 408 2408 6086 3820 7174 5268 6478 8573 2429 5705 3385 4992 
34 3000 1822 4656 1387 7880 2279 6120 2932 9899 8461 8781 8854 4757 2357 5757 2037 8511 5996 2468 4183 9004 7293 2631 5718 3423 9007 2385 8820 3982 834 2536 3571 1732 4622 8926 7231 8493 2709 929 6646 6914 9392 8075 3772 8654 5511 4796 4327 694 6169 3292 9568 9770 1568 4534 1198 4927 977 7379 9387 8210 9819 5821 3928 3468 9889 4360 8513 3286 2691 1496 8138 4048 5904 1354 9624 9120 2971 3428 5279 154 5816 452 9665 6526 682 4397 9509 2895 7097 590 6724 4882 9961 9964 4565 2885 4764 9425 6905 4006 
35 3000 5926 350 638 2114 8261 5208 1206 6028 1563 2308 1252 5824 8328 8664 2394 7271 4589 999 132 4386 3881 4861 1875 120 4334 1869 8088 5168 8885 5088 6575 4900 8616 2520 9880 4420 9226 8731 5813 1751 613 4589 1102 9142 9592 5145 8173 2502 5737 5620 5051 8960 344 5533 8385 2547 8517 941 9605 8004 4390 4816 4194 2718 9462 5537 4096 6779 4064 3513 3238 1163 1946 5927 6187 4043 7998 9612 9924 5219 9080 2040 8747 8680 7997 448 2300 3286 584 9084 6723 1578 5918 4576 8932 6707 9664 9429 4018 7499 
36 3000 537 3646 5779 1636 9891 4476 366 6961 4433 4281 3066 917 2068 6536 8204 8104 857 9948 2164 5961 1112 702 9550 8575 608 2834 2458 8615 2925 6725 2879 7393 8910 5723 8228 3043 1271 889 9994 6833 2287 3870 5520 7597 4651 7889 2903 4295 5435 6874 9022 6694 3177 2699 694 4181 8098 557 8943 2691 5445 2454 6412 9770 1947 8835 7881 7758 5415 8322 3929 5094 7449 5594 7704 5755 9282 7378 4826 6811 746 6569 6420 4108 2355 4481 5261 6081 528 1212 5057 5681 5925 4147 2848 441 4910 4573 4534 653 
37 3000 4147 2428 3530 5680 8306 9172 2539 8390 912 8782 8457 7714 8303 6874 401 9327 6722 7950 859 4461 2535 766 9969 6835 5566 1832 2920 7716 5564 7030 481 9101 1794 1362 2653 5026 5748 6819 5445 1000 6991 8380 778 1564 2120 8131 9512 5974 6855 7512 7596 2007 1259 7686 5349 7901 8071 8039 9860 2407 4173 2798 516 2976 5182 5778 7655 2068 3164 3253 4342 1583 7471 4953 1271 5423 8710 3182 4796 171 5830 70 8079 3904 6339 2938 5367 3126 9639 7797 9401 7823 3499 968 1936 4651 3638 8830 7395 8241 
38 3000 6441 5690 9650 637 4803 9778 1919 8849 7088 7369 9800 541 9223 5030 7415 7838 9912 9989 6694 9258 8973 8635 9776 9775 8807 3132 4534 8998 8987 6173 3229 7482 3970 3847 4288 1160 3938 6636 7204 3905 8767 8533 566 8208 5110 4295 3211 3993 6617 4807 8499 5546 7272 582 1716 6574 7860 3382 606 3391 5556 5961 9015 6224 6637 9942 3677 8650 2328 1805 4108 5149 7761 7017 5642 6795 4067 2269 5576 5057 3594 5857 2452 3737 8239 6168 8455 9030 923 8309 4946 7702 170 8848 1111 3405 7833 8689 5736 1105 
39 3000 9923 4065 2114 9644 582 5661 6071 2425 9171 5858 7117 6213 480 4107 2722 8080 8075 422 5724 454 758 7006 4850 4305 2157 7989 8373 459 3445 7308 885 9023 9174 4696 3205 6950 6246 9808 5399 3720 5997 4464 2940 5149 9415 3023 5981 5323 5481 874 1756 6656 2629 1064 113 8074 3342 9038 2160 1322 1862 5513 2045 5402 5034 7476 1862 9126 6266 7300 9670 1804 2622 9993 654 2049 5038 8572 1397 4713 1657 7552 7284 5947 4300 4575 3029 6380 8051 148 6328 2430 3974 5523 4636 5741 4953 8685 5068 735 
40 3000 4655 8478 7430 300 9622 6849 366 9599 4486 9221 641 8000 306 2987 5539 9138 6035 4130 8393 9096 3111 1975 7235 2718 3168 2054 6576 8037 8881 7102 2306 8835 7927 6184 9722 5331 73 1936 4683 2984 7398 5937 7883 9430 7627 2206 2255 9538 597 8823 3501 8597 7847 7673 3739 3622 5334 2322 8286 2788 9272 4006 5558 2988 5095 5761 93 5520 9551 4659 8713 9890 5914 2187 9792 5751 2324 2741 5664 2959 3250 244 8146 9755 4086 2896 7197 9077 8860 6044 2687 2992 1074 3178 9306 5255 7674 5049 4587 1990 
41 3000 6133 6921 63 503 4672 3937 5539 6213 5596 4619 6497 7711 1758 2485 4625 9943 6155 5798 1466 5519 4634 5438 5197 4148 1741 895 533 195 9677 4391 1749 8364 395 3127 8841 7508 811 9654 6793 2563 1144 370 7988 4605 6384 2138 7732 9034 878 7034 2904 1883 6046 5220 3738 4254 1222 5938 8721 4870 7617 6628 2625 765 5412 181 7653 6091 3968 305 7724 9049 5171 5024 5869 6950 9893 8294 4761 9401 7583 9758 368 9606 8984 2607 8728 3807 1969 9585 5853 8839 509 7102 757 7816 6761 7488 1608 3936 
42 3000 6284 9357 5003 2418 6377 6109 8373 559 7547 2547 5509 5917 8096 9624 5216 2621 1837 7316 3087 5805 8934 5616 6411 4164 9866 3655 2193 641 2519 6951 8313 1231 2396 2777 7799 1920 5963 3656 6231 3741 7110 8987 2269 5955 6742 4786 1304 7366 5493 1563 2237 5747 9567 310 7378 5405 9702 6630 5477 2861 3260 2976 7875 660 9443 9030 7782 9302 7631 193 2676 7306 8847 4205 9837 9389 348 5900 4992 2775 3341 65 4096 1631 3820 2447 8235 9623 6530 8866 1653 601 2062 2467 2902 7408 7064 9085 9122 8812 
43 3000 7581 749 3442 4566 5520 7295 5508 8591 8240 6118 5135 285 1270 40 9084 3955 4143 3306 966 6378 9364 5707 4266 2484 4501 4827 8501 9162 7398 6408 8488 7199 4515 2855 6759 1331 2393 9848 9076 8435 2245 1096 3091 3830 7669 1203 122 5716 5488 6665 53 7730 9718 4995 9363 9631 8653 1961 2279 6107 5083 6966 5052 3709 9634 6539 3360 5911 7231 5955 2836 6292 6688 8988 2718 9846 3425 5772 2629 2413 5306 8806 2477 8241 1605 7070 5486 5667 5094 8273 4344 929 7258 9225 483 92 6639 4330 6479 9117 
44 3000 296 2209 1584 2038 8395 447 373 7269 1928 8463 4525 2044 3549 8506 7723 4970 1539 4775 3682 6715 6899 669 7304 8812 3562 4153 8950 596 1732 1258 1847 4260 4353 7701 2614 8043 6694 8629 4914 7534 9067 6494 6231 5107 2667 7044 7771 7479 8534 3451 7495 1397 9647 8551 6265 7443 6133 5216 7123 1967 3613 4852 7697 7150 4664 4023 5722 9183 3409 9187 7698 4577 3230 9580 665 4599 7612 8202 7105 7828 4104 941 2971 837 1411 3824 8836 7007 9610 8380 4174 3455 3484 5142 4761 6098 8995 5266 3201 2829 
45 3000 2867 277 2582 4834 5306 9940 3249 6020 5834 8256 2707 577 2261 7586 8653 8657 2770 893 5123 190 1131 2114 1770 6808 5046 4657 6271 1913 7608 8023 9848 8854 1895 2551 5924 7239 8683 2289 1901 7367 7285 5988 4059 2787 9521 6228 5588 981 6798 6662 7734 2177 336 7382 4083 6273 4500 8425 7961 7907 3267 1386 2956 9632 9818 9165 6581 3229 9250 3844 7042 9138 4417 2676 3144 4018 4895 2209 7319 6432 9073 534 1777 653 9363 7654 7783 8599 547 3977 8061 9891 1236 6945 2322 36 8463 5773 5911 6739 
46 3000 5396 4323 1592 4330 2180 2099 4444 6331 9899 3371 9892 6133 7669 4416 4858 5805 2850 8894 2038 3034 4388 1342 7306 6175 9278 8794 239 7439 2155 529 7771 4204 8009 5941 971 8444 8025 537 4942 4287 8546 54 1852 3706 3164 2710 7086 318 7937 9570 8520 1325 9725 3048 8927 7568 7657 3523 1503 1714 7722 4087 8519 4561 479 3417 3098 9475 1904 6769 4120 4947 7349 5102 4244 5275 8634 2321 1068 9378 4262 649 1398 7721 2759 4126 8657 7383 9137 225 3409 5233 4488 9602 7012 9244 8693 3966 8394 7923 
47 3000 6268 2075 3960 7869 5322 3856 613 9463 9654 2653 1911 669 3963 5598 7342 8970 2190 2104 4728 1429 8982 491 5751 2871 4281 2728 4606 2190 1041 7306 9778 6784 6067 233 8945 5116 3979 4157 7003 7393 4301 5611 7222 4377 1680 383 5522 4319 9221 7012 7873 8017 4955 8413 825 1999 1426 1619 5161 9833 8411 5652 2671 1559 8754 7523 6057 1248 7333 6348 1959 2688 3151 5599 7109 3189 4551 3471 7607 5518 7552 1379 1323 7958 7319 584 3425 2492 2751 6930 5033 1110 4192 3723 4992 243 4279 2725 4779 3325 
48 3000 1899 3271 6527 1471 9281 9521 4180 2289 2214 5828 7768 6813 3384 235 812 4562 8839 6094 847 6721 7579 1814 3079 7455 4273 8735 7161 3337 5094 7117 7093 909 6689 266 4251 2366 8266 6782 3542 9364 6809 923 2675 4954 5419 1108 4572 3639 4778 6535 2885 9561 7739 1927 658 2805 7042 404 2098 3836 6149 4478 7481 6058 3218 5177 1176 6494 8182 9285 2801 4598 2973 4721 1498 9187 4857 4028 3335 3501 2900 6000 1834 8384 7556 5422 1626 3595 3387 948 5224 7240 4896 1089 2927 3334 5498 8344 5848 7479 
49 3000 9606 1436 2067 677 7847 5689 5906 1262 5401 1525 333 4957 3468 1080 2489 3063 3857 2954 2341 8760 6698 5082 4457 1547 1287 5729 2911 9798 45 2610 9311 1445 5614 138 3946 2787 1068 4795 70 5425 3251 8627 1300 1319 9247 867 2146 5971 5967 7677 1660 9736 2863 25 218 7255 7771 9676 9418 5010 5871 3316 5109 7014 1783 4795 3545 8614 4774 5504 658 8426 7107 2864 4467 8396 5499 6952 598 1981 5712 5245 941 459 271 5493 5427 7361 9301 6710 6929 1031 4491 8304 9289 5309 6187 7313 8472 8342 
50 3000 3606 3784 6843 9512 8173 4265 567 4500 9989 3428 141 8467 7420 3813 4041 7364 9811 3702 5504 7364 3327 3111 2426 2421 9917 7916 394 9954 9404 2095 8834 4658 4701 8101 292 431 148 5360 2833 441 2980 6887 5570 5301 7915 4035 7318 9387 4871 9369 8368 5261 9801 7657 5393 6240 8664 4993 9470 7071 4510 6045 7240 2746 7698 9423 5177 5432 9233 1178 6996 9529 7236 6419 4180 4857 6525 9065 9629 7963 1339 9712 4441 1552 1174 1628 7811 2050 9745 4879 62 5284 7080 8569 8795 293 4735 1216 8166 1262 
51 3000 4131 9247 1289 7575 8020 3618 5765 2007 5075 4558 2331 7027 7606 4447 6640 9233 2397 8804 4163 1910 4673 5413 8215 5715 5191 1569 1108 7485 452 9447 8431 7169 6042 9598 6445 2890 3097 2574 2621 4125 7892 8668 9282 3016 4558 5790 387 3803 921 5463 1431 382 7463 6939 2473 1988 9420 9451 4287 7005 1987 2582 7640 4902 8667 4760 5696 6284 2729 9879 9542 1084 1801 2048 6839 4865 5586 8459 3601 3261 6697 384 9098 4525 4629 2297 3881 225 2842 9119 937 4041 8979 1589 9964 8708 8208 9761 4775 1067 
52 3000 9681 4626 3824 5256 6129 7854 3860 4010 6576 9671 6703 8103 2177 4848 9146 3902 5183 6830 5985 9050 1033 9977 6168 6278 3566 9934 2073 5336 3365 2132 1913 3051 9216 8406 5261 1514 2703 1740 1702 4385 5920 9141 2612 1328 2312 2633 6058 571 640 8380 4830 9586 2070 3929 7586 3901 388 3584 3137 4033 5340 1902 7844 546 9098 5311 6149 7233 5847 1860 4223 2427 4504 9088 6748 8435 4553 19 6816 9093 5013 7288 8959 5455 6529 5380 5298 9596 6582 1006 4825 6548 7834 1599 5800 4361 9590 1932 1281 2284 
53 3000 2389 8868 7779 7071 5717 4227 7031 7420 8850 5785 902 6530 4816 6396 9419 2781 7485 1234 1913 8548 1787 3167 1308 7129 7048 6254 1512 7809 3457 7362 7954 9041 1655 5919 1229 9752 5449 1776 3881 8783 7656 1211 299 2441 9062 1046 9753 187 516 895 2538 8442 8143 3533 9255 2523 1684 3395 3215 6699 5962 3193 5962 2376 5470 8666 5930 4407 2088 1451 217 5521 5922 75 9490 8888 9266 9080 6008 8796 3697 6268 4779 9466 287 8072 7836 1979 2942 3051 1639 9342 4868 3515 7600 9664 8161 5265 5739 7470 
54 3000 6523 5469 1461 3132 1098 8656 5456 430 9441 839 6727 2231 7605 1756 8745 4303 5359 5249 8722 7245 4524 7753 17 6549 439 4921 7662 777 6555 6369 7014 7878 2142 8547 5531 9615 3135 5735 7680 4128 6100 9165 2957 6615 5316 4265 7043 8140 2997 6032 6082 2569 2630 2529 4083 1629 5440 6503 3445 8088 9976 5134 8611 7065 4833 7902 2848 5467 4486 2591 8145 9543 8257 9400 8241 570 2405 3198 4780 8662 5340 3888 6586 4699 5963 4909 2067 394 5132 9853 4742 6469 252 7212 1890 8968 2987 3251 6332 3687 
55 3000 101 3002 1333 8736 7426 9387 8625 5221 6949 460 9563 6054 7026 4784 9404 2883 5723 4922 4704 1154 7282 9061 3848 3295 1709 758 706 21 7490 6810 1402 9772 7431 3249 4226 6266 7621 9466 2653 4190 9525 455 1501 3003 5194 7185 6206 8869 5611 5097 5224 4720 2151 721 5560 8438 1172 6428 1417 9161 1733 3296 5979 1720 6428 2109 6307 9195 5355 2479 1371 3601 3208 87 3201 4693 9483 2060 1162 6905 1829 463 9361 4402 2503 3923 7170 4271 7968 7374 2881 7823 1603 9926 481 30 9542 864 9558 7083 
56 3000 9642 3769 8323 2075 3574 8761 9769 8811 2031 2874 942 3738 3077 8550 5347 6011 3603 261 8476 5668 3924 9251 6456 9943 5489 6416 7831 7700 1725 3291 8462 1991 1996 1176 9555 737 8700 8381 8814 5541 7478 5595 4715 8619 557 9388 3915 7857 3214 3824 1770 1 3365 215 5997 1956 4281 4985 3446 228 428 5671 1 8478 6430 5044 3611 3209 9162 3351 442 7570 2962 8690 4152 3293 7971 5505 8296 751 1599 1206 1849 7143 3117 918 7864 2797 1366 347 5247 5611 5602 6782 3657 3606 9458 8213 1536 5614 
57 3000 8036 575 7262 82 8121 3124 3423 2009 1518 1930 4223 8004 1523 1498 6007 9467 2507 4515 914 3902 2633 9721 3655 4348 9698 7905 1413 6936 93 6026 6876 6576 898 9459 4380 764 5094 2366 9197 1516 9901 6194 9929 5425 8249 6292 4039 1847 3361 6660 6503 9207 6472 2822 1588 9436 7668 2817 7752 527 9850 6323 5674 7217 5825 1905 9405 9801 8520 2382 645 1061 4321 8325 6146 1326 9540 9679 8240 1655 4 5509 8490 5148 3770 1868 4467 6375 6962 7799 9655 8940 2742 9448 6476 1161 3392 2319 2443 9879 
58 3000 5537 1638 9436 2393 8478 852 6106 6517 5661 8252 3405 8765 9264 1714 3231 659 7916 1576 212 3161 7533 1629 6606 9236 5282 8242 328 4530 6676 7605 6102 6183 5785 1101 9740 9759 8574 8806 5543 4309 9374 1102 6829 5550 466 8431 9584 7176 4800 9162 9243 294 1830 5588 586 976 6485 8046 773 5948 1253 7166 5489 6398 1401 4239 8227 9907 3310 9714 2688 511 5944 9821 8306 6882 5437 1314 8907 8636 2809 4343 4479 770 4806 3454 6079 6219 7863 6703 3857 6538 5199 2908 8212 710 7025 7018 4067 2086 
59 3000 3888 3608 8273 3436 3135 8501 133 134 8502 8516 5057 1473 2832 9336 1341 89 3910 1507 65 9527 3432 4554 8124 9922 9090 9235 4378 1806 9795 7904 8931 8044 4008 3014 5532 3892 1209 3733 7103 5181 6489 693 4391 4623 8259 8858 7749 6247 9096 8525 2029 7960 9703 4441 4620 2224 6003 3050 6595 4869 9350 7866 6987 2028 9871 2965 196 5191 2931 4610 6511 4394 8722 998 5768 9521 4977 125 4121 9744 2813 5789 3952 1078 5692 1706 6890 2066 1513 3759 9970 7586 7829 368 4906 787 180 987 498 3144 
60 3000 3565 2724 8153 2647 7028 5086 543 104 1376 2855 3379 3577 13 7077 316 943 2911 4190 978 573 3698 3265 2110 143 9869 1379 1858 3568 6134 7111 7171 6061 873 2165 4323 7313 5734 1111 2575 2806 8343 9264 943 3244 8147 8670 8105 2114 5375 2236 5429 1366 3132 5973 3123 5224 2611 9364 9513 2121 1435 3866 3446 4752 5120 9526 9817 8264 1665 9728 8221 6563 9268 4068 4731 6744 7166 9345 6800 1653 9596 8685 1289 569 2892 8787 5617 8017 5692 5292 2040 692 2285 6282 5057 2528 9070 3898 1929 7875 
61 3000 4148 4091 6339 2811 40 4485 5165 4574 9521 383 8385 9119 4589 8879 2102 6806 8554 1111 4698 6205 1252 2628 6110 6030 7384 1887 235 5199 7985 6874 454 1018 5009 9853 8285 5485 9047 232 5164 9732 164 5562 7340 6573 1868 660 3913 1198 8195 4850 7974 9974 3928 7339 893 7383 7934 711 9714 1077 9630 2545 7687 5065 8574 5170 7918 1022 7177 3525 147 7716 6546 1163 650 8576 5445 4370 5267 7369 2390 4408 5553 2011 860 7893 8057 6498 7635 5283 6725 971 4269 7504 8423 9891 1669 695 1595 8355 
62 3000 7820 9081 8035 6525 8618 5964 7796 2189 1836 2849 7209 1443 4217 6690 42 7500 1686 5256 1774 7625 2690 632 7001 8192 4664 841 9957 7868 3621 9583 8173 8922 6864 4117 9249 6657 8830 1244 760 6972 52 1441 3284 2041 9250 1099 6548 4128 8545 2894 8714 7511 1798 4288 8774 8551 6080 4148 2084 3869 6255 7489 9009 6657 2698 8349 6707 1109 2135 784 4026 4985 1609 7987 9536 288 5567 9539 2679 2079 6075 6775 8045 5404 6162 6281 2778 358 6281 1518 7099 5267 3898 2566 7962 7995 6210 3995 5829 5380 
63 3000 5984 861 4575 789 519 2829 4512 9806 3742 6416 8542 4039 1416 5365 1439 3052 9483 9139 2243 4424 5530 9542 9796 1936 3375 5469 1388 1874 789 5771 4536 7467 326 257 1890 1445 3297 8809 9255 6719 6854 8634 6745 5195 4206 9631 3064 4703 7961 7891 2903 4060 6590 7312 7471 6248 4014 9352 8144 9728 2324 895 3248 7869 7615 249 7953 6512 8956 1267 7310 9648 477 5596 2395 3230 6583 3041 9592 7106 298 67 2991 5075 4726 6420 9918 3076 7640 9869 9590 5492 9203 9082 4884 9584 2801 4617 7247 8053 
64 3000 9010 8047 4723 9718 2687 9207 3100 8332 3187 1560 191 9507 7695 5697 3237 5781 7700 958 9433 9794 8580 5175 9580 5602 2316 2549 4864 8110 3334 9640 6755 626 7471 9490 39 552 4062 3872 8966 3185 1155 3656 6532 3657 3853 7309 6876 6988 5778 7516 811 6274 3659 5924 4474 8994 5050 6015 1108 1444 9167 4098 5958 1294 855 8438 4301 8272 7677 6494 2602 2975 127 294 2785 3801 4974 9933 9639 2006 1722 5188 1345 4890 2204 5271 3129 7104 3295 6694 4037 86 2751 9270 6839 9615 8175 232 1057 1502 
65 3000 9108 6478 9115 5388 2242 4944 5619 6689 9758 1098 9759 6646 796 5565 832 514 6041 8869 6901 3866 5438 4305 6569 7032 9036 8936 3880 7652 944 2715 6349 1364 6432 5728 6112 609 2137 3570 4205 1568 9406 834 7967 9219 763 2739 1566 520 9496 4873 9649 5717 2370 1063 4126 7781 5473 9374 4065 9964 3177 6228 8723 1481 225 8649 3700 1323 6952 4639 213 187 7621 1669 7498 535 1889 3301 8342 4780 9395 3937 7730 1592 7478 1686 4627 332 2015 9364 6874 3612 1386 3612 9225 7978 3562 2145 4488 2717 
66 3000 6325 9120 7811 6793 603 8634 4082 3905 6935 6344 8455 5668 5064 9215 1 2926 6651 3390 8491 5181 1112 185 4292 8156 4585 211 1398 9476 2021 5620 3582 2475 2395 477 3671 8135 7052 9256 5953 5139 1166 3459 1700 8057 8331 6363 7820 3655 8278 5893 8639 5328 7715 5617 799 5658 4288 3865 1288 7099 3676 978 8589 784 9801 4679 6963 3461 8172 3567 3843 2548 2345 8737 371 9320 3520 3533 5044 215 3248 1411 491 6269 9276 1938 3380 677 4510 4916 7440 4469 9105 2624 9619 329 5681 192 9355 4518 
67 3000 7661 4094 984 6942 737 8772 9265 9329 7458 1381 8030 1541 4948 4660 1966 6004 5745 7928 1515 274 1762 6207 899 7711 1384 7462 9276 6295 9675 7982 5018 5555 1723 5867 3109 1632 9104 2654 5675 459 9471 3060 5636 9068 9269 2858 3485 5031 9574 4867 7187 4010 5060 3078 5209 5446 6088 4897 2671 6368 3919 1517 623 3320 9057 6416 8450 2429 2711 1975 9397 7581 1385 4226 9220 6733 4598 5722 7968 6346 5714 6534 4880 3945 5917 3372 6416 8799 1294 6832 7408 733 3055 6764 5338 7061 866 5770 7740 7643 
68 3000 9321 828 2725 8069 7527 3031 2639 970 1824 5467 834 5449 1616 9207 1574 4640 8346 7431 3064 1391 7579 7672 3597 2077 4219 2188 834 8526 849 6458 4210 8084 9197 5803 455 1796 4723 132 2249 716 4336 6812 3 337 7231 1667 6754 3155 8861 8096 6199 9347 8017 4321 3844 5584 7051 8757 1281 1962 5209 3509 3594 7063 5104 5993 9881 1136 2299 8681 6910 7406 8022 6972 5895 1509 5011 5192 2400 9051 6476 709 9365 1288 8186 6184 3257 8940 3689 9938 3349 4119 2647 4453 4124 391 2306 2990 798 960 
69 3000 2080 4333 7977 4975 1272 5666 1430 1962 9907 3562 2996 4388 2705 3112 8607 8339 6162 5164 9443 2331 8772 1698 6207 4243 4364 9319 6532 6378 8565 885 5502 8643 8394 5243 9309 9859 4973 5108 2029 7195 9370 3057 5524 3728 1560 5647 2471 4122 2520 5667 2510 8442 9439 2502 1526 4084 4060 637 4050 5835 4145 6270 8786 4057 8066 2064 7262 993 2515 17 5610 5206 3350 2454 9467 4130 9557 1155 2000 4760 337 4596 5065 2459 5328 3319 3475 7888 7937 3435 2412 2072 1811 8237 7947 9575 422 7952 695 9814 
70 3000 9786 7608 2595 6492 4300 3035 6806 5154 5707 4979 741 8876 5190 1355 2215 2067 8578 7615 8725 2405 4697 5243 9849 900 6826 8378 2778 70 7289 8560 965 256 5175 7600 5902 4051 7170 8577 2024 8863 1527 4960 4737 7594 5153 7850 1568 7452 3828 1356 6444 6882 5540 6090 7094 629 6953 784 5576 2916 2993 2042 1929 8755 9571 2208 952 3383 9411 5361 2104 9816 1027 1440 2535 4536 804 8484 3232 1299 8217 3010 8305 3068 4168 8505 7380 2071 2456 2048 1134 7985 4361 9054 9944 4247 6361 6149 5664 2484 
71 3000 976 2166 6528 5073 724 7260 5178 5825 5219 161 9814 8794 1382 3543 8475 5209 6782 7519 6438 8534 6099 1260 6748 7651 717 2748 3869 8167 1436 6641 460 1853 4314 270 7279 4196 9629 7763 6211 85 3973 2287 6421 7623 5463 6423 3625 55 2082 659 2502 5831 3145 14 2213 6786 3889 8781 5060 4451 3183 3400 8257 4488 4377 3454 8838 9244 9258 790 1681 8439 5144 6764 660 7971 5099 7615 2925 6854 1271 7956 6303 2271 1359 2400 9823 2763 8202 5305 7375 9535 2492 8642 4477 5887 8617 7996 8189 4779 
72 3000 3623 6683 131 4509 9306 7999 2639 2524 7427 5587 8045 7353 8049 1938 1074 8666 1004 5011 4374 5457 483 2975 7171 2353 2750 7085 7040 4048 6983 2676 4814 7861 9238 8284 2606 4419 9537 2893 4966 6467 2087 1305 3155 5800 8617 7636 2547 8325 4843 6938 3160 7238 58 4945 3305 4341 9847 5945 6365 9469 1929 8773 694 8050 5117 935 2652 6791 1413 853 2748 7485 1218 8236 4925 8944 1677 2577 8956 7059 8140 9773 5977 2982 8752 6871 7136 9436 2171 4940 5372 5148 8404 67 314 7407 2773 2478 6313 2749 
73 3000 3009 3783 3592 5764 9458 2348 2524 6033 8430 6793 1032 3179 8659 7608 5119 60 894 6905 2521 4072 611 6285 9481 6583 3860 2836 654 492 6221 3253 2134 5916 4901 6086 7606 3991 3945 2107 7623 8814 2577 2811 2007 7495 6664 7035 5381 8346 3307 5703 5816 7185 8556 4698 6612 1772 8248 5861 1198 4367 1974 6104 1161 2414 167 4666 7397 7350 4319 8479 4391 1535 319 5661 7615 3318 4918 7145 4058 213 5319 6418 5880 211 1894 7396 7185 1213 4019 419 3927 8591 9045 6372 6937 868 4382 8930 8073 3526 
74 3000 2718 4931 9499 946 358 2873 6087 6459 8685 9530 945 534 8756 4705 4069 7085 9014 4095 4120 7905 6125 291 3325 5226 8948 1898 5509 2399 5622 779 7241 2706 3781 7431 2116 6293 3893 4475 8156 5227 5728 8283 8337 6681 7944 8718 4242 4242 804 7012 2837 7345 2016 1756 6374 8831 5698 3025 5420 631 4464 4620 5008 7575 4646 4445 3912 9325 4628 2998 7055 434 6312 9994 1029 8529 9709 9112 2755 619 654 865 1255 7531 1644 3594 2556 6467 5806 2594 7717 1687 3984 7356 3982 3319 4953 6940 9058 4290 
75 3000 8762 3470 8515 5390 3199 3756 6316 8449 3377 9041 8467 7651 4451 2869 9795 8962 7460 7083 3853 7695 8289 5947 5943 4190 9757 8391 9270 7622 6839 8382 4223 7936 4998 3420 770 5906 1654 1161 3993 1316 775 4159 2734 9273 586 2741 1377 4635 4416 6002 4748 4576 4658 926 6143 9264 9861 9630 8480 671 4943 4739 8576 9511 4535 2879 4551 292 9441 6300 6354 4502 6228 2620 9414 1920 9945 2699 1420 49 9961 6632 2224 1669 8927 7872 6864 530 4870 5477 1719 5152 6405 4477 3789 763 1076 4375 3092 9358 
76 3000 6822 5764 8194 7880 6563 5079 4864 4530 5919 7459 7845 3201 4048 7751 5762 6036 7611 9628 9148 4113 7862 2836 1595 6249 863 8563 4031 5940 822 2937 2124 6415 6562 8647 6810 3823 1106 4690 7942 8536 4395 4238 1071 4590 9127 639 7346 7237 9723 1536 6543 8634 4413 1112 3215 1648 455 464 5971 1790 2473 6095 9880 7275 3924 6540 1994 7204 1683 7107 5 7875 3762 2752 4018 7213 151 9075 1457 7333 6776 1436 5091 5219 2598 2209 4185 1535 9820 6146 8780 7561 7231 3878 7092 246 6672 3533 6043 5397 
77 3000 2620 484 4911 8982 4910 5219 2106 6569 4569 9338 5079 883 2785 9671 3339 7488 2994 531 4615 8596 6097 4077 4128 5002 8798 8816 6993 6141 5069 6220 3751 8273 744 5477 9016 792 1226 6356 3256 656 2333 207 7693 4949 4262 9083 2331 1566 8677 2982 7111 8015 8924 5223 6184 8359 3373 5937 5316 8269 1880 3692 2414 8208 5380 5239 1179 4742 8599 3378 7887 9971 5895 2963 1282 9092 222 5013 5613 6075 5223 8968 6781 7479 441 3051 1619 4382 9659 2772 292 2441 2368 7541 1825 73 8356 5424 2757 4766 
78 3000 5419 6004 8918 7514 205 1383 328 5371 2179 5304 9228 2138 709 391 1232 7173 5285 3528 9602 2319 8856 9348 2654 6967 4297 1859 4280 1241 3996 4187 7608 7301 2573 6449 1770 8781 2715 1748 1814 8347 4145 296 1722 3379 5710 1657 571 9782 596 5121 1804 3916 4666 8197 5634 2659 7929 3237 4575 1585 9127 2182 2088 1281 3450 9431 4364 1771 3376 2837 5222 5081 2635 2833 4140 5921 3303 9670 7406 492 6012 8796 2393 3423 3290 4346 4966 2826 6030 767 3 3480 3076 2563 5055 8143 3939 2166 7117 6982 
79 3000 4638 5929 2535 5134 6663 8255 27 8386 9064 3834 6845 6990 3672 8020 8041 7588 3429 5325 8880 3279 3863 6041 360 1797 7668 985 7867 1821 2429 4371 2952 7412 1454 4804 8234 565 7741 4404 5428 1898 1070 6053 6494 9459 8214 8760 7917 5658 6285 1164 8111 2329 9190 3152 7941 3909 7230 5602 4380 8753 9809 8263 7287 8559 1274 5739 9304 5936 9884 1623 8888 80 9895 731 6461 586 6778 9483 3691 9382 5557 4392 5889 786 2277 8689 7540 9690 8588 7069 953 7872 9466 8558 8042 8421 4050 7516 5225 8307 
80 3000 9605 2753 1451 9054 8617 4774 9354 5556 9001 1156 9533 3007 7449 38 7949 1960 5886 1746 6453 1513 1068 8538 6443 614 7290 2474 5638 7497 2232 1413 7980 7238 5918 3135 6662 7444 2811 7585 281 2055 7023 7245 2113 3282 660 5631 2521 1664 5282 3915 4474 4251 6496 5666 2207 916 1670 9728 2995 8783 772 1210 2052 4791 337 612 567 6373 554 1068 6847 268 5482 3717 601 9454 6392 1201 338 8206 8227 9286 3899 5277 9198 6606 2103 5213 3494 2535 5531 7779 7122 3186 4424 5525 6876 5526 1710 9464 
81 3000 2422 9628 9161 2882 1518 9039 6666 3273 8346 9277 4634 2397 4987 4452 9522 4464 6001 2012 2488 2439 6150 5614 1168 2482 1231 6119 4576 6501 2047 717 1137 2839 1491 169 9831 5080 4767 4178 4479 8985 2724 4888 1140 7549 8323 8505 8638 4184 6231 5039 2220 4031 5527 6180 325 3391 5552 1290 4493 7281 4865 1529 2391 5123 3338 2095 3964 4550 7370 2600 710 3339 8226 5564 8088 9471 3501 3036 1043 9312 1713 1341 2655 3925 15 3950 5921 3502 5035 2478 8657 9923 6843 5803 1519 7438 6038 7311 9166 1476 
82 3000 3965 273 4528 5583 6053 1334 6212 6474 8283 2137 9030 7219 6775 9072 7652 8555 502 1142 3378 8316 7132 5962 4049 8989 1995 3880 7065 3406 168 221 5546 8545 1690 5663 7603 7465 9908 4727 8743 9368 2934 2401 7396 7780 8241 8887 3567 6858 375 2472 615 5828 1794 521 152 1540 6835 8602 74 9152 8803 7730 5711 941 184 9737 4106 3233 5990 772 1414 1465 217 2918 3434 3367 5440 3940 9259 269 5525 5157 8051 6538 1472 7435 8949 7135 377 5312 4091 3298 7520 9241 4769 6350 1587 5962 706 9635 
83 3000 3001 6999 2457 8575 5395 5281 6940 8853 195 9885 6084 2723 4340 8913 8607 3444 1118 483 4922 7837 4133 1851 5160 6967 4396 6659 326 4958 536 304 6573 5919 2143 3437 2606 9007 6233 3581 209 1611 6835 4877 7900 656 7708 5958 7703 2043 8181 5944 5054 8204 2118 8560 1828 3783 6 4388 2491 9450 4170 1231 3377 3833 7117 2616 5091 3574 2994 4410 8036 1514 2184 9569 1065 3004 9018 1008 3258 334 2615 2597 8826 5297 846 8282 5138 9867 7426 9332 3870 5012 2128 9709 5288 7625 4123 9564 5646 5585 
84 3000 8441 6860 7715 936 5569 7117 4435 1202 4159 1281 5692 8815 6869 1723 8222 8678 9329 6359 8635 3844 2233 896 9571 9330 6549 9204 8976 4044 1862 1811 2504 850 7839 2523 9042 4749 8817 3174 9369 9185 1519 6492 7927 484 5894 7099 7724 406 9082 631 8365 6837 2503 984 7202 2588 2071 5685 3611 2337 1537 9386 6395 7682 8951 5491 4312 327 6253 5894 9724 3390 1988 8858 5380 838 7143 5006 4313 5043 4119 1442 2872 2468 8812 4001 6870 7473 5833 7617 863 4252 6848 4819 554 6889 2041 2355 8318 7542 
85 3000 4704 5933 1857 2751 8953 3097 5972 7876 567 4222 7474 9648 953 1632 3202 6860 4236 6850 1182 9170 7474 5967 4901 4038 3996 3139 712 1783 9872 2207 8357 8767 3495 6444 4625 8705 8303 6426 124 2096 8615 6028 9188 3783 8597 6544 2899 8637 4351 8937 5246 5364 9131 4203 2396 8442 1683 1875 5102 8173 7708 6639 4223 8876 4454 3082 9386 5187 8428 8560 755 6496 6241 4201 3937 9508 8566 4019 8008 8921 7234 2164 6669 6242 5445 8290 2518 6712 1110 1057 4456 4372 3313 9743 8212 5242 1905 4000 9998 8632 
86 3000 216 1718 3285 6574 894 5023 8703 1383 4873 4400 7074 1337 3461 937 5559 4488 3554 6697 6936 597 5977 3213 2006 1188 6950 8111 5117 7737 2676 9854 2818 7975 7055 614 5633 328 2526 7271 2971 6469 4032 527 1143 2005 6107 2160 4523 5289 3095 388 9820 4345 2487 3373 3486 1934 1384 833 2235 8735 6092 3797 6702 4654 4834 2468 8221 8256 3588 2225 8721 4326 5056 7743 3758 9551 750 5237 8668 6329 6209 2833 7841 4703 9339 9066 7127 2418 1877 9503 9359 3109 3980 1484 3010 2602 1942 6994 3967 3356 
87 3000 9031 3665 436 7015 9459 3890 965 5096 5464 2072 5602 7794 7533 9996 168 919 7736 323 3661 953 6194 8212 8785 8231 666 1069 5598 8256 9267 6411 8292 1126 6307 7870 5098 9097 1255 9309 1309 2264 828 7070 5432 2371 4207 345 8471 4743 1379 9671 6323 8347 4597 3552 5308 3976 2975 3206 823 551 199 5434 9116 9565 5367 3619 2191 7632 6957 6842 5834 7178 9915 7135 766 5243 5869 4847 6920 421 6468 2140 842 7913 9852 4614 6222 2715 235 1050 7543 923 625 1281 6858 9170 8661 2191 3696 2181 
88 3000 5580 1831 8087 8461 8304 1672 6712 4098 4657 6968 2185 4702 1705 5260 5453 5460 7221 2990 1323 9322 4271 255 7115 3307 8935 3669 4439 2939 1142 7366 4096 4804 8636 2118 4110 7236 4069 2584 876 9120 5211 2676 3436 6834 8292 9059 888 9299 4468 2773 2906 1170 9410 8975 3397 4139 6017 4813 7277 6371 259 5422 373 62 140 8045 2451 7125 7787 4276 3366 2995 4668 437 2343 8565 9928 6068 378 241 1857 554 5765 8132 2477 7865 2747 2354 5260 9432 3295 7462 5965 5140 2010 5015 6605 2452 4152 4253 
89 3000 2535 3652 6789 909 2669 1217 3076 4142 2816 1315 9657 1596 2151 5424 7196 2582 2799 79 4021 9388 2552 4741 2910 6713 710 7799 989 9224 7045 683 2760 7242 3888 117 6253 547 1350 8485 2304 315 5657 2330 6957 9174 615 8976 6992 9391 2202 1270 8577 9176 6283 458 9044 7120 9446 7177 1793 4750 2973 579 4319 7215 9923 5574 9365 2095 5352 8205 9198 6330 9651 9142 3010 1287 5011 5301 7450 5933 5012 9595 272 8154 7340 8800 7115 4181 9624 9555 1403 6152 8403 2482 7375 7795 1215 4429 6233 8237 
90 3000 1812 8847 5427 3937 8500 4280 1049 8744 5604 991 3364 2082 8056 5706 5465 5258 9113 4482 5045 5895 1195 3711 9303 492 9849 9233 2971 5106 841 3585 9465 4161 370 1375 5162 7383 8405 2774 6805 4857 5157 5139 2029 210 659 2758 3012 1923 7490 4723 3252 2760 6610 925 7475 7330 6325 6174 4654 7770 4378 2447 4166 7551 3164 9257 5072 3416 8068 2152 8513 5435 8933 9334 3240 5190 4648 6405 4270 2084 860 9238 4658 7773 820 4976 401 8726 9344 1147 8467 6910 9900 2918 7946 8593 4832 8460 4328 1284 
91 3000 8689 2445 6903 8790 4698 7671 9292 4396 4348 4802 3098 2178 112 245 4681 6433 1277 2143 5063 9242 2919 4495 2956 6149 7986 9404 911 9972 2514 7450 4598 2736 3970 6182 5208 5732 2713 6740 4980 7700 6587 8603 5852 1139 8633 2461 1242 6738 7932 1206 945 5938 3565 9058 9166 1611 1709 8809 5669 6874 5848 7195 54 2018 111 8391 9162 9571 5743 5632 7598 7475 690 963 1390 403 2314 3101 4760 9186 3235 3444 28 8373 296 178 642 1918 6648 536 7327 6985 6972 1161 7365 5881 5814 6602 6995 6118 
92 3000 9052 5941 6943 8595 8483 7534 1070 3906 9542 1884 8156 6774 2139 2635 6795 8610 4624 5698 3428 8194 877 6491 3493 489 526 5314 5701 3570 2281 845 9441 3684 403 1758 5307 8433 4293 6473 8749 8084 1207 1025 6849 5002 2094 5061 8228 1207 563 5959 6070 4061 4974 1077 4273 73 3648 8122 6731 6835 3212 3648 9732 3079 60 9674 7487 6861 4946 8433 783 1871 696 5242 8760 1866 3051 9499 3810 3227 4628 3803 9612 5643 2014 1199 2277 923 5977 552 4627 9924 4808 41 3601 7613 786 8781 778 6253 
93 3000 9767 6568 6032 6704 3899 1751 4308 7866 7461 7230 5524 4229 5832 4572 7600 1563 7573 6261 2610 723 9651 6070 6057 9584 5771 7554 9279 3098 7846 671 4974 1481 583 6533 5852 6518 9204 270 6413 5998 277 2032 7850 6274 5688 6107 6078 2943 9728 8167 2880 9659 9309 643 192 5063 7302 6215 7500 7843 9002 9436 2370 9919 1721 6481 4100 7748 7500 3014 495 1762 8948 184 7773 3923 8211 8750 3591 3408 9055 1322 3195 417 2090 2738 8702 8110 3101 8554 1496 2660 4519 1668 7762 1440 6 7069 7134 9331 
94 3000 2176 4701 4474 3155 3427 467 4775 4235 9913 5343 1184 9078 8630 2630 6163 8183 7633 3321 5756 2973 9371 9600 6998 859 7160 6459 8443 8417 4765 1448 3811 2701 9119 2548 8770 675 6163 4159 837 6773 9809 1229 2403 8579 4029 1496 6890 641 8075 5860 8024 6400 4812 6882 2241 8250 2189 5399 4210 5722 7823 5275 5490 1794 6720 6271 6303 7320 2109 5039 442 3595 9412 4247 3291 3033 3329 9822 2984 7978 8056 6322 4677 7638 626 431 7955 3144 7370 2582 7356 730 3508 6703 6026 3045 5867 8087 2493 8589 
95 3000 8716 9388 573 9263 2736 4742 2395 6062 7105 2015 4552 2879 4715 3172 7384 8437 514 2774 7373 6351 2965 4598 2678 3312 8644 6387 1778 5392 9947 2713 5260 2479 5934 5983 713 838 6294 5554 758 3791 8433 4978 4202 529 7690 7378 315 3043 676 8942 6229 1183 1740 541 7469 5842 2559 7480 1604 267 4851 7366 5023 9488 6216 6105 2842 7879 9101 2024 1926 4841 2891 8115 7042 8614 9119 2407 140 8205 9814 6463 2754 3449 8957 2000 1525 3194 7078 5637 6859 1609 8966 1762 4703 2615 4511 3533 1445 2447 
96 3000 2670 1996 1943 337 8553 3331 678 7320 3642 4225 6030 3171 9130 5367 7680 1460 2381 3069 7140 2740 6528 9013 1403 5851 3182 8119 9720 7357 8272 4546 3503 9104 1014 5810 9355 3901 5997 5030 5219 9332 8398 1300 9653 9689 2323 8184 4241 6027 2274 339 9110 4352 7735 8261 1592 1929 886 1153 7992 1713 7449 7924 8499 4909 648 6309 5207 1656 8298 116 3270 9836 3024 4597 5180 2007 5597 9942 8168 460 1401 2902 4730 405 24 6537 6284 1280 7968 8081 9941 6180 4494 4945 8415 9422 584 8834 3043 2225 
97 3000 1032 7994 9941 6517 9659 7584 9281 6873 7651 8171 7694 570 5026 2350 3794 5771 5223 9493 6835 7838 2817 8619 8487 3757 4358 9389 7734 4706 2337 1227 8909 6731 2277 568 2839 9561 2943 6228 1126 3535 9687 2900 3551 4667 911 2774 8597 7824 7657 5285 7105 8039 6320 4985 9048 9942 4491 7535 3438 5319 9921 3830 1349 8798 2607 2242 2070 1653 13 8996 2384 3742 5406 6658 8972 3562 9321 766 3935 6436 4152 4568 3449 818 1867 1896 9546 2732 4846 8163 5010 8323 9848 9484 1408 4548 5099 9921 242 7979 
98 3000 509 6853 7226 1741 1009 4475 9690 565 3019 5418 7101 3980 4035 494 4726 7612 5346 6567 400 2626 7873 2552 4431 3279 1133 3532 2631 2605 5329 3008 2463 6225 6569 3268 2322 4280 5198 3881 3936 1488 7269 8322 7892 5329 9132 8719 2293 2356 5147 8716 4529 2622 8524 4481 6185 2246 5289 3816 1063 4091 1374 3409 6340 6575 2832 4206 6841 607 9173 4903 2443 4639 9835 3570 8602 7857 3769 7396 7 1485 2157 561 7355 8218 4249 229 7253 9785 6330 676 5249 2629 3810 5527 1980 1716 6436 8135 2453 2471 
99 3000 6636 72 8443 831 980 7753 4026 1437 4772 7181 4226 3934 9765 6816 6796 7412 5000 8576 7119 2957 770 6955 6234 4343 5712 6267 1992 6834 7020 6021 3328 4119 3788 4417 7669 3374 3468 9964 1458 8441 1467 1227 3807 1140 3860 4700 3273 701 3228 802 7764 1323 7622 7995 7563 7856 2657 5033 1482 9612 6724 1332 6137 2300 9329 5468 8354 8077 2562 1793 695 3743 5681 5188 107 7038 2831 3929 9706 1085 3884 684 3672 6942 8400 1637 5281 4290 2721 3729 8057 238 185 34 48 6261 4463 3252 1230 3253 
100 3000 6027 7333 4030 4715 1740 7220 6985 8064 7567 6720 1514 4061 4419 4504 1823 4376 7117 8223 7932 7269 6481 6759 1826 1397 4542 593 6733 7751 2888 301 9528 9710 4126 3176 6259 1231 6469 7976 797 3152 1455 7790 6618 7627 4785 1039 1702 685 288 595 6562 2915 7011 1029 5395 8274 9434 3977 361 1017 807 1643 8983 761 9622 8414 4676 5664 9195 610 400 3739 385 4355 5437 2281 7433 1569 5290 5429 6926 4096 4715 9853 9890 5942 3873 8555 6999 3652 7601 2808 6921 4807 7825 2214 7780 4637 9077 2887 
