FILE: 323UnifS.txt
100 100 0 
1 3000 7802 1601 1464 8097 6268 1938 2230 6689 8469 9241 9763 2420 656 6326 7571 106 1925 8383 9689 9071 5371 1778 900 8523 2362 993 72 1045 9943 3681 6622 4217 1363 3852 107 367 9729 3177 2939 4435 4781 428 6223 9974 2793 9033 8726 3268 9607 2757 8962 5582 6778 9518 410 3530 855 3312 9852 7570 5782 4279 8839 8629 8428 6881 8280 2846 7234 6214 6160 4444 3997 2441 8373 6728 8767 3349 2695 1201 7877 5034 5867 4817 5095 710 3814 5346 5900 7642 4984 4873 4886 2203 6812 1419 6290 3061 5310 8687 
2 3000 7640 2483 7782 3933 6538 5775 8664 3961 560 8834 8490 9246 280 3836 5978 6179 5429 3041 3251 7437 4168 731 4171 482 5488 3265 5807 4180 4745 7265 3022 3546 2305 5921 6194 2619 5324 3431 2047 5454 2653 7550 7624 5245 2861 286 7373 1573 5389 6695 3360 5771 4827 1827 8613 4427 8319 5776 3585 1003 6088 6866 5743 5576 5085 2963 2284 2718 5775 904 5973 7485 2031 4058 4113 9540 4165 8007 627 5403 5080 4359 1279 8814 9549 2678 2012 9238 6613 545 412 8480 5113 1738 299 5432 2339 2545 9441 8947 
3 3000 5810 6195 394 8833 8174 5416 4469 4973 5236 3122 8816 4573 7111 1217 6647 7534 2502 7533 568 9944 6101 883 9050 5703 9116 4253 6016 6268 2924 6102 3554 8524 5850 9800 7761 778 3065 1187 7706 6885 9619 4255 7517 8489 6589 4956 1602 5396 358 3138 2983 4073 5017 2602 4764 4264 7892 9284 4720 3739 8198 7569 3012 1164 8814 4718 3025 7099 1188 3431 5337 3118 3361 2528 4806 9053 1122 5761 784 8369 2285 8743 458 1656 4091 4011 5317 8255 3735 4205 738 5998 2017 3383 8702 9085 122 6447 3637 4076 
4 3000 9523 6708 1377 4014 5004 1565 1259 671 817 6317 1331 4917 9955 6095 6695 5221 6558 5920 973 4267 1440 8888 895 3700 739 2478 4015 7003 7695 2985 9548 487 7554 8078 2340 2415 5595 7488 9952 246 8281 1810 2881 6010 7536 9443 7893 9798 8149 1642 4495 1392 8303 5707 4518 0 3221 6291 4837 2136 1951 4829 3209 7612 7263 7103 7237 3662 8678 8921 6462 7183 8621 9926 7573 5112 1698 5534 2755 2917 7097 6985 1147 1222 4118 9534 3433 551 822 8756 9559 4199 5812 4978 9572 9231 3133 5843 7585 5598 
5 3000 299 6986 8864 3387 9446 850 47 8191 1612 3616 2482 4605 4134 261 8693 7849 1180 7743 1966 3508 7398 6310 9069 5411 4697 8931 6088 1622 2145 8858 7395 8564 9001 5307 7734 3261 863 7268 7440 3714 8948 5438 775 7394 2493 2280 7396 7864 4284 207 6943 9525 9307 7888 6755 487 6526 4684 2708 3565 3783 3209 3182 5401 5831 6 6150 3710 5479 4365 9391 2647 7874 5248 3835 6311 7905 6353 20 360 725 9298 7691 1757 5406 4925 8506 6644 1718 2737 1883 6339 29 8456 3960 1453 4332 9708 9686 4138 
6 3000 8401 9826 8040 8458 5063 9793 363 8887 8604 8291 1830 6928 298 9890 6035 5857 7053 1357 2711 3600 3194 6087 8564 3724 5365 6661 1241 4560 550 5534 6420 6449 7237 3838 8024 7113 9682 8322 1560 5151 5322 6403 587 1659 5298 9356 6303 9981 8105 3620 259 3571 6374 232 203 1999 6773 2383 9041 5065 3031 1107 6927 5048 2094 9086 6482 7079 3403 2582 1128 7631 1292 1500 6557 1147 519 7569 5319 4781 4920 649 4538 1273 9178 3170 6750 9942 3736 2683 3871 5808 2817 2552 4284 6840 5580 755 3053 9322 
7 3000 394 6822 5267 1358 2245 6893 2502 4482 3258 6901 2410 3414 6354 3880 1436 3925 2025 5399 658 8834 8237 7122 4747 2133 3456 8491 4066 1227 2802 6531 9876 7310 7327 7790 2680 3860 6414 8393 3687 3257 3308 2226 9403 1533 3766 7248 9343 1241 7836 9918 6876 2454 4757 7760 3182 1880 991 46 4351 115 1368 6600 1589 7010 3370 4734 4567 5167 4531 4310 7875 1562 2964 918 623 7291 1012 7188 9148 5440 2030 2224 2856 7080 280 9158 3189 5392 3967 842 5713 7908 1385 3646 5332 6887 194 9402 4628 7808 
8 3000 9830 5454 5330 5991 7022 2848 2897 1345 4451 2637 4238 1238 2527 315 8550 1493 4288 8377 1283 5510 3430 7000 1230 1511 5460 2856 742 7910 1970 6041 9067 6812 8042 5137 8815 5634 2776 391 5550 6847 2939 5030 502 5852 9747 4690 6408 6972 8762 4976 6476 7577 2924 7145 6477 326 8701 1916 9958 3544 5365 1401 6582 9709 7400 9168 3594 2084 21 8418 410 9452 7835 8302 6330 8998 6611 8346 1381 7295 8186 1016 282 9433 8495 2399 9531 6260 8715 1010 7619 9756 9552 4729 8377 6529 8636 5858 7432 9432 
9 3000 1053 4304 1802 7315 2995 8889 2609 2893 8537 6782 922 8742 9543 1059 6716 1421 8686 6385 967 3716 5610 2824 864 5014 6199 7772 8151 9799 4983 6018 590 4270 666 7921 6552 1090 4777 5727 2729 2255 3447 7996 4981 93 2313 2164 2291 6382 4544 5226 3862 9598 1993 2544 9332 284 9476 4780 2107 4550 2172 2958 5834 5690 6155 1642 3986 3931 2038 251 2579 4300 1759 2485 6009 2627 8480 3892 6020 9659 9613 7545 3793 3311 2972 7855 5160 9033 6053 2500 8945 8311 8438 2489 8427 5284 7314 341 5932 1492 
10 3000 6136 6396 546 8745 6395 3248 8957 123 2527 8304 9417 9093 9937 4466 8835 6758 6153 8943 2988 7228 5101 180 9866 1111 4511 2921 6132 7144 6440 1390 6714 1927 928 598 7520 7806 2773 5782 1276 8860 1435 9959 6496 5026 4063 9611 9564 4345 1645 8494 9955 3335 8290 9569 8572 5480 3625 5066 9213 7860 8326 4662 3159 5892 2771 1793 6888 6200 8814 8087 2919 7617 4687 5920 3770 299 3034 9104 9056 2976 2055 1692 5698 8321 9788 4914 1264 6446 1511 2233 434 6526 269 2531 4594 6540 524 1417 4541 1145 
11 3000 4937 659 6335 7675 4266 5746 254 255 396 1567 2889 2055 2490 6224 2357 5653 6266 2963 6642 1540 6403 233 5059 4733 2061 9869 2843 9525 5543 3404 8867 2357 4063 6497 6476 2812 4653 1497 7461 2736 2193 8124 9138 3485 557 2275 4571 1299 6894 2964 5909 790 9032 7376 851 6572 6000 4050 2235 3002 1686 4190 753 2052 1611 1099 794 9307 2832 7735 9404 8082 6971 2397 8378 1673 6365 2531 9478 3724 3343 6666 2765 6725 2631 4473 8074 8636 6879 4946 9594 7625 5310 2711 3590 4948 5502 2463 9239 5940 
12 3000 8285 1520 2597 9136 5775 510 3687 3521 2520 2177 6716 3895 9781 8317 3412 4376 2933 4836 9491 16 1993 4931 4247 6549 5273 403 3265 8262 6154 1087 4262 3990 2994 2412 6054 1240 2149 1085 641 8434 4130 8898 8425 5280 2878 4664 6550 1271 8169 4273 366 2304 1138 8878 8020 5428 2932 1201 8167 1709 6489 9969 816 7237 1441 2472 1289 2236 2138 5246 7315 8316 8802 2881 9243 3844 1806 4956 3381 7439 9073 1096 8464 9593 6608 4159 5239 2415 2144 1540 9185 7508 1927 4607 6350 1959 610 6261 2315 2464 
13 3000 4287 6616 4286 7572 6644 6810 6308 8056 8233 940 7606 5411 8877 6116 4046 8472 3198 648 2731 8166 9268 356 9708 374 386 3000 816 6937 9982 839 5645 4768 9642 1318 4630 3106 263 5872 9260 8881 6329 6865 5426 214 3313 2642 9879 8036 8203 718 9821 5834 3160 9085 5624 7525 2287 5644 6665 3449 1539 5766 295 4489 1747 7974 3923 4322 4767 7752 238 9787 2765 9478 5543 9379 613 6485 1223 9874 1419 9242 8336 1074 5177 1662 5322 8677 550 5539 8849 5274 9765 3104 7776 9468 6646 7709 241 3125 
14 3000 7763 2635 3879 6740 6710 8029 9157 2934 1510 5957 5845 8080 5139 3593 2602 2041 9178 4523 9690 6048 595 8182 4819 8692 1642 7412 2104 48 2886 4144 4161 3919 9358 3207 7322 8207 9835 4264 9969 3410 9237 1867 4007 9244 4159 3643 9445 9388 1520 6603 2118 4353 342 1571 4525 2483 6652 5752 9791 9070 1510 3403 8759 3608 2160 4654 206 5155 6309 2432 4182 5835 9526 7526 8472 2460 5774 1767 8191 6270 1059 9337 8494 810 210 6205 419 7925 6778 7683 9851 1877 6064 4109 9610 1596 1277 4661 4671 1050 
15 3000 2801 9281 496 7739 609 8745 4506 9317 9778 2837 667 8341 9154 6662 7206 5136 3120 5082 7452 8797 6501 5267 3798 6309 2593 7386 4792 9788 4315 3413 5353 1860 8483 4059 111 9150 3218 3834 9870 3909 8468 4226 1198 3755 9662 5013 9144 9547 4491 3698 3076 1380 2805 3063 5646 2708 9642 6855 4880 2588 1382 3596 9393 6051 5024 8514 6730 2599 587 3603 4829 2827 6636 5807 6611 3167 8941 3326 7696 8760 2244 54 7241 4452 5171 8133 1908 3918 8255 8641 2950 6901 5086 397 6429 4590 6594 6894 6554 3115 
16 3000 8447 1364 2147 5163 1580 9953 6232 9731 5847 3035 8750 9992 6798 4645 2398 9293 5583 37 1597 5278 1977 1366 4578 2130 534 1499 8599 944 9862 5947 8283 8226 5031 2926 7088 2508 3092 1537 1887 9101 1738 8077 696 2959 1073 472 3500 9682 8523 836 6229 4631 6854 6153 7842 180 5333 7089 542 1080 4000 4922 3120 7962 1071 6601 7414 8955 3469 7933 7903 9432 472 4887 4421 9880 490 3031 7996 1898 972 5089 9816 2320 1430 6626 3316 5455 9591 9853 9397 3464 675 5565 4764 4853 9801 3199 3389 1096 
17 3000 7506 9013 1105 1378 8406 2401 3315 5469 2968 321 5839 4721 2414 9859 8871 1185 6750 8907 4077 4860 5915 4975 4803 9063 4060 2126 9418 3928 6951 6030 7778 8021 2496 7150 820 8092 4397 2053 3267 6945 8926 2840 9479 9430 4831 4704 2410 6568 6359 1619 5701 7798 9413 142 8897 1344 823 1352 5781 2715 755 905 5844 1323 8236 7218 8873 5231 9803 7781 2664 4023 1286 3585 3867 9803 2705 1686 1944 6312 6303 5886 6265 6175 7691 5539 6320 6275 134 2492 5057 1245 1945 6134 5351 5094 7019 6590 9591 947 
18 3000 8482 6019 2397 8922 5466 8055 6455 2122 3020 5366 1489 758 5125 5330 6345 4394 859 3852 4209 2320 3664 7292 945 2046 3754 2529 6562 5925 3642 5137 9801 5895 6790 5702 5852 6356 9388 4249 7194 5164 5256 2803 7557 2747 3872 6075 9016 9360 1522 265 2203 448 5582 3 9647 149 1913 3399 2241 2908 5398 5235 8828 3229 3585 8267 8920 3545 3470 2663 8534 209 1397 3559 9162 7622 6087 6743 9855 477 4789 2465 2441 4126 2558 7370 9865 3081 4656 4555 7651 7635 2083 1755 8498 8605 225 7649 9988 203 
19 3000 632 6296 5428 1036 5925 9693 7819 3225 7816 8458 6938 9649 8266 638 9562 9319 3762 8643 2798 873 2715 4308 557 4199 5992 2071 3138 175 567 283 9945 8548 6295 646 5327 3925 5822 5767 7540 9897 7603 4843 842 1280 2062 7468 703 4495 864 5570 2149 6054 9322 3468 1222 9189 1920 6055 9574 8594 968 5105 2181 3297 8379 3712 8180 7655 571 8841 4839 479 6494 2020 4642 2276 8783 8141 5505 621 8034 2399 4118 3653 209 5346 2409 1700 7161 6081 7132 7017 286 3551 2583 1666 7303 5990 6441 3505 
20 3000 2155 8476 8731 315 8034 8613 3914 2040 3537 343 6105 1163 1942 5877 7408 1200 3609 5753 9383 3321 1510 7022 7638 1098 9878 9556 9541 3373 5988 480 5059 5255 5055 6731 728 7245 8267 5745 6735 2476 3932 4260 7142 2088 1758 5252 3218 8723 255 2998 9907 8146 7263 6251 5419 8991 3602 9555 3942 633 9852 2679 1487 9184 6254 8169 4844 1612 5738 7039 3682 7989 74 2576 5755 1863 9151 2274 5250 8752 3379 7892 4244 2765 9214 3641 7300 1350 7815 2485 9177 8165 6817 585 5674 4071 5235 9848 7593 6257 
21 3000 1493 8618 7829 5483 4572 478 1583 1455 8292 1189 9706 6316 8713 3747 5159 6271 4658 1564 2607 1330 1375 9781 1133 3184 7302 4696 73 1195 3980 1331 7990 6522 9076 9105 4754 4363 2533 5651 6764 4331 5851 8747 5286 8945 4489 6372 7915 255 3391 4895 3168 4585 5638 5377 8198 5408 4227 8011 9635 4336 6972 4676 7546 248 4532 9622 2532 6532 1563 8280 5937 6457 997 4194 3192 6668 1441 4078 275 8809 7707 1006 3308 9270 4463 5711 1263 7053 3012 6028 1810 9773 1192 4446 276 7778 6406 3794 1739 6395 
22 3000 1772 1052 6240 6300 5401 9279 7124 2014 2800 7676 2504 8526 2400 9769 9852 6038 4206 9717 3715 2836 1576 6743 6550 6285 6123 7699 2694 1954 5743 7743 5453 857 5765 9151 7313 4827 3231 8250 3285 12 4299 476 7365 8496 4767 3559 2129 8044 3726 8831 1443 9973 341 657 6306 5152 3748 3998 3814 8117 6088 92 9249 9321 8650 263 1294 5505 1160 7855 374 8193 4171 8289 121 312 4601 7248 1963 942 4379 6988 2836 8183 2225 766 6030 153 8550 5402 5148 4109 3485 1964 1202 3692 8036 4574 2821 4300 
23 3000 8355 7342 9594 6584 3147 9424 8537 8065 4198 8210 3680 2887 24 624 8782 9681 2649 2568 3171 7567 7509 6472 712 271 6481 6983 1890 8374 4029 4770 9033 9680 6487 8459 4646 7716 4461 4694 2876 8348 8353 6316 4108 4532 7017 8675 2670 9184 9532 4062 7683 6174 110 4269 7017 9446 6119 1271 4389 272 9236 6035 9569 2611 9726 5455 1730 6617 3844 7408 5902 251 4361 3941 2571 9033 4215 2576 389 3910 3295 5746 2015 7252 8334 8353 3079 6976 5944 3451 4274 8789 8765 6056 6568 6560 4743 5076 9548 817 
24 3000 9530 3377 2878 5367 2016 5957 897 2043 2977 6263 328 3574 6857 618 1119 4582 6664 785 410 702 2002 4647 9622 5830 224 5017 4668 7494 706 6572 9300 346 2250 911 1568 7788 3613 9738 3411 1717 7160 6170 3374 394 5638 4175 2446 4441 2082 6124 3025 965 2838 8481 1009 5800 3720 5605 1009 3879 9286 1691 4690 7732 5236 822 2236 4105 3948 5156 6940 8709 3121 1235 2917 9086 7559 4416 5947 5611 4070 1433 7437 609 9496 1076 1511 5602 1860 3005 5227 6682 4652 4679 1916 8005 4222 6419 7645 3410 
25 3000 315 4585 809 6173 9717 2892 4846 6867 3039 1839 4074 9370 4612 6271 2659 4974 5521 1056 6704 4642 9752 4903 9463 9371 3475 2287 9681 8694 7440 3512 3059 7296 2509 2897 6846 9763 8307 5076 7549 3455 4998 9442 1778 9496 8189 2698 206 1902 6958 9544 4665 4822 5004 1483 8355 7912 4925 3760 9186 9828 5622 414 6243 9853 2826 7466 9376 7635 2747 4225 1915 1065 8856 2724 6509 2271 1784 5276 4091 1736 2352 162 5970 548 7722 5433 9042 771 671 848 4131 3938 2001 7934 7458 7673 6059 8164 5224 442 
26 3000 9394 9272 1332 4415 2533 9681 8219 6472 4880 1065 828 7316 2749 9034 3695 8724 513 1936 1162 8916 4884 7799 719 6051 2309 9382 9470 9849 9505 7365 3719 1338 7107 1653 1689 722 6448 812 9359 3380 9458 9626 9430 3986 1692 4782 3415 8754 8487 8680 6853 5813 4232 1360 7650 3697 4778 570 7541 7972 2957 9942 6685 5978 7243 5305 1375 9702 3523 9115 4881 6773 1 3018 1412 9586 5227 8531 3208 2543 9249 5848 756 7430 7887 780 6125 6907 141 9807 9436 6134 8711 3268 8449 2516 3659 6662 1279 3571 
27 3000 9176 89 2235 2931 3492 5804 786 4458 1899 3902 3650 4494 2908 6128 8 2232 7519 7806 9845 8208 1630 7905 5417 927 1562 7215 5836 1606 2712 4660 4788 7048 1327 1730 1372 633 9412 5042 4066 1444 2753 7019 7815 1512 2070 4703 4247 1187 7296 6688 5013 2630 4978 8174 8250 1442 8805 4157 8174 6404 3260 735 7793 7348 398 4538 4745 1158 9746 294 267 5886 1333 6505 1282 3002 1843 9261 5614 7761 3889 4172 328 7703 8417 6424 3197 9272 234 8968 7288 2562 6661 8822 8681 4188 9306 1510 7303 8286 
28 3000 8974 3620 902 5626 3685 3483 2125 867 9835 9987 8745 7922 6468 9507 6993 3456 2680 967 8022 8508 8145 9019 7505 8235 6771 5357 8341 9786 3473 8145 6499 8296 4079 9581 9983 1006 8354 1576 922 9512 6153 9565 781 136 6703 4441 8707 2418 998 2611 2989 5741 7332 4184 5651 4078 9949 9275 162 8858 819 2440 2283 9967 4544 5237 4026 4867 6383 6907 748 5842 3405 3182 1360 5370 8764 3221 1673 9618 9105 4669 862 65 5091 6837 1051 3245 5051 2012 32 8620 1762 4894 7106 4579 2351 149 2044 2551 
29 3000 1319 8099 7179 9260 6697 8523 2619 7090 9320 2597 4592 2586 5233 2951 6903 3070 1216 1849 5532 1390 3435 7503 6341 8791 9224 8504 5921 5910 1983 6378 5551 1900 9207 6275 8291 1670 3638 5774 9199 1264 7542 1816 8664 1351 114 5766 8878 8848 8002 6595 3420 6667 8959 2185 9977 1585 8624 8768 6177 241 422 8483 8559 3255 8590 5058 4662 7478 4334 7619 8238 6359 5100 2626 7592 8442 6981 3927 7049 3992 244 947 1542 9731 7979 4992 4328 1721 7882 3685 7826 6350 7150 3526 7583 9459 515 572 9366 3587 
30 3000 1393 9246 9373 3340 6163 9275 7575 8889 1566 743 4180 7592 5237 7278 9223 3736 9354 7359 5283 6415 7417 3753 3319 5517 4149 1067 1637 5854 8525 1439 7981 9402 9923 8339 4745 5675 7401 8511 7316 221 2101 2024 5535 1241 2776 461 8290 4337 4441 3224 1231 5383 151 1970 7607 1521 5903 3167 2234 280 8667 8782 8582 6827 7531 5084 8992 9331 7985 9582 8015 2467 9319 6082 8877 9030 5156 7870 3069 9687 7097 9021 3061 843 1502 3833 8142 641 9394 4386 3388 3081 9484 6224 1745 266 4324 2166 9252 2775 
31 3000 9583 4237 3374 8156 6453 3727 4471 7552 7172 9377 386 441 3679 3685 4160 7512 9391 7341 4875 1657 4104 1784 1612 7097 2022 9889 547 6624 2910 4772 5164 6972 6367 6723 9593 2319 9235 8269 5079 5898 6119 7355 9567 9754 3045 8652 419 2605 4237 2992 257 5848 2015 4923 5920 7671 9826 8400 564 5304 8396 585 8866 5391 5006 3788 5375 2483 5896 5520 5966 5660 1791 6679 2438 3279 6553 7859 226 5841 8961 3783 9238 6993 7610 5863 7827 2644 8941 2879 9871 8212 8390 9793 4998 3998 4670 4681 1919 8679 
32 3000 7170 3788 4895 930 6484 4719 3326 9170 8060 7739 4468 9436 8983 5214 9271 1372 7872 9164 1344 2358 7910 6949 9046 9751 2999 5080 699 1259 7029 1149 2928 3435 6290 3886 2130 8299 4992 1350 9057 8083 3923 7230 6535 8106 2221 5282 306 7763 2282 1886 2987 9655 7781 6734 1164 6826 4830 1633 5605 8142 6253 7440 4603 1781 8986 9124 434 6859 4611 8945 8956 3171 2999 7766 2316 9068 9097 4484 4795 7447 2823 3592 1769 9876 2097 857 1802 8841 8991 7136 1858 8113 9011 303 5644 1247 3493 5312 5072 8203 
33 3000 5135 2377 4851 89 6647 3283 200 2039 2531 5820 7689 4202 3978 6340 9203 865 6903 441 9035 7701 3090 1776 4094 7139 4474 8986 7252 1861 542 761 3806 6421 8859 9018 1067 6991 8723 216 1074 9237 7941 4787 6438 4307 2729 4691 9304 2961 744 9108 3440 7809 7233 8237 9453 3687 4312 5237 3130 6153 3366 6280 6901 8106 579 8742 4430 4532 5586 7502 8328 5377 3248 9383 995 6543 8558 5707 8584 9008 4666 2982 8093 6070 4029 1706 7574 8724 2694 3303 9478 9153 7696 5182 7121 2349 7588 3922 4267 5865 
34 3000 6091 6575 7850 7677 8873 106 3809 2188 3449 8948 6058 4346 2212 686 8570 1888 8584 9867 594 5716 6290 9932 4998 8388 1767 3276 9728 743 9683 9430 2403 6645 1598 1371 8028 5853 7734 9954 9834 5022 1882 6473 3240 6818 9429 3343 2948 7168 8506 2907 3154 630 4271 4374 890 3890 6309 8873 2486 7379 9158 2641 3166 5026 5962 8326 9753 2122 5252 4426 6518 1323 842 2844 4142 6766 4860 4575 1802 6314 3902 3511 2390 1934 8306 8375 855 8186 4556 2784 5660 8849 807 3426 3380 1662 5543 6375 6412 1202 
35 3000 9347 1519 3815 9872 9809 5122 5278 7030 9551 507 8208 6230 7381 6864 7943 593 2566 6185 1095 6307 2239 8319 2013 4244 1927 4160 2373 9708 9196 6954 3893 308 438 1731 4175 1947 767 2866 5663 2954 7047 9761 7744 6320 4048 653 1951 75 3719 4550 312 5781 7592 1288 6809 5157 2311 9715 1970 4819 8280 3998 587 9157 1446 8061 2548 1328 8198 8138 6810 2379 3393 3459 8484 8489 1513 5062 9052 6346 937 2719 9705 6639 1347 2 7810 5679 4254 7463 6498 5148 6652 3944 7380 9967 7791 6007 6387 4295 
36 3000 9084 5497 2733 5646 7133 5226 1006 7141 9881 2777 6386 7874 5888 2440 2977 1409 6735 5272 5282 2402 2552 7279 2783 1349 669 5725 7663 7454 7391 3565 5642 9625 2908 2005 9944 5598 9313 1184 8385 9181 1761 8984 3590 5625 2744 7961 6329 5120 9491 408 1987 4418 4500 1535 151 6578 9188 779 7323 8835 669 1236 2765 8599 1652 7222 7459 7576 3478 9957 6198 4012 2260 1368 2803 3065 8173 6030 8461 5302 7845 1221 3189 3319 9892 5105 427 6488 3568 3040 4750 3826 542 2016 2707 4996 9799 3209 6790 9422 
37 3000 5671 2666 2520 3539 8986 115 8665 6162 1345 5896 575 1984 2530 6021 6653 3196 1024 5360 7940 9233 7666 8944 831 4646 2432 1404 2919 5096 4332 4526 1951 1478 4439 2936 7929 2166 2045 7910 8313 3382 3932 9305 6372 7696 6779 5620 2641 641 2689 2175 9513 5468 7839 7427 8956 6009 4258 7397 3352 7677 4731 8233 9457 6586 826 6889 5499 6798 4045 9939 1387 5693 102 507 2054 7466 6325 3326 3917 4747 2184 7922 4474 8348 2944 9924 5014 5134 6439 495 6457 4019 2981 3891 8320 87 8378 3149 808 6839 
38 3000 94 3888 25 6561 6526 6249 6320 8824 9399 4952 5745 7104 9303 7475 4649 3525 4339 371 7392 1736 1897 3694 7185 7901 3562 3561 54 9824 3138 2838 1931 4192 7800 9942 8866 1952 2373 5780 374 1800 6734 8807 5889 1805 6341 8206 4364 9156 5881 5203 6981 8033 6051 2493 2989 5602 3459 1804 8673 6137 3652 9580 9444 3264 7268 786 5049 334 9313 847 7915 8922 1563 5702 4612 5441 8093 9989 445 5894 3928 3355 7167 8742 6820 4889 3818 5903 2153 5679 691 1869 965 9497 6424 956 1108 1606 8212 2674 
39 3000 1516 5698 5145 5220 9617 8947 4678 7105 1854 5196 2219 6893 7337 6265 3840 1079 4625 1382 2124 81 1626 4748 5121 2362 8622 1212 8448 6675 4426 88 493 2438 5653 7082 765 8224 9130 4354 1351 8387 7418 8701 1511 7808 7466 7866 5390 4761 2386 4969 2858 1917 6362 1070 3478 5457 2668 5850 3590 2324 4829 6417 6532 5592 893 4246 5976 7962 834 232 2394 3380 7081 7877 2647 6792 8171 4594 2703 2005 5523 1148 3472 7689 3342 9207 9773 1497 1648 7032 2427 2308 2426 3279 3467 605 8906 8939 4480 6963 
40 3000 7961 7393 8071 8676 5638 2596 2455 4501 5811 5386 9170 7528 1954 7917 3916 6178 2048 6219 523 3322 6606 881 8036 3531 9824 5859 937 8442 3861 5409 2477 258 6243 9147 1146 3367 384 5232 259 4089 9243 1676 678 8546 2102 5774 6642 8661 4464 1667 4739 6275 1087 6022 5993 5397 2129 1843 1081 2571 2430 403 8669 5375 3913 1303 6882 9043 1113 658 7887 1209 9824 7400 5616 4777 8884 7717 6600 8919 5072 7611 3935 8198 1137 3576 4373 9810 6950 1416 8537 8957 3782 3170 4257 2344 1704 2174 3042 9798 
41 3000 120 6246 9664 4016 1412 8994 4874 8436 7722 9245 1243 3231 854 8611 2126 9433 5300 7168 3754 1175 4394 7264 443 6069 9586 5457 2942 3694 2848 2569 9892 2223 2200 1871 2417 3165 363 5392 1839 4242 6535 8355 521 376 1293 1728 5826 2820 4622 2919 7210 6397 7068 4573 6439 4872 4012 1514 926 4454 3077 5799 194 5409 4649 9905 5471 1810 5537 8032 2401 9410 5743 5545 6885 1634 8370 6524 4046 3703 2647 9453 319 4878 80 1028 8664 8834 3732 8087 6909 2154 623 7675 9212 948 7261 5220 653 5605 
42 3000 8289 848 4948 3657 8266 3813 5287 783 6569 5057 8302 9922 5420 7893 1156 8524 1037 6814 1755 3922 7913 4425 2092 6822 6220 6506 4710 2933 2331 5191 2290 2704 2477 276 368 9201 9524 8658 3178 4103 2872 1890 2608 1820 1486 1862 298 1740 46 4617 2852 8601 8228 2277 178 989 3099 3105 6951 7954 4654 9689 7206 3761 4460 5251 2051 758 7437 8078 508 374 6761 4081 3475 2238 1889 7484 820 1428 9716 9623 1593 3840 8844 5889 7366 9683 6994 780 8699 5105 1525 1089 4729 1932 3093 7209 5885 5545 
43 3000 2424 2569 9730 874 218 1193 9920 6519 176 3380 8300 6994 5153 9517 117 3104 6433 2010 2358 434 6135 5343 5218 5976 2739 4263 6684 2870 9735 86 259 3279 7407 5132 5793 9383 7727 5285 3454 2503 2391 675 813 342 3964 4485 3063 2361 164 9888 6356 3272 1257 5105 4271 4659 590 6584 7398 4729 8243 316 6061 6176 7803 1263 6150 2181 6269 918 8092 533 7078 2991 8935 5877 6258 7212 7569 77 1707 1272 3060 724 5590 875 6122 7747 9875 7925 3697 8164 4975 6836 6680 8953 1535 8961 752 8046 
44 3000 5327 5153 347 3451 5283 6451 5742 501 4642 2884 3273 7220 5232 408 8672 7821 4869 5964 3535 4330 7886 660 4907 6329 8788 1081 8005 8827 9021 8723 2050 8257 6884 7550 9233 6599 550 9678 6812 3621 4223 9186 2316 7255 7408 4046 1893 2092 7324 6184 1773 6002 4421 9661 2855 4879 1038 6987 8425 5515 3181 3548 4994 6595 5421 169 6264 7817 8925 3796 219 7139 2608 6304 9334 6150 7407 1433 3924 3567 3689 9843 8600 6853 1773 2302 1866 1967 5585 989 8827 1234 9436 8934 7036 9338 7922 7572 5454 7448 
45 3000 8953 2428 6540 5461 9905 6924 1468 2372 6898 4318 8466 4773 7196 7754 4280 3475 4737 8455 8766 8248 8785 2023 2601 700 5705 2879 8128 5266 3868 6819 3315 8335 1677 1696 8851 5490 8721 6231 8355 6887 50 6947 1720 742 3577 3227 1577 4960 608 493 2882 6877 9495 1524 5636 1130 2408 5881 720 5658 5242 7470 8863 5817 644 223 2729 6632 4165 1910 2134 3162 3534 6071 2388 9002 1065 2071 5753 2901 9182 3290 6040 3507 9073 3428 6320 2242 2465 938 9764 4293 6527 1585 3609 7738 1899 9133 6249 789 
46 3000 3842 4148 7445 7164 6519 935 1670 9582 392 2598 4573 1388 2753 4219 2566 6293 1377 4170 5542 6251 1296 3547 2710 7451 4704 3726 1569 4440 3985 2048 9987 2367 7861 5629 1425 7360 676 3289 3269 5012 4790 5618 8301 7014 6116 3152 9287 5890 2763 2687 6690 7875 6821 1708 9511 3911 9257 953 9256 8763 7948 5093 7021 8270 8830 1539 3713 4716 174 7381 3384 321 9993 4442 9700 8870 6566 2463 5528 5450 2090 412 5653 4331 9459 5918 2617 4952 2168 2827 5683 6050 7333 6889 2926 7902 1854 9564 6448 2700 
47 3000 1683 9959 718 3039 4232 4880 4033 8548 3898 7025 3115 630 714 1283 820 5334 2132 9175 6979 4353 7918 1407 2364 4142 8186 8559 5778 3168 4543 9889 4269 7277 4374 270 6471 3194 8240 5243 9065 140 406 4210 6376 9583 2494 1734 3079 3103 258 6977 48 8394 3492 1255 3312 3382 9049 3728 6153 8471 7003 5201 4314 6916 9916 62 4344 3316 5249 6342 5059 238 887 3893 2135 2963 3786 702 5820 2353 1758 7322 1776 5854 8370 9432 5043 6611 970 8517 7128 717 1841 683 6223 2582 2479 3585 540 8434 
48 3000 992 1486 4779 7934 2634 8445 9720 3924 3448 9621 4930 302 7052 709 4614 8013 4536 5497 6568 9171 7492 1551 4279 9308 4166 4023 2133 7743 8733 7585 3758 6078 3701 6487 3489 4819 5442 2740 955 8122 2837 2427 8799 6667 9058 135 3513 8649 6471 1511 9402 8904 4661 3951 5681 6150 1584 5405 6683 8365 7847 1311 5200 6276 4109 9654 8951 4984 1607 4151 169 3710 5811 5556 8316 3663 3199 1098 5923 4042 1159 2035 7559 6151 1021 9341 1912 5648 4203 7515 7012 2916 1493 6511 8567 1559 5448 1800 1430 5023 
49 3000 5924 2551 4186 1342 8727 7944 6867 6009 7392 1597 1798 2972 8082 4129 7551 3754 7618 3844 6047 4704 4631 5539 2759 2361 3839 7433 61 6955 3450 6233 3690 4027 5687 314 2332 4174 443 1025 344 921 2059 2129 3587 6717 9222 7354 8394 7056 7996 6084 3662 2724 7975 7161 6062 168 1556 825 8383 9994 6348 8765 994 3587 691 2311 6435 7858 2316 8736 7134 8115 119 5692 6241 9056 9061 3771 1600 3898 8200 7182 2834 1612 1841 2569 1560 2303 3814 5934 4733 705 4874 7706 1105 7796 3232 5916 820 550 
50 3000 8204 7511 8125 9808 6992 7785 7212 6271 4582 7939 1183 4621 6775 763 4138 5771 6339 4446 6392 7234 2282 4510 2813 1617 2261 3867 4288 3244 8103 1003 2313 2904 4463 6288 6707 718 597 6406 6452 7138 5267 6920 3657 2068 4767 2949 652 2108 4074 7980 196 5927 1131 801 8824 7760 4241 558 3307 9025 2601 9944 241 8074 9952 6500 8768 8060 1356 2053 6410 2938 3100 274 8036 1580 5719 2363 7950 24 156 855 5112 1849 7030 1553 1468 6662 9046 3590 3424 6729 6519 7612 6430 1714 6027 2083 2697 1553 
51 3000 2188 7723 2039 7450 2561 62 5832 999 5678 129 4110 1426 2190 3256 5777 966 9149 6015 1945 8354 7409 1274 2403 449 2154 1381 5205 1978 6547 9474 9383 3412 8512 8914 789 6954 634 844 1061 667 3187 9869 9708 718 284 7870 9330 1746 9158 5936 3956 5364 2563 4419 509 6776 4299 1123 3393 9522 7868 7608 2214 8354 8249 3626 2612 228 6802 9680 235 3426 9292 7706 7819 4802 7046 9882 5411 5155 1228 5563 3704 2722 239 6337 505 4802 250 9211 321 7499 8848 7920 7078 3597 1819 2356 9959 8552 
52 3000 3045 6132 2368 4617 7538 2264 4019 3085 7584 6978 6157 4660 2027 1644 9888 7957 8671 2838 7654 6119 9802 519 7814 1564 845 4345 2366 8857 2141 8101 7781 5706 3848 2259 8974 2083 3969 4665 6386 7470 9504 9342 6207 6228 727 3428 3711 1099 8590 2232 9720 4819 5249 2420 198 9870 7715 3320 8964 6350 4635 6360 3529 7968 6192 2623 4066 6165 7131 8533 5495 2361 2914 9661 2701 8326 8997 2662 8872 4676 3229 5331 6967 7493 1386 4786 4301 3072 5817 3780 263 794 7222 5131 7155 4118 9560 4284 4159 9705 
53 3000 8068 9991 4422 4663 422 3121 5276 1921 1006 3595 1575 3718 8321 5444 2159 3233 5510 9991 9447 4325 4007 7160 2149 9405 321 4913 1109 5434 5934 6802 8265 8044 326 7661 8744 3780 7134 7406 6072 478 3425 2974 518 5755 2098 8382 559 3632 7413 2907 7463 9283 3644 7396 3014 1901 6853 8702 343 5698 9796 2238 7899 9025 9949 2667 6536 1617 659 2702 9727 9966 5424 48 6905 815 5292 2456 9930 2780 9392 908 2675 6099 8584 924 3744 497 2236 1997 2308 1187 8130 5153 7075 2989 5482 8631 8375 2577 
54 3000 1104 1695 3379 8850 8672 6565 4436 1427 1135 8477 537 7271 6241 3867 1910 5429 5185 6679 7728 9911 4392 2797 6955 681 416 2607 2305 2778 7970 1677 7337 3565 1075 9570 6668 8098 7340 6772 9312 2622 5361 9754 5144 6194 5255 4157 4494 426 2304 6096 856 7360 3739 1599 6735 5459 8639 4160 2604 3734 959 429 8998 3986 5682 4013 1732 1177 8097 7418 234 1929 6202 2099 9013 1143 6229 6650 2252 6746 1299 3111 1516 2560 3199 1401 6599 9301 7280 1874 9484 3699 492 6008 1435 5742 2530 5210 3210 4052 
55 3000 113 7750 8404 9376 4389 3821 9909 6209 1458 8721 9511 2541 6028 4160 597 7728 8190 7701 4000 8486 3322 308 6961 3014 5116 2038 5223 3240 1728 5846 8240 5192 5059 9518 7522 7493 3156 5732 8095 7984 5737 241 3097 8468 2847 8179 1486 7581 6633 8498 8886 1793 6247 6523 1548 4522 5874 4642 3439 3383 5882 1106 6462 5563 7104 6968 3790 1310 8234 1142 6335 5560 6361 3584 2336 7678 614 6602 74 9336 8947 4289 3711 502 8037 81 2257 3563 6312 2443 1659 5576 101 8676 13 8631 2918 6849 5909 8355 
56 3000 7857 5862 9893 528 3124 3624 9055 5828 687 3366 4748 2710 8054 8072 3425 8391 3176 3040 604 7980 2474 6564 7958 1722 1992 8742 3533 364 1671 8410 5081 8659 2757 8202 6532 6980 8322 7732 7580 1072 6922 4905 6398 9918 9371 5346 5479 1740 8645 9963 601 8116 2907 628 2914 6226 1662 3989 4159 9228 5033 3397 5006 4749 6165 8972 6516 1508 6750 5783 4736 4063 5678 156 8412 5679 820 4109 9825 9329 3926 7909 8762 6810 8653 759 9602 5992 1718 9602 1532 6190 7174 6059 1885 1656 3816 1484 2608 3204 
57 3000 5702 149 9850 7956 5811 554 6678 7209 2821 4858 8913 2437 1003 6439 4102 9406 3260 5578 3599 426 7268 3268 7789 4717 4764 3145 4420 6909 3940 1547 73 3660 4973 5703 4749 8405 8680 34 9585 4225 8292 591 7695 4842 4358 7613 8132 3745 2770 6210 2981 1430 5920 5172 7569 775 6973 3901 3812 537 7270 7473 6673 6968 6859 9819 3757 3565 8142 5033 8023 8943 2655 6808 3622 2825 972 5993 4869 168 5730 6278 8323 3409 7780 7999 8011 2832 5470 77 3762 5069 7040 72 2673 9718 6154 2368 3703 4090 
58 3000 553 4485 5379 6080 3829 1505 6646 5164 329 8638 824 1519 3184 1903 2702 3268 5457 6935 8753 1854 4426 5920 471 5535 8980 2654 837 1004 153 5726 3910 3134 4772 9826 7542 2854 2234 5181 9216 3139 4411 5110 5011 3137 8677 1710 1695 411 4058 9665 1935 1308 510 8178 2640 9464 1324 1030 6427 2416 8652 4763 6207 6351 2156 4992 2902 8980 790 833 6285 530 7701 7468 8945 2866 8254 6822 3377 6741 1189 6376 2194 7161 2892 6100 1472 6886 4804 3510 7208 8047 3944 6854 4918 1897 6562 6418 2346 6676 
59 3000 4917 3961 5304 3615 7180 273 6639 1048 461 861 8325 6665 6959 9752 6670 7880 3243 1433 666 329 2653 906 3444 4489 825 1872 6871 424 4347 3040 9263 659 2534 2561 6223 1173 2331 587 4607 522 6341 9950 9614 7084 3975 4979 5001 4431 5732 8425 6423 4823 603 6527 7897 832 6590 2189 1391 5087 4370 6293 9543 8145 4062 7133 1495 4485 5137 7968 1862 6633 9440 2713 2821 7405 7344 9742 9326 281 7030 3825 7446 7897 6886 6184 5832 8670 1034 2679 305 1542 7987 114 1573 8851 2421 673 6069 7329 
60 3000 80 4479 9918 7221 5802 273 6023 9532 4674 4228 4284 1397 6305 6880 4935 9581 2234 8188 5012 2094 6452 714 7938 7941 9057 936 6242 4994 3031 8681 7398 5985 4142 4679 2788 2628 3974 6252 9794 7867 6072 1122 7012 6246 5229 9339 2592 2403 9881 3349 5701 7695 7638 6168 1117 4939 3936 7697 6940 1291 3811 9153 5433 9231 6807 5629 6987 5696 4998 6774 7212 9317 4146 5608 7151 5795 7970 5450 6617 1394 5558 4978 663 4565 1888 1414 9168 5691 1481 1831 9554 4958 5181 2589 2624 8348 55 6889 1528 1767 
61 3000 2422 462 3853 3285 4002 5374 6838 3510 1199 1960 5712 4082 7499 8885 5161 4297 8996 1325 3917 5851 3051 7275 2473 5712 62 1986 3923 7114 8371 521 7924 8683 2289 8439 7793 1675 3250 604 712 5358 4087 8118 1078 497 6435 3382 6959 982 1258 3273 9691 3573 2502 463 6587 5771 3873 2842 6781 1810 8735 1084 190 6785 3144 4328 9607 8893 1995 3984 5912 9806 8301 5672 6416 3167 5598 9277 6321 1212 3468 7133 3315 9512 6193 331 5283 9850 4534 3155 1149 1213 631 5640 4839 8915 6032 4251 2372 1841 
62 3000 2845 699 2077 7821 8014 8870 7927 7123 722 9883 6010 4078 2921 5276 4116 6821 2980 8315 4451 5167 2465 3424 9479 6604 6041 3748 884 415 4499 6833 1665 9925 908 8436 1345 2869 9894 4459 4313 9894 39 1009 1291 1172 9412 2576 3920 1155 4221 8350 2479 1439 586 6646 6721 1762 9447 7469 9840 9127 4589 3195 5561 5048 3791 7378 8355 918 3111 1688 6774 1508 4281 966 9925 6587 5237 6407 7053 669 3773 6872 255 881 4317 8320 327 2965 7833 1365 5720 5393 4847 6962 4637 1615 1602 213 245 434 
63 3000 9336 2306 9012 4496 6680 565 2179 6914 5189 6640 341 6016 7994 2816 1169 8212 1578 6443 247 8994 679 2495 5037 2054 6317 4255 1969 6531 6948 2126 6654 2384 2738 559 7229 3886 2969 3115 814 1245 6565 5650 3110 351 5742 7619 1109 648 2789 1513 8934 1128 9969 419 6806 4452 2546 3699 3133 9199 4936 802 9722 235 9987 3196 124 7208 1381 4429 1095 1171 9158 8309 7187 9328 8373 5215 8464 7905 869 6530 1338 3145 186 7199 2540 429 9577 6416 6205 1524 3174 6427 4086 9953 254 9466 8899 4490 
64 3000 2647 2816 785 784 5264 1990 6898 1102 9744 2039 4122 2201 1240 6989 4911 1326 8310 7396 6253 327 5957 6029 1761 7910 1769 1685 6885 6 5207 1115 7257 8264 1 9087 149 6677 9677 6566 9068 6327 6215 7029 1472 8252 1819 891 9603 4449 3826 8068 4458 6987 2728 8662 2877 5262 3329 1764 7758 1359 9018 2393 1396 3557 9174 6552 1949 7941 9694 4411 3025 8157 6641 1618 6403 3276 3028 8732 7866 3794 8715 8778 6169 5752 3438 2937 5131 2983 2961 4348 8844 7481 8355 47 20 7898 8400 1021 1449 6167 
65 3000 5107 397 594 2246 2381 9743 7303 6988 7787 3510 4650 3140 7460 1586 2900 4463 4130 9977 6597 2979 8273 9623 4781 4338 2390 3325 4328 1319 8409 807 6414 5449 8214 1897 6101 6749 7291 7839 5062 1605 1514 725 7408 8766 7043 1051 8664 3462 3349 3406 7852 9653 9371 275 2708 396 2791 3976 8023 6346 2436 6718 7106 2376 3807 8785 6373 2320 7729 4842 3067 1845 2131 8374 6090 9453 6947 4236 9975 5591 2141 9346 1972 9909 8864 1488 2264 6622 3729 6247 7305 8011 6212 2066 6289 6042 9183 3433 736 2113 
66 3000 2553 2188 7207 4925 58 6954 3148 6478 9153 700 5847 6192 4049 6421 4534 3153 1858 949 5587 6484 1873 6886 876 3842 7970 2661 9228 8037 4136 715 1016 1782 3120 3811 5872 560 8213 9464 3532 3621 8145 2503 7794 3105 5120 5753 3613 1287 5962 8843 7316 5947 6394 5142 9936 3868 8442 6813 3686 2455 961 8004 1539 9483 3288 6148 9950 968 2017 1402 4693 7162 905 4207 9828 6674 3899 966 9786 8717 1283 7856 4589 3479 8962 2762 8188 619 861 5334 9926 5886 4454 5172 9131 5869 9413 8133 2829 866 
67 3000 9390 767 6584 5880 6916 2872 8464 9740 1429 8183 6129 2347 427 3173 7046 47 3745 3995 1831 9123 959 1533 712 7422 1908 4593 3118 4094 353 1203 398 7471 752 8055 1655 1054 8159 8059 2716 7645 1256 6026 8218 1582 8503 2480 6825 9117 7416 5588 9567 6912 6968 1222 1307 8655 3119 1139 5327 9813 7467 9293 1046 498 9023 6266 4857 6464 9117 1827 4097 8230 9425 5619 4129 8324 3118 5962 8564 6656 9142 6790 2598 4012 9621 2711 9476 3678 382 2185 84 1181 4610 8839 5661 2166 9622 896 3642 8389 
68 3000 6773 8739 6620 1838 4481 585 4438 6980 4379 6305 9403 1131 594 9349 4624 2955 2150 6809 5483 9081 8492 7602 4215 8850 8141 8775 7633 7190 470 9945 7961 5607 609 5853 6800 1309 7468 7047 2222 4452 4894 8694 8979 3509 5943 7513 1848 8769 288 6829 2090 3956 4743 9764 7046 5976 6916 539 2849 2788 1987 3911 264 9399 2607 2731 3650 1987 1932 3628 3057 146 9770 816 9433 7257 1857 8029 2969 8984 2267 8580 4561 9896 8931 3544 404 8214 2294 8064 9699 8676 7092 5790 5503 3543 7250 1433 8684 1712 
69 3000 3918 1450 5018 5965 6614 2854 5401 8340 7508 146 9189 3628 8820 374 661 993 3351 6315 8613 3716 8132 7787 9071 7072 1205 1082 1129 4320 1521 6520 5915 827 1970 4138 8683 6314 5535 7496 4024 5227 4564 5612 4209 5232 3179 3019 652 3837 2797 7950 8502 3138 787 8644 4354 2692 2247 7784 7094 508 4901 5052 1858 2173 7134 7813 7127 8098 9139 9927 4939 8884 7196 8675 4231 8823 1076 9828 7299 7520 4564 822 9395 9634 9117 2070 1437 2752 636 6395 5848 3386 9373 6590 5525 1093 2954 1100 5926 720 
70 3000 2533 7831 286 2777 2074 6083 7955 1933 744 6611 5865 3636 8448 9804 3120 8858 4479 2000 8707 6970 9294 9912 2343 6734 9420 3195 8431 5427 5475 5121 3157 6084 3326 1395 4703 2874 8367 7084 6583 4590 2915 1677 4114 6274 6743 2269 4001 8965 730 4869 7055 7562 3641 3834 4029 6831 2023 9426 4589 5518 3242 3499 9396 8596 1625 3305 5328 7641 7746 3426 3816 9323 822 5839 2309 2028 4244 8091 8866 608 4228 9615 9868 9246 1595 6158 859 2457 6666 2345 512 4207 7300 2357 7718 5159 37 8745 1801 8045 
71 3000 4380 9358 5855 1161 196 2406 3215 9989 8246 9642 7040 6942 3831 7671 3035 9238 3576 7383 5283 4891 5331 1512 5215 6837 1195 319 3701 5178 3669 5401 6259 7553 4940 1626 1401 7634 9272 7188 2094 1748 8544 1795 350 3622 895 2974 4945 7254 2506 507 2252 7911 2500 8988 212 1249 970 8507 5420 557 130 3460 3343 2132 8594 9479 1656 8772 8780 8497 6711 1398 7432 1923 3122 8801 9278 1959 6486 5512 3804 1027 9218 7798 5156 9333 9515 7785 5171 544 3451 5700 9526 5605 190 248 7015 4666 321 7103 
72 3000 1954 7143 7329 5530 9707 9900 2182 3134 5338 3562 1048 8728 5389 6943 6131 3331 2781 9607 9638 9286 4843 2554 872 7512 4464 7024 6439 2869 4370 1434 3596 7657 4525 6436 6711 3237 2662 8099 6857 9776 7932 9218 4519 4120 7682 8751 5443 5788 7357 9372 9596 1095 3531 3159 3256 5397 53 5401 4228 3461 7330 6532 183 7963 4727 2187 123 6109 6093 1391 8971 4380 8417 2863 5287 1403 3602 9450 2106 8950 3367 687 902 1054 7279 3483 8682 1259 3899 923 8197 7990 5065 9207 1283 8050 3291 2707 5326 8239 
73 3000 2295 7152 2852 5101 652 932 4242 2796 8570 4537 3569 9095 7794 8114 7569 9503 4632 7148 7725 9502 6110 6273 5484 4924 9245 1207 598 448 3450 8806 2586 6218 6062 5253 5326 2593 992 2361 4771 3013 505 2012 9785 5003 119 8713 6112 9286 6637 278 3461 7031 9294 6639 5728 5230 4040 6781 4328 186 937 3795 4664 9139 4690 8067 5719 10 8296 8585 2764 9274 9827 2372 3204 7953 2325 2044 5543 5743 6836 1495 1467 3251 8558 9706 1067 2374 6120 2676 1175 4793 3984 3484 6826 8593 7973 468 5856 3007 
74 3000 3922 3541 6609 1293 9456 8615 8779 1725 8895 168 7377 6716 1276 1924 9818 64 1509 5659 6140 2323 4654 8141 2339 4299 3323 6183 6835 8671 8206 9829 65 9738 1725 3663 7195 1288 4813 6239 3959 2597 6811 7646 5627 2548 8501 5186 9092 1876 8255 7184 8086 3544 1313 4924 1523 1233 2187 2704 4955 5967 184 6023 5172 858 8065 7887 7911 3976 3817 3242 8696 9350 5556 1538 6806 6080 9557 7404 2363 5592 1403 9466 6544 7003 267 7272 4926 624 6307 6357 3949 9570 1203 1423 502 9520 1798 7648 4644 6574 
75 3000 6887 123 5441 3261 7111 1404 9930 2653 7987 7203 5208 614 6061 191 3651 6168 8184 1934 1251 1 3918 2952 9080 1075 1056 901 7882 1378 4282 6883 5785 8798 6945 9878 9146 8112 5960 9306 6510 111 9837 5704 5704 8848 9835 9544 4048 7006 4237 8158 1699 9394 5750 800 8113 4571 2039 1831 1637 4589 9374 2026 2222 2865 9409 8007 7262 180 9084 9803 562 8794 3652 6532 4426 4698 2835 212 4871 7982 93 7691 9970 1332 5037 712 1312 6651 8948 4087 8595 9804 3432 2014 7342 3492 2200 2507 9739 8245 
76 3000 5966 9956 8598 1544 478 5808 4451 5068 7665 7378 5761 64 9924 4783 2266 844 7511 5997 1439 6407 9076 40 8081 180 5313 8281 7036 7896 5738 3877 9029 3587 8589 9327 9632 3703 3857 2157 1355 9362 9436 8730 8856 6719 399 6180 7288 5460 1404 2467 3759 5430 2219 4564 1922 1369 6375 4764 9691 5793 2942 5114 83 9985 1435 9974 5179 3113 9837 6700 3213 9485 5753 4453 8794 3913 687 1132 6237 5210 7448 8433 6035 7812 671 5033 4443 1527 474 7898 6197 9401 9233 1717 353 3717 1487 6460 9250 116 
77 3000 6961 3062 603 9842 6724 7232 2714 113 2460 1385 2815 2621 8877 4704 8531 146 9228 1318 2470 1308 3968 6618 9941 3436 2530 1683 9789 3564 8226 5844 8362 7553 6275 7365 6601 7335 4956 2252 255 6287 9887 1188 3222 2724 1422 4591 4010 1522 5184 5794 5331 3865 5716 2360 6814 5115 3254 5511 843 805 3635 7687 1526 767 1323 8232 6781 1371 5558 7200 3556 5900 9637 7290 6160 3047 3316 3905 7737 3533 8335 3333 4851 4854 7073 9060 5202 4154 4324 6198 8465 9219 2197 4049 256 7598 8150 6786 9222 3852 
78 3000 6136 2260 7254 4920 881 8938 2830 3621 5292 956 7475 270 976 1308 5356 2429 1898 3152 5995 2771 1160 9243 107 5085 894 9492 8567 8390 5302 6650 4498 9183 6797 119 8490 1813 5289 7879 6932 6974 581 6555 3487 8326 7900 9593 3673 7243 6549 3574 2582 5683 1682 2644 5721 7183 9209 1075 2972 5983 3823 3948 5687 4269 150 5962 6901 7547 7030 8364 4669 8136 4916 4013 8538 6792 6404 560 9128 2452 9881 1759 852 105 6310 6898 7757 6791 9123 8359 2484 5719 7258 7303 8364 8514 1302 7474 4626 5587 
79 3000 2775 7138 4742 4636 6531 9139 7891 7260 6281 9082 3546 3709 3254 1644 9192 5755 7964 5004 1166 7690 5120 3406 8618 5441 1652 7836 605 3821 7860 4841 6303 1902 1693 3451 8351 6503 6156 245 9309 3821 9828 2533 1254 9168 523 9665 8492 4850 2064 2461 3400 6158 4182 774 5387 5489 5550 9173 2987 4597 9931 748 9073 4957 5455 9050 9198 6267 7025 8141 3056 3067 1839 786 9078 9485 8048 4756 2141 2107 6529 7265 4410 975 5791 7525 9304 8707 9997 7435 8585 7744 123 382 2572 5719 8230 8183 3483 8957 
80 3000 4869 6138 1897 4091 9608 6213 6345 7813 4685 8354 6026 4742 1781 9915 6646 3420 1929 3220 9383 435 8538 1245 2976 2667 3543 1428 8941 7656 6688 7599 9909 2102 7922 45 1094 8484 2932 3687 4880 9807 1791 4393 8537 2472 738 3409 5061 7272 7080 9918 7139 8516 7217 1727 4237 1270 7799 4070 2817 6733 9999 6546 9676 5731 6916 8175 8411 338 4104 583 9010 3621 3224 9310 563 7514 8820 3245 7106 8811 8225 2181 6584 3290 4581 2504 2943 7958 2999 995 1339 1419 9833 6771 6485 2375 5082 1336 4113 6244 
81 3000 7919 6772 5560 9909 5341 2040 5491 4584 3949 7421 2730 6816 4846 7069 4233 7601 1672 9698 2170 9634 1749 7389 4146 2679 360 2523 6538 7061 8155 2841 962 5295 1674 4627 3858 1826 7001 4019 9211 900 6542 6435 4387 2566 8928 4143 9098 6790 2038 1934 7494 5704 9157 936 3376 3980 8250 549 8536 7320 4365 8499 4222 9082 5161 9023 5729 5025 9559 9181 112 6179 9521 3286 7026 9841 4950 5462 2694 8698 1721 333 6993 8072 2830 1823 3669 1289 2673 98 3680 3180 4446 6620 1657 1697 677 7331 5499 7662 
82 3000 6874 3963 9081 2636 8305 3471 8100 4920 9897 5589 9035 3668 9269 8519 1241 1141 2877 2735 2163 3074 5298 2918 5671 7172 1630 8016 3532 9732 3017 9426 9995 390 5304 7301 9508 4989 814 4988 7558 6581 3251 1582 4633 4541 5724 2615 3316 1817 1903 8857 8496 300 296 3257 710 4323 1649 5997 2608 2278 9474 7679 8542 6363 3705 629 7282 455 7468 8335 7853 6105 6993 3003 8504 6659 4632 1243 8793 9502 5018 7875 4807 6435 4337 7862 7498 2165 2735 6374 4150 928 9845 6964 2968 1237 3434 7883 791 8751 
83 3000 1188 6511 3936 7271 5607 1913 2159 7863 2039 5528 5748 6103 9827 9974 5735 7445 6590 5983 7237 725 5622 7457 5922 9773 6424 4654 7597 3165 8350 5500 923 2093 7392 5013 3257 6358 6075 2871 9614 8497 6489 9092 4758 6022 6439 7841 8419 1798 8725 9366 3628 2533 3541 56 8188 5405 4006 623 9257 2802 4810 2413 1068 5197 4001 1839 5768 2145 7879 2939 7381 1400 9026 8058 8899 6165 7461 6661 2497 459 4913 2261 2872 2619 2226 7482 3710 6916 9885 7242 7273 3302 1671 60 7114 5282 1435 7489 3920 5912 
84 3000 3002 1677 4474 1916 3197 1049 3747 5935 8001 4118 108 6896 1823 1414 3671 8512 9907 5546 7753 5897 3858 9386 3471 318 291 2375 7449 2063 2614 4958 2664 1438 5925 1145 2408 7886 5045 9189 7378 7237 5665 400 5890 7076 8625 6075 7224 241 7319 2559 8081 6441 8218 4427 2178 2007 4527 5794 2963 7758 2957 9747 9452 5002 3633 5904 5195 9652 3116 6099 368 4475 561 8190 6983 9465 6989 7990 7234 335 7693 9330 4957 5139 7761 2238 221 9021 736 9252 7045 7083 385 9852 4235 5383 5606 3015 9350 55 
85 3000 8455 7904 5794 4554 5298 2676 3025 5030 1086 1409 9901 3823 6761 9170 1144 1083 9782 5192 6924 4515 7776 4186 5581 7255 5317 5771 9463 3862 3827 2038 3886 4437 4606 3227 9231 6877 4981 1541 6154 7239 7584 3079 3928 8236 2756 7890 1906 5864 4075 8163 4115 4144 7004 4530 6963 7991 673 504 88 4216 2780 5033 316 641 7615 3189 8756 3350 7219 4973 1010 2056 5654 2248 514 3602 6411 3801 5008 3576 2936 8524 6118 6061 2278 6721 2077 1508 1874 9547 3561 2726 9445 6562 2655 9008 6026 1415 4945 8376 
86 3000 2118 5656 4730 7951 6966 665 3362 2450 958 7713 713 808 1159 6146 9762 922 9955 9693 4313 2522 6839 899 9833 8170 3307 3684 7416 2379 885 4028 875 8859 2287 8777 6954 5889 5689 2577 8672 9811 2129 2936 1783 6654 6039 3404 4371 1880 8893 4883 9560 8250 5989 5058 1356 1829 6346 5961 3613 6097 5736 9650 2121 4205 2833 2019 9820 9337 8494 4732 5145 3212 8157 5282 3484 2705 7371 5171 1773 4589 449 6225 6206 8410 2242 5022 3081 7481 3045 5453 2759 8004 6624 9405 6759 6317 1363 5570 7968 4262 
87 3000 4551 6379 3984 2684 9774 3060 3579 3053 7451 8820 6292 7204 8480 156 5139 5217 1019 6289 2458 1405 388 6720 8868 8440 2094 6915 5366 9599 7985 2115 8535 9130 5529 9266 8888 756 213 7081 2331 4289 1073 4223 4756 379 9344 5611 9749 3389 241 6857 9439 2381 7856 6823 8454 249 3191 8304 1018 956 5306 6839 1160 4909 5598 7640 6059 2457 5206 656 2504 5505 5531 3753 6490 7269 1898 4025 5924 142 326 7224 6475 1689 7432 5322 530 8771 3460 2195 9291 9792 8433 7427 7982 5066 1429 8249 4198 5316 
88 3000 2985 9595 9362 8294 622 2285 3320 3528 7500 9334 2053 5193 4195 388 8518 3107 3597 4279 6611 1849 8946 9710 8261 8012 4974 4066 3640 5567 2191 343 4507 9362 4283 2209 669 6746 8639 7190 9574 7310 7 7974 9025 760 7267 1847 3018 2914 3336 8253 709 9824 8193 4474 8504 19 5036 9441 5272 4878 9554 5667 686 7126 2332 9308 6687 7454 4379 8342 2076 9269 5777 8880 227 1558 7463 9600 9926 9891 6129 4305 9339 5539 2248 2608 3097 2719 1227 8737 2517 3967 7688 8472 8937 3636 2865 4204 181 9510 
89 3000 5134 8114 154 2560 3666 3487 1550 4805 5203 4144 1695 5316 3960 1996 1514 4334 4654 2736 7616 5514 8655 9640 7514 6301 3263 5505 7961 6421 4114 2705 6415 4505 702 1379 5633 2836 5033 5732 1380 217 3406 8477 3274 2969 1311 3386 8747 4052 1456 5981 137 311 4925 2335 4901 7846 5449 6013 8958 5511 6812 3124 3152 6532 3376 5510 2839 8253 3735 2050 609 12 7493 8097 2116 9129 5163 3036 5053 5035 1200 5966 1235 1512 147 9509 1817 7069 5916 1745 5632 3435 4191 6270 656 2181 7951 380 8600 9465 
90 3000 6129 1376 2622 8905 5382 1003 8171 2575 5001 8006 6945 123 4931 8814 3988 6022 6927 6346 7901 4937 8834 6949 4181 5223 1983 5455 1690 545 1723 8361 2240 9625 1072 5145 3311 4115 7495 7692 3890 4587 2806 7857 3437 4660 6192 3148 3972 3246 373 532 5291 4917 872 8373 3308 8403 8421 6488 1518 3215 4486 4329 5585 4389 9923 7295 1062 5357 6752 1163 4225 8943 3060 4650 6043 6487 1030 91 9262 5088 8093 2253 8626 2975 1201 5265 4214 3006 4237 7680 7904 4284 8535 5654 2964 1910 6538 4259 6766 4848 
91 3000 8571 6914 6627 1924 2746 2944 8775 5946 7990 3266 435 5952 193 4194 5045 7579 1491 9373 600 1560 2664 9842 1111 343 8665 2210 1200 2843 7275 4973 3810 7305 873 2942 1047 2308 1347 9801 8149 5878 8115 8797 566 2742 9281 1541 4186 9695 5911 4946 8667 9094 9434 6284 3904 484 2172 6371 9621 342 991 874 8083 9946 4078 9745 9937 1375 844 4781 3176 1626 4951 5306 5233 4863 465 1979 8188 2789 1131 8730 7116 3138 2779 2817 1546 6299 8849 3009 53 61 9044 5896 7974 2486 1106 323 8246 2903 
92 3000 5721 9945 5372 1030 4543 3916 2511 4219 1351 5694 1690 2830 6321 9975 7149 3721 3432 7751 1800 1879 992 9497 6821 155 5291 6475 4371 7143 7376 172 3427 3174 2959 9853 8750 4434 5436 8251 2977 5215 2048 5372 1831 8282 3152 428 2466 3373 4626 1898 4930 3816 3396 5709 6753 1278 6090 1547 664 8633 810 7290 5431 964 2041 1565 9824 4678 8675 4433 9706 4754 5163 6197 8248 114 5793 4337 9269 7123 2093 8566 3700 1203 3356 4017 9173 6584 297 2548 2741 4174 1826 2177 6708 7555 4950 4643 7606 7105 
93 3000 7805 1086 8275 2240 5803 5856 3081 1792 914 8451 6259 2500 4064 3568 3373 5630 667 9295 5910 1727 9271 3412 8990 3481 3344 7830 2211 6725 6168 1146 3612 9556 8870 9332 6760 9579 1576 4534 968 9283 7685 2017 4637 9533 1273 5214 1714 1190 7623 8915 1287 4863 6869 575 300 8772 785 9746 9390 4754 2677 5636 1853 2373 415 2794 5737 1175 2588 4917 9049 1054 7775 6783 8104 751 6953 4313 8985 4475 9019 2751 2133 6644 9449 2973 60 4764 2068 5924 8196 420 3959 5173 8846 8398 3486 7596 8282 3931 
94 3000 1448 2190 6961 8071 5356 6998 2862 1185 6835 4177 7951 4576 2151 3175 7772 226 5867 2042 4159 8673 7614 6863 1081 5004 1998 9317 3602 2972 1628 2361 9972 7252 3263 4038 6844 3801 7096 9410 7612 8363 9151 616 3876 3085 6813 5061 31 1263 7481 1717 985 217 341 5559 2996 2284 1276 129 7635 3939 885 8212 8882 3043 5641 648 3336 4212 2166 3266 3554 2315 4635 1942 4522 4093 5301 5782 3237 7908 8148 8433 1427 1611 5671 7512 1391 8539 8774 2170 4960 1638 9802 8771 5589 5707 8688 4704 3575 7769 
95 3000 2236 314 4391 5569 6519 8963 153 4194 2409 5211 4215 817 4227 1126 8874 7573 1523 719 6219 2550 3976 2500 2089 8913 9424 162 3170 2149 5012 1393 7201 5440 1475 4804 6322 3156 535 4991 3534 2478 5431 5720 2291 3144 4574 1232 9214 5320 8317 5678 9929 5595 8864 679 8037 1104 3296 1008 7199 1774 9721 8400 6352 691 6553 3482 8050 2604 4915 5837 9928 537 4164 2183 9293 542 546 2686 836 4567 8972 5387 7475 1453 7920 8769 4318 6054 7463 2432 5754 6485 422 5910 5667 9490 6641 5597 775 3943 
96 3000 393 9810 7098 2464 902 1973 9545 1167 6002 1923 4628 7534 8910 5345 6305 6405 8127 1329 4944 4105 471 8057 9410 687 7222 6609 2284 303 3408 2896 8199 9702 199 7722 5309 4849 440 4964 9874 5672 7299 7880 3980 8935 6049 3549 6373 9228 8967 5420 6430 8098 3362 4006 1244 1284 2730 5682 5842 4096 1025 9629 6523 4910 68 2883 7323 6785 72 3527 9607 7212 3294 1992 4779 5987 810 497 128 1203 2422 604 7789 3375 9684 8901 6832 7680 2051 816 8480 4338 6160 2542 4448 7097 8231 1104 8406 9863 
97 3000 9594 2536 569 1441 5344 8194 5415 8409 6112 9188 2523 6109 2976 8939 535 7777 5481 3867 4250 1780 2794 2195 4837 6993 7984 885 3175 6292 5421 695 6319 8176 1301 9364 7087 6514 7307 2922 6777 8415 7376 5119 1008 225 7610 4988 8681 1648 9297 2526 4074 7989 5067 2506 2050 530 8168 6404 6406 5024 4869 2466 1327 8314 9988 3885 5986 3084 5540 5111 2252 724 2521 6288 5534 2331 5806 5810 8742 7828 2177 1001 9380 3209 1475 6933 9760 5915 880 3349 341 8322 2310 9729 6194 9371 2949 8470 6593 4306 
98 3000 8901 6197 7731 2552 1968 3195 8553 3705 9548 966 9731 1659 7667 7916 5745 6847 7128 3162 104 6615 2791 8467 3681 3717 5974 8293 6183 2937 9979 7994 735 5835 8748 116 1600 3615 8636 8836 5016 8127 3318 2516 3161 983 1811 4393 1245 805 9632 1380 7721 8596 3071 1005 7629 1236 6594 6470 9058 3105 3373 9829 2737 5824 8937 3303 4749 6131 7945 8709 2374 1876 4097 5022 3047 6142 3155 4054 6455 9488 9095 4270 9750 326 3389 2713 5884 3410 7404 5070 5082 6466 7927 3849 9425 4927 5825 4694 567 4816 
99 3000 7815 814 577 3732 1370 5543 5901 9978 2743 3025 4453 9801 8125 7019 5829 2771 7916 7838 4649 5268 4134 7403 7020 2111 935 2426 126 6301 8272 5723 4943 6888 8667 5647 2078 4974 7117 3640 738 7832 4120 9926 814 1148 1827 7313 8098 9398 3322 3129 2625 4339 5018 9280 135 1634 2192 433 6666 5597 7633 328 6264 2062 3419 6207 1828 9381 5821 1375 9072 7546 3331 5883 3614 5433 7811 5337 1194 6173 8776 7833 1011 652 789 9011 2190 9126 3994 5244 3370 971 7767 4943 5420 2556 7492 7991 7277 3233 
100 3000 4465 3306 4915 9462 8921 4516 3430 7060 6184 3777 2257 1565 5948 3698 3511 6736 4677 7407 3450 1177 1134 6731 7066 3078 5030 8503 5799 3086 8806 8999 8378 5308 2532 6495 4782 6423 1935 1950 3337 2934 9552 7817 925 6539 9008 4973 6324 7622 2417 7780 6678 6882 908 7268 7080 5070 8280 2445 3291 870 7780 9728 7580 6886 2003 503 7686 3769 5917 6808 8913 2459 3024 5144 9337 4562 4627 8405 8153 838 2240 5938 7137 7830 3110 1727 5236 2604 8875 704 6283 5624 7336 3175 9835 1747 7361 7389 5142 9342 
