FILE: 423UnifS.txt
100 100 0 
1 3000 3777 8351 1838 8525 262 9306 386 8787 1595 8282 2639 3837 8143 7868 8298 143 2192 9831 7755 2833 3782 1114 2004 3255 9677 7952 5663 4659 5453 8122 3131 6003 712 1315 7860 3895 7420 7629 4761 2643 1378 4190 5733 2441 6805 9903 8309 5681 4058 8315 7439 1383 468 8621 391 7754 4308 4775 4777 2872 1880 2743 9706 3497 7732 5874 62 1999 7997 8389 3906 1424 6859 7013 3003 8670 6140 711 6475 5801 8017 8564 7577 9478 862 5767 3601 8520 8206 7745 8902 9584 829 2402 1052 976 1976 493 115 4585 
2 3000 5695 4117 1052 5940 8302 3341 9245 2395 2973 946 9154 9436 7456 5295 6089 5116 4914 1333 1116 2614 7885 9704 9085 916 5378 4003 9778 3626 3084 6140 2190 5900 6715 9840 1932 9502 8471 2267 1754 5990 6632 3763 5203 8023 8266 5725 3394 8796 5076 6597 4919 9597 2360 5995 8869 5492 1103 6950 989 9134 3193 6281 2956 2694 9757 3090 4778 7921 2630 5383 324 4328 8942 4816 5979 5498 8834 9570 2412 3515 6299 5338 9491 1529 3143 4458 4299 4436 6080 3148 2294 7684 6942 6884 1582 4213 6023 3894 322 9507 
3 3000 8542 6779 7251 4782 4229 2260 5339 8295 50 9047 8564 4771 6034 3837 1816 2971 4249 5436 3921 1369 885 7000 3800 1962 1471 6414 9739 2206 9215 4782 1797 5070 6470 3048 7330 7226 9321 6748 9642 5350 5301 8873 9769 563 4233 872 1375 983 2191 1770 8779 2415 8594 5412 8114 7154 6417 5840 1598 920 5533 783 4936 7921 9179 3282 7854 4031 3542 1435 7745 8099 476 6265 6448 1388 3346 7723 151 5126 5983 8802 2419 6197 4783 7787 345 944 3919 8628 3826 7105 3679 9428 7971 3871 1932 9073 8620 71 
4 3000 8719 1975 1005 478 3965 939 1519 244 8324 8168 2627 7461 7138 4374 885 3839 7529 6031 8098 3520 8617 743 5596 8 4853 744 1634 1231 2493 4512 1922 2720 9178 6522 3279 8921 6656 5113 404 2630 6620 8487 5785 2547 9670 8827 2722 8963 7408 4546 1482 7565 7648 655 8576 1377 2758 7261 9157 809 1125 6191 2556 1849 1745 5731 925 2365 1937 3504 1022 6544 8183 7460 9107 7446 93 5005 8975 7692 7496 238 3105 8267 651 9328 6936 5460 3593 4010 6274 5919 592 3202 7815 9833 5747 2756 2800 2246 
5 3000 5698 3327 3792 2484 5466 6366 4576 1718 7421 8247 3190 8649 3369 2510 8073 3309 9766 230 7346 9005 6061 8518 1216 2369 6159 7137 7495 1544 3010 3252 263 2497 6326 4300 1636 3447 3419 8984 6674 7424 3167 6397 1410 2957 3103 3267 3993 2879 9630 9328 8977 1261 1362 815 4716 8470 5588 2087 3891 4356 7859 5372 7169 9556 4711 8639 9972 4931 9494 1593 2384 9124 1344 9796 2181 4240 7274 6914 974 9661 7383 5088 3499 3974 3198 3431 6 5033 9142 4644 1798 8141 7122 9771 9877 2358 4241 1062 6720 4936 
6 3000 3641 2973 1188 3878 8468 1285 6547 8620 8959 354 1623 8841 2662 8478 5080 1394 7769 1394 2819 5369 9587 3901 8511 5272 124 9604 7244 2337 805 8785 2302 3958 8312 4402 5069 1248 3550 6207 8055 4721 3734 2992 1048 8104 7608 2964 391 269 3778 2235 1388 5288 2186 1448 3824 623 8691 524 627 3431 2791 1525 9635 4997 8458 9661 8508 3293 8105 2403 2748 3665 9675 6733 6854 7637 6857 4512 8603 9845 2425 5982 6444 3100 4701 1379 33 1567 7150 685 3884 2074 1089 1499 4142 3549 1531 5028 8489 4575 
7 3000 6147 215 9171 9076 7358 5979 9151 124 7550 1590 1384 1873 7411 5164 1220 9617 7397 283 1933 7976 2326 743 3372 7202 9086 3423 3740 7613 7480 9284 4493 2154 4189 2485 8370 7077 9860 7637 546 751 9325 5165 2905 598 4937 4812 1448 8148 3038 7254 6818 2223 3547 3851 7950 250 2673 4515 8851 7687 8759 3706 8504 5590 1245 4555 3890 6290 2756 1109 6145 7204 4320 8703 9835 2770 3705 2454 5361 4504 6887 3883 4483 9183 2637 5664 8973 5154 236 4491 2394 6770 317 2075 5003 6944 8828 4266 1775 7839 
8 3000 4122 8301 3556 9668 7174 8171 1346 7637 4916 8119 3692 6996 6708 4262 7223 6227 3924 4337 300 8349 2665 5568 9790 358 9606 669 973 777 952 1961 569 5346 4535 3617 2888 829 5025 2036 9106 6947 2271 4338 9672 6435 2765 4983 9834 3229 4233 522 8287 8772 3349 2463 8957 6450 6577 8269 5897 4149 4132 481 1320 4936 7072 3961 6746 5873 7514 1265 7285 4947 1971 6138 9035 6130 7820 5137 9610 2561 2890 7375 1793 7857 8176 2392 316 5545 3681 6153 1756 6620 7380 5167 7570 5230 7307 8737 239 2484 
9 3000 6777 9324 2554 8386 2717 1050 12 1892 7139 6317 6346 9098 1723 550 2175 9541 5535 5072 6787 640 5870 8100 3034 251 2210 3862 5365 7352 3318 9849 974 848 7454 2180 4083 6511 5711 9103 3336 2033 8484 2613 2336 211 5056 8201 3290 258 6315 2721 3790 7233 594 390 6713 9604 2636 6908 3250 4925 5680 1702 9059 3652 6683 8300 3540 1072 4654 2826 2240 7362 2119 618 2377 5774 9716 982 1496 8944 3904 55 9245 3323 7806 1803 2274 1737 5171 7146 2270 4072 7470 1201 7100 6080 4104 8651 5097 6315 
10 3000 5746 7248 2455 1190 809 9424 3762 8161 5030 2049 5650 7036 4191 4290 3571 9407 9955 3617 1701 6212 8830 9918 5969 3416 4264 7749 206 5818 1854 6700 5423 8989 7690 9898 2215 9328 9816 623 6287 2243 2823 7054 7109 8467 5565 5144 9689 8484 1993 9612 9477 5090 5126 3066 394 4080 4138 3250 5983 3052 4573 8413 3687 8343 1685 807 2251 85 6904 8306 2247 5395 7422 4153 9732 9674 8913 4833 3018 6050 1371 6067 2582 2931 8072 6932 4088 9687 7668 2110 4540 467 9399 2258 1561 6123 1434 2503 5796 4274 
11 3000 2337 9064 6437 7489 5652 3999 9874 9593 7626 8074 1479 106 8041 1761 500 6795 4183 4357 8096 6361 7931 1232 8483 3249 5971 9200 3214 6578 3138 15 8583 5203 8878 1991 6150 897 6841 9748 6394 9659 7592 2085 5491 1148 4454 7974 5214 6242 2471 683 5964 2723 502 20 2920 9082 6427 2708 5315 6456 5497 874 8844 8685 1792 8677 1184 495 2813 7053 650 3807 7198 6581 7974 2175 5560 8485 1205 3335 4452 3752 3736 9898 3457 380 5458 8154 5407 8747 7036 5006 9713 5107 7311 3029 8842 3215 3831 3653 
12 3000 7896 4068 6498 8474 7335 3779 4349 8684 8811 9573 5457 2633 4137 3906 9958 1508 7374 6715 6205 3149 48 5784 45 3975 9488 5245 7217 9045 291 2196 8888 246 8916 1448 296 2594 1390 8397 2535 8674 4158 18 7450 1196 8041 3987 5674 3677 5328 5929 7769 9253 9989 4787 8512 7611 1021 6317 4294 45 8904 4712 3649 2646 5198 2348 902 7603 5253 7651 2951 2643 4053 1098 9169 8585 5178 9336 4429 5027 2894 7427 5256 4151 7370 9221 9108 2662 3015 5851 6775 1839 9944 2355 7909 5726 8568 2421 9672 7437 
13 3000 7312 1258 8519 3589 3446 6594 5095 6861 7061 7796 2267 6681 8151 3113 6274 8030 6829 5055 1002 8376 6670 3878 5392 2738 1174 9217 3963 6860 3354 9821 465 8531 8455 1435 4657 7009 9789 2785 2211 585 7705 9707 7735 2263 1673 7392 930 3574 5504 754 5865 6502 5688 2927 3378 3551 2858 1889 6606 5921 6381 5204 9637 9821 2072 2898 9287 903 3033 8449 9999 6816 3621 7913 1877 7896 6536 7168 1833 5969 3034 7285 7866 1288 6270 8026 6464 7590 7761 9463 3133 5281 6975 1723 6047 2743 4050 2864 2827 5767 
14 3000 5629 4866 442 5115 3825 7754 8238 2202 8318 1844 4089 2900 1558 8116 3675 9481 7117 6706 2884 665 1145 3531 3338 9814 6963 5033 1051 1231 2780 1051 8197 4600 2527 5815 8021 7544 9830 7072 2862 6304 5093 3326 5306 4554 5715 9212 2462 329 9431 8995 3369 1087 774 8185 9518 6892 671 3288 8507 1721 9148 9674 818 2901 1181 7576 9721 8662 5650 6210 4295 3827 7439 6017 5590 3616 2643 9042 5897 5581 6911 7423 1152 9666 6913 17 6466 6389 4924 7142 4772 3150 6545 3451 8610 8666 1539 8929 5022 5530 
15 3000 7798 8008 3582 892 8431 6822 7551 5270 1981 8571 8150 9485 5761 7019 1966 9713 2324 8118 1477 678 9049 9749 8705 6952 858 9599 1992 2395 6055 1151 5907 7708 5288 7810 4267 6123 3646 5145 6294 7204 5867 1266 5891 8788 4680 5312 4044 7039 2271 4080 4347 4632 4873 6765 1661 7064 477 7834 3885 7085 9678 8023 6859 7258 9634 3456 2396 642 1160 2891 9428 9602 8940 3095 8290 2739 4870 2333 8116 9953 4519 1995 7371 5623 6721 6342 7499 9920 6290 373 9707 8234 9860 5823 4860 8739 4849 5288 6512 8074 
16 3000 1549 4464 7060 5150 8340 2523 7017 3086 32 609 7416 9266 9330 8455 5342 3526 1419 9136 2577 4456 1685 1933 7380 3840 6553 3332 9393 9213 7447 6149 7663 4540 7888 6768 1797 9033 3704 519 6241 4076 6368 5170 7677 8290 9468 2552 5557 712 8294 8301 5750 2108 2552 9730 7323 4402 2206 1829 2439 8239 6442 1379 9391 8665 5755 9207 8747 8937 7171 547 2632 2459 2578 3546 7131 2834 197 5877 7810 2055 9172 9490 8378 6811 7279 3482 2456 2917 1773 5092 8483 7878 3347 8822 7742 1570 3226 3686 5517 5048 
17 3000 3380 8577 5361 7481 9863 5766 6509 1209 9282 2522 4396 4929 8379 859 4317 5001 6755 5405 8199 4884 2703 9401 4504 2692 2176 8818 1262 6880 876 4608 2214 51 9469 3073 6098 891 1926 4359 9045 4226 6984 9080 111 9205 2741 3062 9925 5613 4368 217 2471 8300 4948 3535 9988 9740 9442 4209 994 717 1782 8880 1447 9132 5078 5004 9012 6937 4966 4355 471 5194 6068 4641 2248 7258 1585 9252 4059 83 6007 5133 5694 3663 959 8774 6915 8582 4161 338 485 1703 1520 5903 8322 9976 2345 7835 773 2368 
18 3000 7686 3282 9019 9926 1799 797 602 3959 6736 5085 8077 2347 61 9871 786 3972 5687 8897 9768 1280 7844 5046 5778 963 8166 7584 446 2768 5908 7534 551 6430 1285 1170 5422 6731 1938 1641 7470 6683 2521 8715 5835 8840 7418 6647 3168 4725 6584 183 5529 2394 4506 8674 5419 2120 2296 8325 7928 195 2906 2567 16 872 9467 549 2913 6419 6751 3765 7645 5303 5766 795 3692 8497 1468 179 759 3919 3600 1412 3681 8985 660 4065 452 1295 6987 5032 3375 7442 2979 3901 3339 9943 8431 6447 7223 2302 
19 3000 9000 6259 8423 2190 5797 4480 505 2755 8098 7682 3980 2053 9187 3862 6207 613 5320 6561 4424 7113 7814 7109 1894 2194 8264 5003 7188 390 6878 6395 6585 190 3950 716 9599 2219 4440 5425 7632 5548 5697 8875 5750 2125 8296 1314 7589 9338 0 4002 3377 696 2855 6460 1092 4637 3400 1840 734 1461 6011 420 1732 8393 9363 1227 3467 2763 6022 1783 8929 3312 5155 5973 1489 9633 8378 46 4808 9722 8713 6732 5858 5668 2684 7490 1077 7456 5526 2879 5647 4905 9530 1053 5895 7723 5505 4385 4822 3693 
20 3000 7368 4209 754 4983 9859 3694 9118 2574 9384 8837 7349 8825 7974 7591 2911 8151 379 7102 4457 5838 4281 9086 6096 4969 3637 3323 4808 1489 5138 9282 960 7385 7805 5858 1964 1996 5699 9253 9056 1447 3766 8968 7192 6206 6795 1922 8082 6769 1515 4700 6338 7467 1803 3928 8753 8401 7031 4760 6703 5501 3526 7508 1675 8710 9159 2383 3918 8287 1063 2369 4223 9251 6474 4217 8821 3928 6691 7566 7415 2644 4168 2191 4328 2529 2731 3371 2785 4450 916 5391 2311 8072 8432 3155 9262 5041 5756 1939 472 292 
21 3000 6840 5258 39 1482 4960 864 9218 6550 1674 4865 9455 9400 8915 3976 8535 3710 4204 5884 9864 4863 8991 7747 4867 11 122 2817 8516 6252 4422 5181 7984 6945 6418 2636 4424 6139 9175 7687 7865 1133 8260 6662 5247 3160 8832 6962 1567 6195 5860 2432 4160 3889 7459 6858 101 4628 1357 5584 6732 4716 4484 5261 5311 9683 5687 1721 7797 3721 1570 5967 6745 7237 5461 8297 8335 2546 9495 551 8529 7669 9838 6483 2342 8275 5020 252 6247 7735 7402 3047 3705 5306 7767 7836 3811 2441 3034 2229 3080 7224 
22 3000 7097 9482 340 6924 4791 7612 4766 8682 8980 6650 7031 8319 777 4003 3580 7270 2875 7958 4037 7641 6020 9300 1729 5394 8598 1059 7341 1655 9349 6377 5691 2148 3206 4512 5632 4753 263 4950 3084 5191 7864 9660 7178 830 5814 3458 9544 2622 4725 2506 6703 5158 7476 934 5601 4854 3803 5584 2259 6259 8019 8882 3551 6490 9848 9836 2105 7785 8393 3153 4333 8196 9222 6488 1580 388 4590 5816 4404 8578 6773 8926 9978 3596 4532 7040 2614 6059 2709 4565 7421 7691 4935 6960 7079 748 9476 6733 1740 5581 
23 3000 8192 7561 2059 6319 8631 6537 5343 4677 9243 4544 4830 1888 7718 4746 2093 8765 2453 9210 2564 3882 7140 3658 4186 9884 8484 329 9196 7920 7039 8983 9020 201 1175 6016 2306 685 4167 1712 6074 3883 4411 5608 9993 1798 8762 9995 3783 8976 9001 1537 7745 5696 1424 1016 6411 9276 9555 1205 5321 3505 9990 2865 927 6206 1355 8862 3620 4915 6406 6417 3881 693 7233 7476 1561 57 3607 7204 8278 5040 4442 612 2953 1374 2387 7293 452 4800 1538 4305 3374 5500 8278 7158 6944 656 5247 8938 7045 5134 
24 3000 8424 7556 1372 292 7347 1113 3704 913 8452 1402 1312 267 1538 5526 5482 3289 9355 5645 5169 7894 319 6846 3776 4404 4357 3142 9053 3112 1864 1588 6127 9964 5797 4533 3653 364 6893 9986 3094 1114 2001 117 1117 467 5553 7872 5127 6314 4153 1724 1917 2492 4289 8545 9445 3214 3176 4596 1736 5635 2718 4653 6910 528 6603 9253 8333 1096 509 64 8899 9908 5453 3379 8424 3952 4251 1741 4184 7823 1109 3686 4555 5029 4336 1618 5803 7429 2187 7798 1976 2784 1826 8474 7939 449 1416 6121 5519 5174 
25 3000 5334 9811 2789 9043 2510 3717 6468 1531 7896 3725 7446 7687 7048 2185 9440 4443 3848 782 769 5046 1340 1530 9256 1621 5698 5894 259 5850 3312 2039 7817 7782 1005 196 8935 2767 9374 6161 980 6516 9251 2916 2210 8281 1296 375 5429 2167 8714 3254 4762 6564 3089 7069 5558 1706 3351 2255 7415 5355 7869 6414 336 6606 9663 4685 4006 7828 4744 8240 192 4716 3579 906 8270 4477 5681 3910 3880 2138 7323 8751 704 4981 2382 8195 5364 5100 6296 5397 5452 85 3162 1148 683 1832 5946 9244 7173 3475 
26 3000 9823 9983 4837 4443 8645 1786 7920 3648 4527 945 8650 791 564 9489 4013 5794 6672 1187 5656 6363 8549 5663 2915 3666 9768 647 8966 6146 6992 2341 105 1455 8312 3920 8147 6507 4712 2149 5957 5668 4661 2133 6097 7062 1825 186 2610 7003 5909 4825 5917 2555 6622 5895 848 2218 762 1814 7791 4733 2440 4942 6972 6016 6411 5079 5855 4218 4544 1086 9674 2909 5409 630 5078 2386 6995 8058 6914 9104 2546 388 8130 3238 9529 1435 2798 4366 1721 4054 2267 5278 4429 514 4444 3906 2823 990 6194 3387 
27 3000 3405 188 8866 245 8598 2090 6950 699 4463 2822 9846 5095 1533 1655 6777 471 8784 124 4807 1233 721 9272 0 7967 7597 5024 1691 4374 8747 1683 9895 2325 9057 3549 5830 5049 8554 4666 5571 8436 5116 6695 6826 476 320 4906 8840 8816 8400 2304 5423 6441 8339 1870 1098 5486 9084 6939 383 9167 7886 9686 191 1842 1766 7759 5359 7192 2102 9013 7298 4533 2345 4393 5773 3244 8860 8919 3802 5333 4892 816 5689 6114 7649 8755 8168 3020 8527 7225 4689 2534 6440 30 2814 5249 4294 1910 4748 9050 
28 3000 8569 8286 989 425 2037 3134 7107 3897 9604 4975 3646 9582 7272 1004 9150 8875 4229 9330 6319 8255 8065 9349 1281 1222 3111 243 5998 8356 1905 7594 3792 5494 9781 8139 8001 48 2581 2633 3748 5433 7503 6852 2852 3624 7055 708 1852 5846 6155 5499 3157 1376 2337 9279 9327 4480 9100 354 473 9473 2363 8903 4787 3898 64 6725 2191 9838 4867 5109 1116 3350 7 830 8405 2020 8254 270 2339 651 4002 1666 8789 5068 8483 5480 497 4056 8108 2893 9474 9412 5932 2429 2527 4135 6244 4700 9918 8730 
29 3000 2281 5278 7132 5646 7068 5688 9786 1829 7383 2532 1656 9412 847 4737 5824 4518 6139 8920 8962 4197 6336 2889 8731 1483 5375 7263 4307 8577 7649 5218 38 8160 714 356 2214 2819 1138 2705 8978 2614 3456 2837 3348 754 2267 4115 9368 7411 7446 3065 1392 1652 2485 7872 6478 1496 5956 4998 9923 2099 6103 3932 3908 2062 8555 60 9283 7868 7167 5660 464 6433 7986 9025 3460 5798 6337 1704 7030 3933 7042 3883 6956 5669 7757 7871 3447 7762 5438 9725 1668 2072 5932 8998 5387 6874 6690 6608 3759 6290 
30 3000 2607 834 1225 7848 4986 1438 537 8169 3633 1910 8916 6768 2065 9840 7324 7995 5852 5414 2871 1091 4086 8035 4338 8370 3964 1069 832 1529 8510 4716 3562 6083 7408 7005 744 3920 972 2919 5623 3988 7232 1635 7633 1103 2154 1902 6666 2880 2972 5532 481 4795 4662 9021 5228 3366 9525 3300 9099 7465 9903 1600 9111 7746 4023 5452 1003 4208 4955 8808 2265 1880 2710 285 8290 4623 9447 3538 1653 7070 7819 5754 4511 4683 2431 4275 4132 1934 4439 1345 1547 8616 9257 6978 3327 4276 7401 9955 6486 774 
31 3000 8451 6949 6506 2966 8143 9764 8494 7513 8585 712 1453 9815 1592 6108 5692 9066 5156 7888 3346 1445 3035 3358 2033 1417 7462 3066 1630 1171 4995 6794 4174 8177 5472 7682 6892 871 4107 4476 8351 2460 6704 1893 7738 2861 7994 9125 7258 8755 3102 6452 7665 1774 2137 9994 6915 4805 7906 4581 1939 6430 6755 4746 3550 3479 2532 3850 4467 1716 3679 1325 471 4648 3444 8047 4676 457 3225 9833 4940 7060 9031 9059 4383 5292 1072 4407 5049 215 6477 8740 4674 551 5133 5092 6596 6240 8645 794 2777 4126 
32 3000 2434 9715 9959 1764 944 2641 8938 9352 5987 5762 6970 9792 8207 7300 3296 6874 1666 2252 7793 1583 1565 5260 2756 6531 5079 1612 7795 8521 5325 6356 7866 9224 8449 1552 4424 3992 3842 1641 9694 8792 7481 6941 4083 5261 8394 5268 6698 3893 8245 1682 9005 5344 4058 6358 1603 9869 4046 583 4129 4881 6585 877 8280 631 2299 1239 3972 4019 9276 3515 8614 527 1408 5900 9509 4278 9855 9554 9384 6220 7636 3352 5042 433 7344 6750 9137 8563 1984 786 5080 2382 8939 7201 5062 4472 7062 5680 1212 7030 
33 3000 6887 9229 9867 8804 3969 7667 8981 154 5355 9251 8649 6230 9165 416 4761 8286 7313 3652 5777 3110 1344 3500 2631 585 1401 668 1759 9369 8313 4280 1250 710 8811 2250 123 372 3866 9773 732 8698 157 5949 4289 8796 4657 8528 9520 2839 2352 6783 4443 6510 7077 2504 1265 1549 5484 9120 4415 6446 4128 8944 1694 5245 9688 8545 8553 4477 2299 2245 5494 8222 2024 3740 8597 1290 8440 5843 3177 528 3351 8359 554 4259 6635 4078 7963 9835 5202 2899 1575 9325 5084 4074 2652 3321 6657 6580 6827 2869 
34 3000 2970 7615 6499 9536 1221 9217 6370 3585 7338 3015 2088 287 3699 3096 2032 4356 9969 7000 2209 2505 7068 4847 4284 4130 4257 6577 6731 122 9355 7323 9113 9796 2080 910 9480 5951 511 1472 4901 8055 679 3199 5111 3553 9284 8211 9295 7299 9530 2551 5984 9117 97 306 6086 9484 7223 5855 9038 3336 9923 4240 2083 2005 8330 9661 2670 3277 5157 2095 3986 9573 288 2048 3604 4260 8494 3422 5264 6086 270 4509 3771 1734 5802 7117 3027 6509 2057 3814 7181 3146 2998 3298 4906 8744 2921 3895 6800 9824 
35 3000 2924 5179 5920 5511 492 7718 1424 8845 2219 944 5358 6215 9638 9153 2553 4915 8196 5622 3652 8828 9337 4857 1267 2239 5719 2964 9251 1763 9555 6144 5104 6404 4074 7316 5497 5743 8117 861 4928 6243 3846 5495 7498 5684 7587 5263 1811 5721 3794 8663 9006 2566 2139 5889 3904 5801 7726 4205 9290 5307 4432 1436 3313 6326 1373 7597 13 2641 2489 4633 2974 7889 9266 4292 2103 4991 6568 4119 3529 3712 1609 1583 2633 6344 6038 6315 199 1516 1155 486 1692 6127 6254 7300 9660 5402 82 7615 9262 1080 
36 3000 5434 4688 6919 7720 6865 7050 2094 7135 1531 9499 2189 950 3154 2221 578 1286 9110 8038 7759 9571 647 7776 5626 3469 6222 3766 4878 1941 7967 1460 5540 8431 1279 9180 621 2170 7534 5988 2889 7612 9929 7683 4772 1994 2444 921 1387 1015 1933 5463 6692 2651 3340 4541 2763 9082 8037 3363 2198 6755 5290 5726 3641 4569 6849 8764 437 176 4660 5822 2410 4422 1712 7450 762 3905 5992 525 6104 1654 7582 5493 9605 5941 8872 1748 7273 7213 7900 1120 7354 3154 4816 9502 860 1865 1470 6593 5225 3172 
37 3000 4133 3768 1076 8063 9331 80 2142 6245 2811 6373 8274 1826 1633 7535 1606 7127 9383 2863 5825 4612 4513 4567 8577 6949 1807 4383 6993 5193 6970 8322 6341 5094 4341 9544 1807 1532 7738 9351 3392 1072 4416 6308 3943 2654 2162 3490 303 6394 9510 3854 7590 525 9077 3733 6601 6449 4029 4458 4333 1926 7673 2106 7644 2378 6173 5367 23 327 4383 1544 1497 2948 4819 672 1654 7761 9747 7765 5801 6429 6393 3187 4237 6701 5292 1147 4657 2467 1743 6321 7677 1938 407 8598 5491 3960 3017 5952 3644 2446 
38 3000 9218 5436 5937 8934 536 2306 2454 3270 7462 7263 710 2416 9670 1829 9937 7389 9360 1838 8478 8311 7715 9062 4318 7600 4497 953 8739 1274 762 8517 3090 8388 4695 2309 8697 8590 579 6552 9886 7804 884 1389 136 2042 1481 3247 1359 9335 9982 3336 6296 9793 7207 4274 4053 3787 1770 4825 8745 8257 7797 2779 1280 1151 5763 5940 4257 3976 6462 1253 9996 2486 8089 2047 1687 5491 6462 3407 7672 1789 8360 5670 8844 5223 7984 6048 9175 7870 6552 8369 9367 1344 5010 954 3635 6232 9875 2609 9601 9653 
39 3000 2198 6749 1329 940 9653 3640 5471 5450 1754 776 548 6497 8194 1370 9355 5412 309 976 4479 9725 5668 2239 6963 9471 5790 7760 8075 1630 6982 1096 4211 2682 4302 5883 4929 9288 8653 3075 4093 7103 6995 6322 4156 7709 5686 5464 3560 3671 6945 8151 7262 1722 8446 9589 390 4073 6027 412 5018 7843 9534 2680 70 2622 1787 3996 4342 6153 665 9753 2663 8137 4324 3511 5166 2172 9537 5482 9692 5809 3157 9163 7317 8736 6710 6073 1005 9085 4107 8629 7387 7868 2483 1140 1659 1536 6167 8930 5613 2658 
40 3000 3764 5581 8788 8737 8378 8309 2748 9134 947 1454 8483 138 6708 8105 6939 8139 4789 9846 2666 943 921 4626 599 7205 3281 2755 5961 3983 1455 1027 7286 2427 8528 4963 2574 1588 6298 9184 8571 344 3619 5908 3167 7468 7862 1568 924 9805 9506 1562 1730 8584 9856 3120 2576 3850 1877 6305 2459 7023 4165 3129 406 1583 8031 4802 6630 1876 7721 7102 6807 49 3753 3873 9475 1109 9382 8644 6566 6106 190 4375 7054 3441 6802 1329 3737 8302 724 3069 3135 218 3311 578 8518 8748 7851 4503 6063 7287 
41 3000 4787 5531 4123 4997 51 2880 5639 6872 6532 925 3660 1916 8665 3940 9997 9451 147 8969 7002 3558 4773 6826 2471 5627 406 1214 7668 5046 6064 5970 8479 8006 2133 436 9692 4437 3713 2958 2393 3068 7076 2503 4501 4607 9259 8410 4415 3050 780 8256 7791 5118 1475 3856 7450 7812 9465 5381 6400 4099 3245 3608 3988 6718 6900 285 5182 117 8441 6635 2969 508 1277 9970 3885 4053 8797 8441 6665 3173 2089 3909 4024 979 780 2938 7555 3833 7000 5920 5759 2031 2471 4320 5195 8610 8724 6045 4763 6284 
42 3000 437 8941 3098 2500 1900 2417 9105 2627 6605 7186 5606 1255 9963 3142 6121 1639 5140 5351 4767 3251 2025 8173 9289 7465 9318 7512 7209 1366 9745 1182 5105 9686 8400 7406 1014 4858 4207 1436 9957 5201 4510 301 2595 1232 2791 5674 7002 96 9507 4874 3570 8125 6055 9982 3037 1523 1862 5087 7637 5173 4602 1663 5379 9572 3533 2058 7449 5890 5962 1119 8737 9149 6838 5938 1489 9540 1462 3721 2086 1849 1331 7787 945 3017 3102 1687 5546 7829 680 1450 6586 2716 434 5955 7254 7690 9537 5427 5635 6407 
43 3000 7430 8058 237 4344 415 4752 8645 5114 9364 2000 9294 4894 564 2870 6375 4988 9681 6132 7862 2506 8847 3505 6664 9180 6878 5024 4900 8288 2612 2542 1305 9720 1374 1344 1755 3159 4566 9899 2921 9390 2385 7727 9045 9731 9657 1400 1843 3596 4805 8658 3530 4177 1940 656 2978 2251 6074 2339 4986 8113 1460 933 2690 1640 3056 2570 3084 467 1120 7031 5675 6302 8915 620 4260 9357 3561 7159 1830 905 9988 7106 8594 3965 8035 4808 3135 2114 2661 3864 6684 6415 7282 628 525 476 242 5826 6520 3641 
44 3000 4400 4303 763 2288 9843 2895 358 9270 9727 6424 3320 1472 9243 1819 1600 5493 7708 365 7244 1456 3776 8068 1663 4940 3779 4158 8040 7041 3195 7706 6857 2554 1235 2370 4544 6282 8556 9269 5260 7469 8106 7975 5794 2361 9085 5639 3592 4884 4035 4231 7911 5461 9059 5916 4092 7937 7153 6551 969 4643 4679 7300 1390 9579 949 4386 5874 9719 943 6959 9385 4451 1149 3092 1235 3130 8526 3906 8116 761 2593 5810 244 1815 648 877 642 2154 6104 5337 7544 9094 9956 6201 9915 9589 5369 6005 6111 6537 
45 3000 5394 5681 5652 3215 3809 5554 4126 5840 9080 4463 1215 4248 1457 7007 1850 704 3183 8915 483 6839 1834 545 8497 8704 6791 8501 4726 9957 8821 5382 9113 3169 2797 7653 9483 9259 3535 1641 1449 5053 4762 7653 1436 8966 1204 2227 2836 4813 3801 8500 5284 3740 8044 4704 7060 4284 5448 790 618 556 8132 3170 1237 8551 6540 7591 8797 580 279 130 2686 7828 2085 6315 9823 1040 4910 8372 5811 9328 2141 596 9216 7105 936 2844 8967 9144 8690 2161 4886 3760 2627 2524 1339 4120 2512 2712 4014 7676 
46 3000 6492 2302 9821 3726 62 5793 9921 9092 8151 4849 5882 1934 342 8671 8948 3683 9209 2494 2449 9095 1781 4206 7325 4441 4133 9099 779 3810 9102 2733 8054 3546 7126 1937 7334 4807 207 3928 7775 4245 9003 3560 655 2817 3044 8691 3650 2720 4066 3682 8239 2447 2484 1017 230 9972 6976 1048 3413 4057 7199 9870 6336 3688 9631 5312 2209 5633 6534 1062 1930 122 8043 8911 239 4663 7383 9125 4992 5966 9207 8940 9569 12 1063 9185 8396 227 7981 9027 5598 3797 191 8841 6781 6100 3959 1209 3928 3263 
47 3000 5557 37 3430 2847 8347 7805 7240 2656 3000 937 7145 7668 835 3295 2173 5098 282 7802 9117 7578 6476 6188 6193 4465 3967 6862 9809 1280 2561 905 4473 7259 6289 6194 5822 1043 5490 9648 6767 4483 2032 7596 6778 4575 7649 4277 4281 3518 5405 8460 2190 6899 4287 8187 6554 9997 6915 3650 8339 2225 388 8180 8328 9680 243 7376 5148 5832 7549 6342 6426 329 9119 5067 3060 5934 851 1916 6627 3582 4195 5250 9907 5562 5739 3178 538 6829 9925 1421 7791 4435 4891 9314 2473 5088 1434 3923 9956 838 
48 3000 5100 2293 6326 2880 1398 1818 7663 3493 4143 8740 2443 6099 6916 4765 7065 3440 7658 1815 4504 3895 6384 4894 6086 5906 6022 3086 6393 543 6376 8679 1289 2183 1220 4404 9072 7320 8510 8816 4755 1501 3725 9779 7461 4381 6331 6097 959 2908 9372 7252 7309 2632 2182 1283 3643 7138 6231 775 2069 5605 4081 6984 2692 8491 1484 2081 9774 1337 2592 9527 1007 6706 8299 2563 9915 4238 7704 836 1383 8837 2705 5145 310 6974 5708 307 3383 1127 469 6161 3983 2335 6063 6680 210 884 3968 7227 6038 5114 
49 3000 8283 9918 5589 8355 9065 7120 536 3981 8800 3075 632 8601 1985 3646 7364 3358 7849 4182 724 3373 6189 5522 9118 5294 6337 8110 2389 2986 9250 4247 7972 1339 2721 8455 170 8196 9726 5980 2556 4421 9881 9406 3502 2072 4037 3410 4829 719 1995 7624 3588 1873 3341 7638 6957 1542 1416 4115 273 920 404 45 8183 5196 5546 6107 8921 479 6481 4172 1709 8867 3711 8921 7286 1625 8188 7592 1563 493 4034 7851 2393 7124 4376 3788 9481 639 313 37 7407 3309 3008 4025 1779 4370 8897 6339 8511 1950 
50 3000 8033 9225 6226 3131 5554 3211 1781 2131 6264 1846 8922 6615 2355 4580 61 2127 4245 7752 1174 4646 4543 3718 9836 1276 5137 8091 6366 9048 7411 5118 8110 1858 5583 1170 6840 5522 3173 6367 9280 964 2590 4326 765 5521 7846 26 2010 2377 400 5809 9018 8125 8118 5499 6105 8444 7367 6649 2053 1915 8227 911 9389 1950 2831 2534 6783 6852 6833 4983 4580 7997 3994 5687 3448 6146 3897 8908 6161 5874 2792 6738 2494 8134 7553 8222 7258 936 2775 6601 1447 8157 984 4685 6517 6476 5979 8348 1789 431 
51 3000 9297 8149 4974 5603 9800 9082 5830 9925 6396 8441 2933 3115 3872 1819 3586 4235 1862 7230 6842 7374 6937 7353 9656 5458 7822 9906 6164 2182 3728 6140 88 2070 5828 7458 258 8655 1837 167 9267 795 3732 8343 5247 7099 8591 4830 6777 8489 2557 363 900 8883 7930 809 4285 4006 3377 2543 7501 8318 7280 5940 2415 78 4191 7001 2727 4527 4429 7095 7616 5191 6792 830 8523 3323 4400 2052 9047 5455 3653 7964 7978 9085 6328 1373 5444 6484 4790 1060 2196 6630 334 278 2000 5268 4648 3371 7175 3090 
52 3000 4402 521 7236 2048 8967 619 680 9786 1250 2263 9881 2195 1663 2874 9120 4103 5208 5949 5740 8079 1699 6425 4420 1368 9094 4182 4577 948 9964 5658 897 6719 1084 3598 6984 2803 6144 4927 2139 6985 1593 6742 1259 8269 5601 436 7872 2561 148 3941 280 6477 6242 2105 842 9278 2259 5182 8378 2931 5402 5454 3689 286 6300 1982 8217 1390 6713 3471 5818 7919 380 9270 7665 5738 6980 8490 278 5580 9221 7255 6670 1862 3058 4067 634 9610 1030 3307 4135 9526 8726 6852 7846 1164 4376 3827 4793 4244 
53 3000 1562 8467 7139 8086 5062 6125 6082 9161 9815 7380 4883 6785 3006 294 5020 6920 9287 777 5464 4111 9110 1086 5081 1543 200 6444 8161 9226 2138 9786 3069 303 4079 4633 4021 5483 5590 6086 5991 5600 619 9946 2733 2299 4578 9962 7936 6838 4565 3203 9503 7029 2699 3549 6949 2294 2587 3320 1931 6846 8913 3014 1902 1001 153 9185 6884 609 4416 433 9374 4616 8405 1531 7371 743 9513 5665 526 9300 1033 4810 9420 5113 499 8226 7969 7589 1151 9073 8950 8896 6527 9166 2650 273 8174 1840 8648 6462 
54 3000 6489 2946 716 8268 4688 9975 4844 3242 5887 9305 396 4491 3328 1566 4386 7610 3710 5144 8876 5738 3656 7795 1513 2750 9306 6396 9170 4556 9029 4814 4733 8540 9263 9903 6996 1117 3480 5622 3696 3419 4277 5288 7656 5099 8590 1938 6070 6268 6034 6834 2902 7553 365 6077 4414 8280 4076 5358 7820 2784 6108 2825 3058 4840 2687 83 7700 224 1296 1313 4971 7396 7759 517 4911 6307 6458 6893 8642 5335 3671 8325 5778 6343 4042 3012 4950 7860 164 9206 7457 6394 5298 3089 4044 5862 9214 4767 4807 5150 
55 3000 7150 2389 2216 3797 1909 4398 7269 5802 9069 9896 8772 1560 5324 7147 5738 7919 9950 191 2914 6363 9395 3595 9439 9321 4989 5324 611 4603 3793 7733 2802 7954 2554 6693 1474 3744 4803 8833 2338 3770 1062 6916 5631 4191 2193 3327 3513 592 5854 1705 603 1161 6095 6679 7622 8000 6070 1745 8179 6560 3877 5261 8666 3198 1524 4566 1291 861 7017 8229 226 2894 9577 6418 887 4975 7979 9397 2337 5172 2017 4147 2809 2127 7092 9112 8365 1367 1929 7070 4667 9733 9416 6130 1882 7942 571 8850 2711 1271 
56 3000 1627 9488 3539 8363 4252 9370 8711 8161 8884 384 7941 4970 1203 6608 6830 1636 1710 4049 525 858 8454 8516 495 4619 2862 1618 4432 1747 8710 4887 9280 3597 4210 2016 7385 7860 7225 9238 5774 497 3609 3820 8558 5796 8674 681 2458 4559 1777 7143 5459 408 4035 5798 8584 4216 9166 5507 799 6672 7455 518 7042 8961 2842 7716 9371 1571 3135 1989 1244 1230 3355 9731 4921 5961 2196 457 1991 8271 1618 6550 7025 6452 9559 1135 4353 4022 5779 4074 7966 7280 820 6086 4543 988 8099 992 9605 2183 
57 3000 9121 6091 6792 2109 1823 649 261 6276 2032 2527 221 2643 8059 2923 1580 7927 8417 9243 5722 2036 2652 6100 5413 629 5317 4432 2827 5799 3057 8750 695 4879 4822 2509 6587 7382 5214 1602 312 50 944 5984 4445 49 428 9416 7981 6267 6496 7338 3111 8755 2237 2863 5125 6281 9961 898 5439 2018 3292 393 7747 7347 2376 4711 7300 3796 2230 120 3305 3095 4198 2419 4457 5362 549 1685 7586 5409 2185 5138 9440 7177 9484 8142 1583 6297 6266 3326 8424 768 6880 7826 8370 9772 6422 8663 8100 601 
58 3000 4071 6231 9974 3721 9557 5925 2552 5955 2749 7883 4253 1787 6372 4859 129 2801 1845 8218 1770 5236 8244 2057 328 5672 4399 5453 2670 4838 4099 2832 658 9543 4439 2466 3550 2739 7284 3093 3524 1701 3854 8665 4338 4338 2447 1218 3098 3624 9270 1869 5169 160 2411 9934 2194 2854 8923 178 3255 7732 5044 8185 9143 4872 9535 3853 9766 3459 142 3014 4670 4974 3191 7185 6700 4497 6298 1432 8767 145 4212 374 3760 628 7778 2298 7568 935 6029 1406 5232 6139 1398 8189 226 3334 8060 7922 6854 1691 
59 3000 3397 7281 5784 645 2586 9097 2695 6199 6314 5218 56 5361 1621 7514 2028 8703 5861 6991 2495 1040 3793 1041 6210 245 7798 8811 3075 4179 1216 4702 5547 5747 4811 9986 9160 6089 6364 2555 6181 5880 3383 4792 2384 4771 8948 9567 6955 8943 672 4355 5520 6791 2792 3487 6294 2736 1383 8517 9362 9153 2703 6722 9078 6437 4648 7719 9595 1178 1352 8214 3516 2476 894 4872 3671 6373 6145 5312 8022 8409 8726 7231 7687 4311 6101 5648 8093 8796 1793 8274 3255 2506 8722 9012 3178 7071 5672 9574 4381 8285 
60 3000 6876 9229 3556 7422 4736 2673 4338 664 5663 6029 7213 6663 9035 962 2542 2224 9296 6929 6714 6111 1165 1549 1426 985 7976 9101 6080 3460 3146 7141 3316 2284 4762 1252 7660 4653 3298 7914 7305 643 2452 5497 9010 5765 3115 3389 6129 1652 455 9234 9765 4868 4138 4309 3043 3839 1664 7018 8517 3914 4834 4513 8692 547 9337 2440 9684 606 7468 2810 7991 1808 3965 9996 395 274 4977 4854 6994 6218 152 6967 7353 7751 7851 5020 9777 2815 3489 5293 3720 9244 1000 8281 5306 2947 7426 3445 5987 4215 
61 3000 634 2078 4316 2156 152 8304 850 7253 1137 8198 6181 2046 1465 7033 2085 9946 1943 4650 5798 2161 9651 8955 7423 2761 4407 7538 453 1858 8356 7423 5425 6917 8686 2936 6700 2187 3464 1701 2358 6260 608 8764 7236 7759 9969 8836 9069 9138 8552 6665 7776 8625 8851 5532 7858 275 319 3874 3926 2153 3953 27 9357 2647 12 5099 8063 4897 8853 3967 9402 9358 4903 4394 6202 4479 3741 4281 5912 5514 2317 7032 4880 1456 2292 5056 5756 96 6501 1382 8022 1204 8544 9412 1638 7840 5500 786 3825 5786 
62 3000 3770 1380 8964 1106 8036 5429 1626 5829 3356 7770 2721 1758 376 4217 8780 2402 3673 53 4352 3036 3214 6654 7535 8885 8953 6233 8628 1432 8540 4712 1906 2850 8166 2720 526 8565 6521 4710 4552 7934 1891 6210 2105 3056 2369 9188 3647 5710 9196 5555 9376 2404 3224 8781 9760 7569 4508 3643 9183 4858 5021 4095 2726 6589 4492 9266 6071 1295 9371 7581 8524 9415 4922 9004 9170 7095 434 5412 6150 8128 7562 9091 9062 4012 1793 9355 4491 2128 7034 7296 4660 2055 3330 8651 9205 0 7699 4798 81 1358 
63 3000 8101 1882 9589 1395 526 8056 1524 4058 9210 8854 5459 8906 9973 689 4142 6169 6686 2469 4025 9936 859 5348 8917 9457 4356 597 6762 8581 5238 5594 9539 3313 6723 7955 6290 7499 9278 7771 9275 6633 5834 7983 3245 9790 129 2879 7848 9687 8166 4713 3155 866 2807 8452 8312 6000 1489 4649 3318 330 7061 435 3927 4221 1751 8643 9673 3848 4254 5053 5029 3 9947 3764 3676 5028 4232 690 5913 7876 8996 5179 9177 7291 2206 9763 1702 3120 617 8026 9293 5745 5619 599 5227 3643 2200 9286 3283 9067 
64 3000 1031 9306 3894 1856 3687 9664 3424 1370 983 1651 6569 6546 4442 5460 1886 4083 880 4935 445 4752 128 442 7606 7825 5864 9866 7921 3639 9582 7727 3164 4277 7685 2435 3478 2376 1692 1651 1657 8062 1583 5793 548 4008 2265 9647 3576 8617 3158 2122 8397 7331 911 4116 3677 2067 5245 4514 8994 8770 7912 4308 7862 3102 4792 8844 3888 4250 1100 8192 46 6854 9733 5643 1084 1073 2730 4332 9042 765 5863 1979 1916 9794 6355 3764 5427 6469 3714 3324 7925 6096 3703 1870 8421 1666 5428 5437 7731 2661 
65 3000 1552 252 2761 1992 1635 6232 3907 1051 8600 8606 5580 2899 8324 7659 9860 3576 2349 6603 3275 1530 3723 7574 6699 5178 5969 5755 8386 8590 5170 1618 115 5297 5185 1298 6472 225 5989 5089 7252 9752 5140 4062 2984 9894 2366 4818 3586 2613 7280 2349 141 248 223 1045 9798 8077 6224 3805 3803 4999 2093 9292 8647 2343 6637 7298 348 801 3997 2242 1850 5488 112 4792 3550 9122 2315 1609 6952 3339 2039 3220 1445 8120 664 14 4203 9352 8480 6362 3215 4515 6774 2864 3435 6484 3049 6719 6060 5468 
66 3000 9360 222 934 9068 3781 7386 2071 457 4997 8687 6314 4691 13 3932 5107 3144 4999 3262 9398 6065 9252 6267 7669 3261 2289 9237 7086 2905 4058 526 7777 8475 8279 4058 235 3804 8911 938 5844 6270 9739 9205 531 8104 7091 1702 1547 5819 5678 2067 7365 7776 7554 8863 709 9860 4214 7815 4708 9293 1803 2188 2170 6568 9455 1278 7987 5505 763 7038 4662 1436 8366 8820 959 7513 1662 6246 3684 9143 7652 210 2585 6546 4899 1991 8380 5435 626 504 3908 5833 922 7670 8408 8997 4090 1913 4922 2483 
67 3000 7104 9779 821 3327 5206 5683 1457 9355 4615 9783 6940 8614 8372 3969 2043 6934 5301 5992 9226 3610 2100 1706 4793 5210 8555 5440 8161 7509 5884 8491 4273 5548 8195 5752 9117 1817 7083 451 8381 2564 9338 7027 9233 2229 7790 2124 5219 6003 5273 3710 4294 508 1712 8328 9970 2610 4340 6464 5599 6352 1039 6042 1771 8010 6802 4049 6842 9278 3324 6277 589 8576 1720 5197 984 488 8358 5953 4097 3311 3830 485 7127 4751 5039 9772 4548 5719 416 4209 7393 2275 8256 2095 5649 5680 8187 6262 3794 583 
68 3000 5756 8816 9439 1328 149 4009 5112 6387 5025 9237 3159 921 2484 4159 3771 7462 157 7944 6134 4722 1421 4641 2711 4525 8736 6679 6640 6869 114 6483 2266 3106 8705 6221 8787 7253 5515 5680 7038 5425 5243 8254 9388 3392 5250 5074 2770 2265 7643 7246 4835 2304 4494 6229 3224 4851 6181 2324 7977 2387 2847 1303 7054 6720 8996 9148 4992 5289 1205 4926 4681 5600 8964 1784 2265 7784 8641 6072 5170 5283 571 4585 3258 3652 9274 9938 3102 7500 6791 4059 5390 5545 9149 9815 5452 3797 5956 750 6910 6869 
69 3000 3109 8964 8461 7410 8638 1107 3773 3660 1671 2495 4515 5138 4519 9364 6511 6450 7899 9235 9015 9220 9267 9414 7113 2152 4285 3609 7255 9211 1411 6681 5900 5931 9615 7512 1299 3853 9218 0 8394 3078 5853 2184 6850 2954 7563 3487 2201 884 5009 88 132 9260 4812 8417 3879 521 6017 6779 4759 335 9688 5097 5818 8910 1613 2786 8613 427 8153 4745 3112 599 5202 5482 721 2353 279 1359 436 9640 7741 962 8124 9368 7125 3597 8920 1461 4611 5915 2758 7041 7611 6651 3022 4740 2489 9502 8325 5130 
70 3000 5395 4119 7408 3285 6230 5230 7172 9460 5742 9884 3824 7904 5735 2825 7160 3792 2409 9985 7967 8282 2828 110 8547 1703 4509 4498 6370 4858 8134 4878 854 8461 3395 9403 3266 695 7952 6769 9747 2896 9530 8466 7470 3360 1128 9143 3911 9279 9363 5110 9254 6796 5933 954 1921 9194 2206 4291 7218 3199 6936 8630 9119 3417 7105 4375 5166 4891 1882 7942 4493 3785 9718 9009 8984 6195 8561 5883 7546 5078 9191 9000 3514 5313 1690 2541 5174 6887 5029 4186 9424 6199 9784 2976 8542 5496 3975 5315 92 432 
71 3000 2032 9091 9954 5750 6883 5919 8473 9094 5171 1513 9736 2937 5592 4185 3977 4644 362 1462 3103 4655 9804 4836 9346 2793 66 2631 7041 2696 3957 1003 7526 4379 4916 3057 7175 4914 4100 6098 8543 7242 596 6998 4649 7103 4768 5694 6377 8098 4713 6809 3002 4871 5858 9396 5841 4417 3671 4813 5036 5516 9502 2717 9451 6294 9549 5182 9700 9901 6946 8952 4302 8325 6977 5806 8957 4326 5420 1058 8947 1488 6 173 4665 2408 5015 3520 267 5006 8987 9239 5449 6954 5561 4236 349 8235 7444 3308 3575 1832 
72 3000 3497 6385 3358 2529 8951 3904 1829 3852 8749 304 2418 3122 4006 5646 388 4639 1604 5363 6481 996 6904 8125 3697 2506 9586 1841 7202 4765 2615 7777 7345 4331 4329 2801 5819 2540 3658 9758 4935 7431 8456 5962 24 3812 6976 9820 4966 1438 2449 5578 839 1323 809 6188 7703 173 1527 4310 9493 2943 1574 1430 2054 3522 2519 5104 4291 3541 735 4334 2444 9310 743 3062 7496 6868 1679 1788 5693 5176 6877 7320 2201 7421 6593 645 7884 451 3835 2923 9204 2329 3337 9609 1247 8026 3642 2699 3881 3221 
73 3000 2322 1101 1028 6236 4311 9133 3067 8101 3379 3139 2364 728 6715 6244 1923 3228 2642 1213 7162 6338 1462 1459 817 4986 9416 156 970 8968 5775 7489 2198 1762 3056 6024 9855 7459 361 4203 7469 5821 9841 7968 7275 5466 6287 503 3862 5177 9847 108 956 3333 1860 6197 1316 5472 3826 3413 9767 9971 9494 3880 9349 1853 78 7571 596 4726 2593 804 3935 839 1327 2864 5220 9263 2421 752 4377 2204 1595 2048 7186 9434 4978 5917 183 850 3079 2222 8684 7156 7875 8776 7942 8677 3025 6708 7420 2285 
74 3000 7210 3963 8197 6465 601 6921 3494 4493 4443 145 2324 5746 3775 4249 6272 5139 3269 1897 9399 678 6190 1925 1264 9148 6494 1580 3083 9920 4036 6902 6998 6885 2913 1210 8488 8511 2927 1729 1892 6028 4179 4336 9060 9738 4777 6428 1134 3445 1683 7918 3448 7018 4673 362 3554 7070 3428 4198 2380 5769 7750 4119 8499 7773 901 2574 5540 5286 6069 1381 2709 1242 5954 1480 8444 615 5488 801 7192 9852 7672 258 9311 4430 2540 7877 4098 4544 9252 1032 5940 8908 1306 6828 3594 6697 4878 585 2586 7601 
75 3000 290 2469 740 7 6596 2232 6833 7313 9298 2086 2366 2356 1186 7697 6472 9976 6306 7310 3940 7693 7043 8989 6371 4523 4341 5993 6452 7906 1044 272 5357 8766 8354 4083 3281 4697 5430 9745 3084 1267 2094 7499 7075 1456 4678 1514 6912 3214 4984 4004 6627 5141 2376 7471 8781 300 8996 5083 3743 8147 8099 9164 2087 4593 5525 7817 124 184 4282 9673 8554 6413 2266 6757 4240 151 3098 5489 5114 6207 88 5800 8202 8011 3329 8384 776 6424 9908 64 4637 6669 7246 7290 3507 3391 9566 7762 3567 3842 
76 3000 7480 171 7102 9186 703 2077 9281 3937 3897 5900 8061 3514 5632 3041 7210 9926 477 6132 2465 5581 4216 9403 804 5219 2185 7181 2851 5972 741 509 8403 5543 1848 1894 5083 8522 792 8176 117 813 7027 1527 5234 2195 8129 8568 4698 7008 6897 7618 6454 2956 1559 4066 6414 8046 9118 3864 5850 5645 1814 5150 1928 7662 6713 7995 1357 5857 8424 2271 7169 1278 4938 3649 8617 1813 6593 7722 4208 7881 8164 2248 7852 6235 4076 7521 8137 1898 6746 4870 737 8222 8048 3278 3936 5070 3901 4129 7280 5126 
77 3000 1985 4077 3355 8328 2582 6046 2692 4427 2538 8346 1788 3668 2355 1925 4264 5603 6405 5734 5142 6022 6269 228 8245 2013 7207 8984 6722 5141 7738 8450 6709 2765 2366 5813 4097 7463 7411 4997 4440 4597 9977 782 5980 7991 46 1053 5800 3746 5684 7171 9101 2167 1390 2466 1605 7828 9554 8860 5082 7748 5052 1613 6003 7709 2954 2195 7315 6681 9374 9280 3346 9384 5424 7870 7831 6975 4313 6538 5066 5849 1553 2801 4182 4581 8309 6615 6551 8978 7854 1997 6310 5264 5166 6771 4018 1394 9639 439 3427 6478 
78 3000 924 176 1390 8349 7893 4954 885 9241 732 7784 7169 9599 6151 6089 7056 12 5728 203 1314 1273 7370 9988 202 2562 9909 9579 2112 7754 809 263 5354 9854 7011 1464 3056 3553 8897 9875 1187 5914 7380 6694 9718 5180 4115 3003 6892 7707 4847 3261 6628 3025 5866 6923 9051 7015 3606 8192 4142 3227 7353 3883 8517 2306 5087 9423 5325 9555 2451 2974 7283 616 4832 7673 2819 5278 2585 2009 5360 9416 9368 8316 5724 5043 3605 9396 7653 8496 3083 3263 6466 6747 2659 6016 834 1833 5103 2833 7681 3417 
79 3000 5066 7093 216 9469 6165 7625 9081 5079 1199 4073 6631 9386 5491 399 4335 638 3351 6498 3304 9378 7666 7948 7942 9750 2616 3879 2726 8933 9510 2972 2105 4698 5759 7575 3532 1098 6955 5955 3609 2268 2096 2664 7374 4364 1919 7039 693 5621 368 9820 5797 4535 9182 7899 9926 6172 5612 7189 7112 6602 3260 3619 3081 5461 6041 2260 3276 6625 5279 4566 4013 7031 9915 3747 6759 3600 9853 8264 5531 8302 2419 3455 7427 1338 1957 1272 6276 2447 2537 8162 9413 341 3802 1055 7590 264 9927 1492 7992 9674 
80 3000 1711 7864 399 2053 1794 5789 6456 8841 2993 6606 2082 9492 9768 3993 2991 9662 2816 8721 3349 7512 6780 1515 7549 8146 1089 4059 5115 6168 3930 8111 8726 6366 9329 2752 5374 2520 7372 9758 635 4335 7540 7091 6077 2502 5179 528 9782 1879 1087 3400 3 2802 4228 4466 1939 516 7572 3909 7638 2735 7065 7459 9023 5326 3709 8635 4047 6117 8787 9119 5967 6830 2196 7251 5749 3141 3916 4651 7596 2863 8595 963 7596 2253 3270 6730 5504 449 8202 4386 9642 2025 844 7379 4927 7676 2927 7417 4024 3030 
81 3000 679 9840 1620 5575 8163 7114 1831 9721 3741 453 8727 9986 9666 9565 9984 2300 4796 525 3663 3442 430 1768 8110 8597 9281 8212 4984 7040 7558 3503 5413 5945 185 388 9264 2316 9140 9210 7554 3052 4919 4526 7970 3121 1127 9860 3526 1879 2193 567 4336 7494 4208 4834 2522 9514 8891 2799 238 9541 680 3796 821 46 6946 1729 3071 1304 1330 8567 8652 6444 214 5963 2621 4642 2304 5002 7078 2425 1351 4074 7943 3104 1985 4865 4863 4334 8686 6483 4234 3800 7868 7701 5356 3021 3098 7331 9709 9284 
82 3000 3433 2716 3357 5708 4888 6354 2474 9422 5023 646 1998 7873 658 761 7405 3268 8715 5639 9615 5120 181 7105 3018 943 7199 7122 6625 5053 3281 3159 8349 5506 6651 1685 2401 9155 6707 9793 9824 4833 3609 4946 2143 4661 1002 2847 8140 3485 1847 3435 3759 6431 7389 5007 5133 4591 9248 6464 4736 8829 4634 7681 660 1718 4685 8003 9016 7595 5932 2870 9467 748 4890 8556 3871 1722 5773 5047 8069 1753 1333 7033 6779 5328 6823 3032 1626 867 7092 2631 2296 9534 6796 1863 812 2167 3736 6701 8936 4339 
83 3000 5329 4677 8696 9542 8192 4630 6040 493 860 4579 7612 8570 9624 7713 656 1371 7498 6520 6041 8396 6308 5027 4413 4854 1904 9173 5476 3602 2505 5307 392 5197 161 6806 7307 6086 5340 8824 6 4908 4650 1158 9689 6934 1671 9253 9874 6622 927 3314 4422 8299 4970 5556 8693 4975 4598 5577 3821 5270 2194 3851 4116 8480 8191 3350 7595 7754 661 9290 9627 1404 8032 7003 9720 2344 4926 7933 1414 5640 1124 3755 5315 4200 3656 8623 5245 2581 2016 9542 7517 8920 6503 4862 3343 4999 9683 899 4354 4418 
84 3000 981 6684 1261 8917 4396 6830 5624 2797 9340 2532 4759 5486 4602 685 9765 2222 5442 1132 6675 2858 3798 2034 734 8800 1634 3368 3802 8063 7401 8545 4881 8453 5626 4159 3765 8881 9629 7855 7822 8791 7363 4329 1892 5721 376 9446 1317 987 5903 2487 8091 3493 2081 6522 142 1658 6288 6901 3728 3483 6608 7881 8969 4731 6422 7370 8496 5232 2121 9796 9233 3324 3948 7104 7294 8405 9958 7880 6015 1620 3116 4593 7102 4670 1504 8970 4911 6741 1665 5488 3853 9571 5068 2999 8913 624 7696 4472 9312 4406 
85 3000 2761 4868 5277 1895 6544 7136 7949 8099 7363 6328 2404 7743 7657 1854 3813 9075 9206 7846 6711 5799 1468 1659 7408 7136 3046 489 9509 6007 6274 6118 2570 5338 4936 7790 3875 2501 5104 3204 3338 1863 9103 7633 1530 5479 2602 1174 832 1893 4826 4118 9712 3078 1898 444 127 9490 3303 9443 8051 3251 1481 5463 7128 9465 4535 5778 5446 5640 2078 6587 5445 9258 4194 7136 6937 3450 3528 1958 3267 811 502 1251 583 5327 1655 9372 242 2441 1105 1455 4335 7231 5144 8161 4343 720 9948 8548 2910 4311 
86 3000 2418 1066 8751 2344 4148 2678 4671 2781 8510 6109 8726 6013 873 5213 8495 1795 1941 8471 8485 4303 4215 614 654 5319 1590 2367 8072 5541 2062 8318 1687 4012 3575 2919 238 5683 2979 4603 3276 7094 8126 8032 7315 186 3078 4469 5118 4228 6456 272 8088 5883 2896 3514 1805 7388 7643 8734 4673 2862 4267 9804 9698 2740 5500 925 9391 6334 7201 5751 3796 2513 5450 4632 1643 8514 6756 9988 4621 6876 1403 9803 4785 495 9912 9246 5082 5812 2632 418 3003 4119 2452 223 7361 994 644 6364 8190 3858 
87 3000 5828 1464 9778 7659 6059 5313 6816 8684 4044 5236 3674 6485 5482 4594 6807 3947 527 9401 280 5462 8381 3071 4421 3248 5004 9291 7597 1771 3958 3015 1118 315 372 9584 7266 3657 8029 1978 441 880 9582 6180 1447 2305 9895 4675 4887 4550 2505 8072 9694 3713 9217 4850 2782 6683 2812 9226 5825 571 2894 7157 5158 267 4849 454 4804 4130 1937 9033 2628 7789 509 1286 9611 6083 8342 2574 2258 3115 6109 1850 8118 438 1966 6407 4445 3362 9266 4745 9967 5390 7403 7570 9792 773 5771 6914 3439 5200 
88 3000 859 3382 5982 4596 6462 1521 2335 2068 7025 3320 4651 2953 4102 9828 2849 8009 5954 898 8267 4719 254 3064 440 6726 9935 5533 7003 1395 2152 4306 6714 5490 370 4428 5611 8987 9581 353 6289 7006 4645 4444 299 9874 1750 3596 3680 1299 3007 3976 5605 4689 4164 3900 167 7579 5443 4825 1272 4193 5506 473 674 6123 8547 4076 9123 1146 4505 3747 643 148 2403 5974 9935 2188 6814 7247 2906 7682 7452 3796 318 9709 1886 9469 4566 3446 1377 1725 9583 3726 9847 5756 3865 724 5967 6731 6625 3760 
89 3000 8371 171 7066 3239 4000 440 6791 706 9559 7372 5323 7030 6115 1012 8761 8713 6807 4489 1557 2324 7688 5014 1417 7057 1687 2997 7332 5414 5704 9297 724 2014 820 591 9730 529 5638 2871 6600 8739 2749 3064 8226 1717 8322 8778 9793 3139 4817 6177 1560 4713 6827 5969 8758 3745 42 7537 4619 8816 3336 1178 6529 3594 3989 8475 5303 8766 6017 796 7593 2098 1647 5914 1408 6616 5899 2750 4772 6920 4304 4248 7496 3610 3747 8371 6087 5851 6424 7219 1771 2055 6939 4278 1645 8685 2516 9789 2956 7197 
90 3000 6339 4245 504 9092 4016 13 7166 9100 3171 1080 7553 6492 6158 921 4784 4513 5897 8499 388 7936 4847 2385 7334 8752 7089 3002 6182 9973 3542 2999 4359 7571 305 5746 8564 532 122 1955 295 9041 6967 4423 4496 792 3765 911 1344 5420 3230 5132 1141 7059 1826 5875 2351 5030 6862 4254 2745 2643 6704 9074 3681 4136 4117 330 7507 9729 2726 829 8088 8813 6611 5934 4457 1254 3016 1436 7595 6829 8195 9549 331 2783 6372 3032 369 9514 1833 7438 6443 4382 4141 1478 7593 3639 6475 5525 5564 2494 
91 3000 7094 8230 341 3289 3930 1268 8794 1814 2299 2212 6459 1738 5745 5529 2439 7166 1 1698 7432 3326 81 4458 4883 5373 492 6180 5263 5329 8580 1361 3468 7136 988 8247 9350 9842 3249 8577 1365 8909 2503 5457 3355 5646 3331 9353 4447 4770 6726 2215 2085 88 2179 9720 8173 8304 2895 1646 8363 954 4134 367 4452 4467 4672 7473 9908 8345 1396 8517 8525 1472 7016 5886 6202 6550 903 9799 5839 2656 3061 7423 5372 5924 1206 127 8919 8359 990 8843 1063 4762 9337 7572 4247 7797 910 5000 9311 1171 
92 3000 7696 4241 9134 940 1726 717 5421 4949 914 8146 8596 383 8018 2666 839 9458 2736 5083 2230 3224 6914 1238 31 3501 2892 506 1087 2937 4966 2419 7354 3192 3975 1405 4549 1249 5024 9667 3931 3839 8313 8174 7202 13 3113 5785 4531 1812 4846 6492 5713 3084 5307 4797 4439 6418 5999 9198 5703 8196 4602 3822 6331 1783 4560 8162 8626 8833 7796 4952 7153 8721 553 6162 8637 6105 2358 7121 4993 6608 8112 8760 9474 626 3306 7987 5955 5263 2360 6177 1329 4387 84 5802 1038 6817 6277 5167 7724 2629 
93 3000 3433 1289 3006 7591 7584 889 2386 5721 2267 9517 3269 9971 5611 8791 6122 1035 552 1775 8750 4283 8174 6473 3696 4818 4175 7449 8769 665 8452 5573 699 4071 7822 5895 1911 947 1858 3636 429 8421 1855 8314 2904 523 2918 5987 764 1996 9182 9628 9494 225 2145 7615 1037 5302 2137 356 9320 8202 2911 5036 8910 7097 9353 8486 6787 1788 8326 8180 7251 6265 2634 1354 9944 9387 8110 2255 1008 3694 3835 7513 7357 2339 5472 9631 4084 4147 1736 8614 4985 6799 3980 1710 6213 8140 8913 1281 3054 5612 
94 3000 4438 801 9832 3815 8618 8978 2933 187 1763 1998 6960 8816 1650 3896 4009 2373 1858 5052 6070 2166 3234 8816 559 6332 8486 6248 8966 6137 9892 8994 8632 417 147 279 7656 8130 6321 4030 2916 9045 6953 2121 1229 2547 2266 9744 3619 4573 7503 8907 2728 2668 9396 53 3338 9171 5754 1806 6027 2523 8179 8844 3942 6700 7903 7893 2705 8771 4757 1850 3439 4585 9257 2027 8921 2573 7820 8524 2857 5689 1108 8725 2288 1464 5484 3916 3116 191 7611 4037 8752 1234 2161 546 1902 7460 2658 7422 9461 7800 
95 3000 5439 280 545 7928 6749 3621 7644 9078 2953 6203 894 4968 3874 4535 5485 6864 9263 4499 2187 6765 8383 1096 1000 8705 2728 6319 7933 8195 1862 5146 4907 9775 2381 9662 2781 2700 7 1308 7506 4749 4802 1248 9399 4158 9504 8867 5551 9680 997 8391 5348 8765 4897 3637 9127 3872 3269 878 9955 6903 5467 9843 8525 1758 2096 2838 1190 5022 2107 1992 1113 4771 3006 4625 2543 7508 4197 6749 8217 3221 3448 4686 9892 8564 6477 4814 1992 8171 9671 1440 8387 4082 5924 2793 2298 3310 3599 5150 9319 3517 
96 3000 8625 5076 3574 6829 9704 9802 6994 1765 6656 5712 1717 3298 1881 4975 5615 1036 4951 282 951 5536 324 7722 6151 2730 8184 7776 707 6490 8403 4439 3211 9309 7637 2466 2496 1110 9534 2744 1924 6178 8080 5785 6782 8222 4059 3350 4812 3554 4645 8195 9862 2403 6117 1941 8664 8345 9698 1070 737 5860 522 1047 1411 6021 9719 8566 7986 298 9636 1919 9002 2495 2172 9496 6646 8803 246 6402 2278 5991 2385 9207 5083 7709 438 8814 3849 8925 418 1456 1868 8480 6469 7817 4965 9776 7948 279 2651 9580 
97 3000 9648 8294 2398 4963 5133 1875 7040 8352 3206 3224 5307 719 7496 6473 5470 2888 9175 5557 2123 4968 2795 211 6083 3910 5258 89 7418 9196 7899 7011 1600 6641 1708 5335 8781 330 5664 452 6197 2679 8202 5407 3695 2612 1806 5646 2382 1876 717 1888 6408 9472 1780 1116 7865 4212 8402 5706 4814 5405 7649 665 2439 1666 455 9009 7322 7846 4965 5255 4850 95 2999 7043 9736 9043 9640 4882 9675 1109 5954 22 2123 7936 4823 450 4196 3945 9916 5009 5699 2026 7774 5646 5276 7340 3028 7783 9692 9257 
98 3000 6739 8814 6230 1410 7859 4724 8225 9885 7825 4834 3707 9522 8273 4678 7189 8356 1877 6992 4559 171 6313 840 1116 5182 1350 8858 2718 8851 9066 2624 58 8812 7185 6159 6071 9936 5546 7541 6457 7511 5686 8657 3336 8551 3564 3071 2024 1233 5392 2022 936 2449 6606 8541 4612 3496 3953 9705 9873 3882 707 6999 5092 3259 5007 4818 2605 1482 1324 7087 4228 6794 5051 2005 9919 2131 215 4919 9550 9562 320 9318 7809 2840 2310 5955 2231 8091 3660 92 4348 2620 2590 6874 3964 1846 1404 4821 6563 4359 
99 3000 2957 7453 3832 5106 244 3032 7313 6698 9114 2438 5185 8843 4111 5160 2161 5905 7438 3421 2519 2590 1047 4423 6250 7750 1853 716 8343 6320 77 8697 1179 9378 708 5231 63 2322 8093 2393 1876 1188 3651 345 6850 7074 6718 8328 3474 8705 8504 3784 6519 3116 9189 9602 8188 4457 8136 9492 2400 931 7229 1476 2185 9848 7341 9513 218 814 7923 3242 2465 7035 9714 5857 4965 4752 590 100 3731 800 4521 2383 7777 8292 3663 5034 5268 428 3576 6669 2803 2426 1560 687 7814 1582 8120 1890 4090 5456 
100 3000 1560 1233 438 8176 5692 8690 2450 4875 680 4256 7414 4250 7002 7061 2337 9242 2545 2623 5098 5848 2813 8214 8724 52 4271 6358 8797 2889 809 6455 3976 3619 3331 4520 9652 1045 2473 1063 4725 2942 4438 7075 1506 3616 9963 8160 8746 9587 6412 6773 7785 3401 2986 2592 1832 5559 9064 1020 8367 4579 5670 9799 4669 5178 63 3759 6464 4579 3446 7690 9708 6951 1815 7337 5488 5959 9916 8522 8047 5452 8339 4388 5936 8275 3732 772 6297 3195 2139 9702 2258 9964 5468 1014 3464 2505 1080 2102 9732 214 
