FILE: 523UnifS.txt
100 100 0 
1 3000 9752 5102 2213 8953 4256 6674 8541 884 4721 7322 5515 5253 5631 9409 9025 180 2458 1279 5821 6595 2192 450 3107 7987 6993 4910 1254 8272 964 2563 9639 7789 60 8779 5612 7424 5111 2081 6584 851 7975 7952 5242 4909 817 772 7891 8095 8509 3873 5916 7184 4158 7723 372 1978 7760 6237 9702 8175 7977 1208 573 8365 7036 4866 1844 1153 8761 565 1652 8404 9721 1585 7633 612 3512 8073 255 400 8156 2095 9287 4139 6628 824 3388 1694 511 7848 2820 4295 6772 2601 5292 533 7663 7925 4921 483 
2 3000 3750 5750 4322 7947 66 907 9827 829 5387 3058 9818 9626 4633 6755 6199 4054 4398 9625 8981 7791 1603 8678 3998 1350 5268 4740 3749 3073 1423 5014 1358 8255 1125 3760 7670 6386 1618 1104 1461 6527 610 9976 2781 801 3671 1164 9415 6019 4763 6498 6477 3423 9892 163 9124 6557 3887 8124 8393 7265 298 5696 168 9811 4429 3216 7271 3124 9485 9861 4675 1172 5853 5575 7844 1455 3504 1133 4198 1627 7518 6318 7703 4244 6737 6238 6586 9633 5547 5751 4176 6888 8771 2029 2865 2993 9707 5242 1203 66 
3 3000 1273 7363 4108 732 285 9103 6210 1616 4864 4971 8312 4969 4957 6457 6984 8408 5995 3339 7274 2794 5668 3117 8549 8221 3825 8576 3463 8143 5506 3462 41 1617 7090 6297 6898 3673 5576 2308 1579 3815 982 3491 2022 2637 1876 6788 1147 6570 4024 401 4576 757 2171 8223 1464 43 4942 2396 8475 8102 2869 3998 6861 4679 9544 1847 2684 962 5896 9438 153 3081 7592 2 8090 3723 5569 9684 9518 1884 9680 8860 4380 739 5475 1564 5372 3634 4104 3050 6915 8213 5341 5473 7239 8658 3742 1699 3604 6066 
4 3000 7914 7241 632 6942 2926 314 1780 9818 5832 19 3924 4 4321 2652 5075 2456 8500 6141 5224 2773 5793 2598 296 6316 8968 9010 9253 5458 7291 6039 4297 4952 801 4966 4218 5428 7717 2739 856 5015 4959 5164 8689 9085 1805 8212 7551 8127 6667 7450 8470 3739 6993 5602 2633 2754 2294 8232 3477 9483 299 7553 1902 6086 6227 4359 4613 1069 5196 8086 5582 5905 7745 4994 641 9781 8489 4476 5195 2466 7894 3490 5062 5312 7185 9121 439 369 6364 9263 2988 7638 5373 1426 6058 435 8362 9670 8016 8893 
5 3000 1097 9667 8721 1580 1485 1882 9106 5246 3230 2879 3897 2692 2603 4759 7452 8770 8352 2717 2727 4503 4724 725 3363 9327 7621 5342 8902 1467 3874 7646 3130 6431 3651 3292 5537 3632 5975 700 5909 1134 7386 7356 2044 8520 3713 4254 591 7894 4976 8449 1012 2996 3417 3742 2677 6453 4649 9489 5075 5147 1936 7535 1156 3711 3591 7272 3793 6153 3509 8821 5377 5600 4815 4344 526 2169 6643 7474 1928 8962 4040 878 9306 6192 989 1936 1506 3422 6567 6552 1714 9942 4215 1086 5794 3262 4149 2417 3754 5734 
6 3000 8881 6119 4337 9298 1873 2777 2732 8354 9314 2418 1417 754 5026 7066 4124 6932 8486 1431 2927 7138 5980 1715 8458 6820 4883 2546 3246 115 1059 2037 8183 1468 9387 4966 2114 5383 7418 4092 4549 4292 2146 9582 1508 4550 9917 6571 4480 557 9451 849 2516 7005 7997 2665 7446 9248 609 8664 2213 1797 2552 1943 2344 4945 4823 236 534 9508 2808 2224 4368 9700 8059 1965 7152 4127 3195 1456 1886 4909 9930 1314 8349 4927 224 9588 3316 3191 564 8687 3897 8339 9360 446 4000 258 7481 9302 3924 9828 
7 3000 1900 3608 3075 6795 2472 5065 5800 5766 1842 6280 357 331 8467 6449 1003 5309 2770 5168 3208 7117 6416 4364 1998 2270 4717 8356 3414 3999 2159 2036 9110 6997 1051 7180 4061 294 3306 6881 7404 8246 5342 8104 6407 9664 6108 2376 3553 5054 8241 4591 6760 1993 2336 9943 2717 8619 4354 8984 3352 5259 6150 813 5418 4170 9119 4376 3213 7413 980 7909 4415 2846 5675 6488 9048 8250 6398 7720 1575 3568 1745 5543 6110 1285 4994 2171 4756 4916 6505 8140 9075 5631 9249 503 4674 7001 7461 9131 8921 7870 
8 3000 8414 1149 1783 3346 7325 3494 9795 3930 5381 3602 3147 2754 890 8210 5897 960 3560 296 9316 1189 1901 4136 8349 9205 3752 8482 1205 3644 9935 7881 2072 3880 1029 2098 6960 6025 7275 3681 2661 7046 1602 3645 8843 7018 5782 5276 3260 9485 9703 6068 99 9968 3774 7780 1437 2574 4453 4622 1836 4753 2898 9560 6057 162 6744 8754 9898 9662 5006 4111 4161 441 6107 3974 1740 3262 9030 1928 7838 7827 7594 3733 3304 6282 7858 2385 1101 4830 8648 1296 5894 3484 5208 5606 6762 3931 5979 1615 3047 5536 
9 3000 2501 4343 3307 9456 2440 3211 7415 891 5741 5851 1769 9453 3903 40 7635 7661 2385 3760 2607 7565 6130 3376 5204 5489 8221 9953 2578 4905 1654 3680 1358 7427 4242 6439 1613 1933 6646 2479 3943 1811 3521 7230 9692 329 7799 4238 4290 4134 8086 216 3718 4869 9196 8237 4094 8923 5796 9036 4393 5300 9188 447 2283 1614 7212 4958 3094 8213 7270 5401 1901 424 2480 8752 8745 8922 952 8073 6973 8230 8196 2564 4696 3335 2640 5751 9389 4441 4289 1792 5595 9833 6503 9912 5774 6876 894 6962 4262 1139 
10 3000 5357 8100 4364 3635 5223 5601 8568 6199 7533 5794 1883 4978 8445 4114 8307 2056 3756 8291 415 5197 2559 9656 2073 5721 4017 2576 4280 4493 7269 2011 4131 6051 4452 9199 6910 849 6858 5463 1298 5627 4211 4149 7723 1908 7067 676 9814 2622 2340 730 8999 6845 1962 6563 2216 2680 4652 1435 2753 8244 820 2165 4216 793 599 9821 7613 3970 4994 8525 1576 3172 157 2386 5693 9050 4793 562 6980 9125 688 441 9466 7540 6357 8949 6912 2928 3825 1987 8645 4408 8530 1985 8529 5706 2345 3589 7051 7402 
11 3000 9737 7470 6538 7302 7039 2253 9494 8931 4857 4582 69 8157 3592 7298 8644 7936 2100 5750 9550 1181 9459 2231 1906 1764 9880 8532 3585 3631 733 6627 8300 8050 3694 7485 5824 8983 9028 7999 5328 6583 2990 6046 1844 8811 8350 3672 5857 1186 8048 8401 6019 4657 1971 2665 4988 1593 6854 1366 8396 9911 9309 7558 6935 5317 1973 6256 1573 1682 2794 6370 1896 9533 7425 765 7570 2677 4755 4439 2933 2946 5560 838 4707 3071 4284 6287 2842 7672 3934 2547 4478 2386 4117 7503 1033 1109 2182 3967 8423 1366 
12 3000 7507 6616 399 7811 8895 7049 5010 3848 5102 6969 4197 1370 8493 9496 6504 8641 1815 8594 2920 6282 8102 6637 5842 1400 3702 87 1170 9828 4428 3305 3513 6501 4837 485 4538 3948 632 5709 4428 8915 4187 1137 6476 7112 3204 3310 4797 6083 2486 7585 5171 6202 8841 696 9004 9794 9110 1433 422 8381 1318 9455 6482 8055 8954 2223 515 2971 8368 56 8588 6970 9304 9316 9096 3326 8550 3717 5476 2615 6716 3758 2048 8710 8133 4283 2977 2909 3885 163 4366 6170 7960 103 9468 9493 6527 8580 7030 2410 
13 3000 336 5900 2752 9605 249 6378 3882 5667 5890 4652 6929 7952 7425 111 8501 7587 460 9461 9274 8587 4072 7400 1077 5101 1962 5434 7110 6784 6727 8804 5284 2294 7268 1552 4685 912 9315 9697 5162 2288 9080 2550 45 4312 32 2142 1982 9112 2805 789 1909 7171 8217 6768 1131 9577 3430 8133 6547 8393 1223 4642 8980 5153 2396 7821 4650 7483 1299 9145 9761 3845 4477 6347 8212 6412 2459 7850 2443 2063 4650 5328 7396 1501 7363 4390 7606 6503 4971 3386 7416 5288 4185 343 4317 6017 1454 8020 5412 8409 
14 3000 3494 7097 7005 3491 940 7478 7319 1469 5125 7731 2333 7721 7978 2639 4748 6920 5056 8889 6077 5283 1695 8880 1858 935 2284 2654 9998 2413 2673 7958 2233 5282 5696 8423 8721 6881 9826 9880 5755 9199 949 4784 6604 9864 7271 4781 5479 1270 7342 1387 4619 7821 1207 4798 4511 1302 4689 824 7223 4373 6786 5945 2878 2194 201 499 9235 2169 4992 9987 4408 1818 5353 4508 2708 4772 9512 6316 3603 4892 2764 5508 3811 8523 3616 3828 2512 4854 3070 6600 9694 4424 7025 2793 7610 5737 1802 3197 5372 10 
15 3000 2795 6735 6668 4045 6254 4899 596 1223 4183 4305 5634 629 2367 7375 6727 4291 1528 1154 5502 2559 1598 4232 3612 7596 9123 1812 9192 5002 7794 8889 6460 3557 2093 1560 8423 3095 4074 6457 2719 499 3266 8306 584 3821 9698 5611 8943 4530 51 4461 5619 7883 6941 466 7677 1419 1312 8812 2890 1581 7974 2449 4325 8465 4244 8397 8061 8685 1733 2179 4027 6377 1244 383 9969 2311 799 1339 8536 1146 6793 3937 7500 6794 8270 4551 3091 5922 4325 2104 6465 9567 4634 1250 3291 2888 3104 3682 6471 3033 
16 3000 4650 7564 1973 5136 5100 5094 7801 6440 4218 8182 6083 8541 1861 2265 8286 7758 7255 8235 3556 3634 1394 2499 182 5551 2571 5166 187 7481 5032 6350 7042 855 746 609 6507 5558 4315 9500 594 9051 998 2263 4659 3620 7863 4632 7615 1742 8066 5765 5272 9584 8251 3307 6804 8624 9080 6568 4337 5398 8884 7837 5662 9368 439 1813 80 8919 872 3162 7362 5485 4684 2205 9840 5788 9905 8723 7624 2212 7372 3891 6941 1302 3129 338 1596 379 3955 330 7568 2293 6018 2079 721 8288 6651 4173 7644 9001 
17 3000 9253 8141 9618 3584 1321 9131 9703 6948 5596 4724 2954 5136 4344 1860 9763 8817 6760 1904 2320 4908 9491 3826 4206 6320 292 5510 3106 9832 4801 3187 6650 2082 6442 8996 1376 3690 9454 6665 4823 1506 5042 5320 742 8981 651 1420 7440 4658 2377 8815 9241 8801 483 6928 1078 8135 8062 7067 6208 8718 2808 6854 7049 6941 1920 2789 9151 8644 129 928 8278 6365 851 5696 628 4712 464 6819 6174 3855 5711 4380 5122 1151 4226 2009 7509 890 8187 8185 5913 2162 1094 5672 1292 4858 7670 9080 1954 3788 
18 3000 6890 545 5642 930 8131 3539 4750 5797 453 4805 4664 3937 4997 4412 5227 3550 515 3942 5326 240 2024 2799 611 9880 2577 2639 4331 9612 8174 9930 1301 6965 5781 6638 4993 7105 4489 9034 7747 8203 9786 4626 4114 4933 965 7220 7319 90 1645 101 8855 4341 3430 7346 1191 4090 2679 3252 3616 7482 415 9899 1205 8515 5348 2831 6906 9294 32 4866 6757 397 135 8031 8222 9372 6849 3615 1663 7362 2411 358 4922 3845 8762 760 1040 9509 9317 5510 9099 7248 3874 6047 8179 1282 6637 5246 4458 4402 
19 3000 7368 6222 1419 3344 5669 9267 3192 2285 8380 6907 1021 4458 108 7087 2853 1907 6878 4478 6049 3353 2914 9911 3230 189 536 7936 1238 605 3190 2506 3225 1832 1604 785 3871 513 3058 5082 7723 1199 3792 2907 658 2970 4530 5160 4474 4182 9136 2434 4605 5338 6388 9452 962 84 4881 7625 1894 4328 1055 5735 1282 3490 348 8743 8753 7870 1472 4725 3018 6145 3816 9926 8337 6989 7973 1951 4112 8824 9393 1065 7598 7683 5159 9633 9745 3213 3892 9676 4162 2792 8775 8556 9207 3779 3707 2781 3203 3881 
20 3000 2581 9943 2777 9651 1685 8774 4322 3108 5231 7332 8593 6486 4006 9305 8415 5103 7148 8451 9530 8354 7052 1149 4555 8839 7395 7091 75 9605 4288 8083 6860 9514 554 4984 3201 6747 3132 2762 1377 419 3600 3677 7242 325 1832 8591 2946 4815 2774 6403 2769 6788 6344 1604 2086 7811 461 9964 9463 370 7199 2336 1863 8235 2063 6597 2992 4963 6388 7700 4764 512 2874 5858 1887 5993 4230 2858 9580 6536 4957 6489 4412 2293 6249 3102 8271 7549 4017 8297 5446 7979 48 5726 2849 6011 6276 4030 3351 4327 
21 3000 2187 1898 2249 7480 5348 1249 6853 1645 5056 8541 9204 2484 9118 4206 1912 1148 3750 204 7121 8396 6608 5714 8601 6837 2941 937 6958 1309 4863 9030 7979 7369 3761 6168 4094 7915 5818 9723 8966 7935 669 4577 5207 7374 3175 7552 5218 2134 8329 9970 5152 3192 9280 8338 2004 3848 8487 3156 3829 5096 1996 5847 3077 9118 6842 3820 3063 909 1578 3653 7553 8018 9924 2400 3479 8424 7549 7025 6783 6529 1969 1960 1376 7280 5576 4792 1231 8417 1792 67 5599 838 4342 1226 7346 7104 9662 664 4420 8053 
22 3000 2422 7912 4439 7548 4181 5946 2408 5350 5161 5623 1557 8113 9153 8236 7307 8503 1543 6199 4359 2447 464 1857 6909 4503 1073 4418 1988 1356 2955 5011 5929 3438 647 9872 3952 4679 7295 1651 2883 369 1429 8845 6992 3164 6862 3357 6959 7200 5724 6182 1963 342 4610 1211 4895 4556 3858 7169 704 4402 9951 7672 7853 3658 1046 9408 2916 65 5626 8450 8292 8199 4273 4688 3039 463 4579 4385 6846 6215 9166 863 7119 9008 6839 3314 9198 1965 6868 3728 9694 1273 6385 1956 2956 7804 916 8891 659 6862 
23 3000 8029 7779 4523 6055 4115 3650 2148 1288 4287 879 5981 889 5412 8867 5405 7849 2256 5853 1956 197 6771 844 7660 9497 488 3675 6501 7466 50 3196 9007 722 5863 3574 9967 3654 3873 8730 9272 9419 468 4901 5878 9064 507 1316 4896 8768 8471 9012 7807 5218 2738 7763 5804 9105 2992 1140 6253 6738 743 9695 2285 9801 2985 2269 5510 3214 8967 5426 1861 1135 105 1010 550 1081 2998 1833 6167 6170 5589 5477 3890 5496 6440 6234 7826 2624 7131 5160 2474 2212 7792 8261 7319 4753 5752 2800 4543 9451 
24 3000 7318 1734 9866 5216 2679 6268 6512 9783 3928 6541 2296 6959 6219 434 9845 1997 2045 505 9927 5086 8636 9046 7929 2978 8489 1267 3437 8731 3021 6604 2953 9582 9345 8155 5739 2940 173 235 2776 511 6842 4063 8859 540 5468 1568 7808 8187 6224 7324 810 4018 5740 8609 7882 628 2631 3586 2464 7391 6151 7615 9130 3324 7969 7685 4431 8087 7070 4972 857 1107 7786 5523 3932 8817 944 9065 2420 34 8147 5940 1674 9450 9176 2159 95 9255 2513 2592 8726 8886 8999 2269 3961 2893 8609 5823 3392 6937 
25 3000 352 5038 4769 1913 5303 4543 8090 6195 2753 5610 818 6005 9484 8099 6221 3911 2175 507 4833 5451 2929 8156 9049 3871 7922 9502 836 3006 9184 566 2575 8268 9502 7496 1024 5771 441 7246 4410 9576 3503 6390 2642 7065 4404 8051 652 2432 470 6964 4859 8306 1173 2654 2760 5501 1777 749 5644 881 116 2414 4430 3360 6501 1904 8637 8022 6742 2255 8469 8367 8302 9088 30 6683 9577 2543 3669 2540 2295 7339 5438 9413 7042 956 1685 9429 1922 9946 6772 6233 4324 4363 3909 5992 5833 324 9122 6508 
26 3000 252 694 8342 4471 4758 3892 7621 824 4174 824 6472 4266 8380 9944 4331 2864 2830 438 150 3809 2214 3528 5110 1280 7228 1912 8462 2443 4480 7317 6491 1571 9517 6186 4605 2292 2976 3486 2554 7957 9865 4641 2763 138 1958 5589 1805 5251 3332 970 4982 9297 9011 431 4047 739 6747 3058 8041 1494 1923 9942 7259 6054 5580 4853 336 8735 5566 3056 4466 9046 818 8242 8743 5186 8763 7585 621 5664 5843 4928 5505 9046 1170 2090 9470 1826 3302 8301 5097 4422 147 7760 439 5296 1987 5319 1109 3204 
27 3000 7634 288 5498 7560 3705 8376 3113 6939 7026 1742 6043 5697 157 7183 3547 8711 49 2441 9770 4258 9813 638 4582 5008 3632 2833 7545 7142 4782 8706 5001 7603 6787 5367 287 9464 7695 4290 7075 5427 7479 6370 5836 9440 8571 5108 3434 6446 9504 7919 5833 252 1699 5567 3945 9530 9362 9720 2591 1931 2512 8638 2589 6337 3134 979 5972 3227 4457 7733 4328 3179 3356 2281 263 3486 5878 8577 1991 2904 5894 7461 1050 4525 6881 1086 3140 6768 6819 5482 2090 2507 6220 1238 6948 6309 9282 2309 2192 9814 
28 3000 8163 2953 1076 5224 389 2784 2088 6926 9373 9963 8546 1242 8076 2501 1308 4293 5778 7693 4615 8002 7985 9680 5056 4210 9451 5128 3654 6925 337 7043 1086 2693 5482 6697 6018 9091 6809 3691 6574 1353 8852 4139 4923 7112 7407 6975 4996 9274 1311 8386 3324 7010 7343 4373 3003 4883 8251 1433 785 88 3908 5366 7291 7829 5583 8214 356 4810 3350 3312 1485 858 6609 8478 5450 8670 7745 7319 3004 1683 8899 8664 6717 72 1875 4124 9944 4867 1165 3774 8915 204 102 9965 7948 3691 137 9251 7791 4910 
29 3000 3243 2457 7084 2032 7440 2852 6953 6569 5446 2468 8719 6239 6462 6523 4745 5967 1063 5991 2393 7005 9236 8275 1121 4175 1526 6023 2694 1244 3314 4058 4524 4420 2222 4437 6136 3968 8638 9636 8757 3963 9370 3857 8031 157 4420 2464 9859 5975 6891 9536 9364 6637 6011 3559 2980 1406 3288 1228 3669 3956 1783 9381 9257 870 8519 5062 3904 8258 0 3701 2689 6508 872 5423 9328 3155 5693 9482 7011 3874 3839 6820 2370 1607 7534 750 2567 3803 2995 5764 5510 7794 4715 4469 3191 4288 2866 2644 8152 8992 
30 3000 3820 2422 3076 2357 3810 3601 3498 7448 5701 3077 3651 5944 8892 2402 5425 2254 2350 3469 459 5768 754 2317 5357 1223 3779 1071 26 7205 8495 7992 9143 2764 4893 5671 6742 2165 4543 7326 3931 7755 2363 1246 9732 965 1531 3344 5043 1423 1504 7840 9732 4207 9174 6073 2848 5212 3146 3433 5965 4649 1139 4418 9641 8664 514 5820 3015 9085 1926 8034 6515 1292 6101 4488 7703 215 3739 9206 237 4453 8540 2486 5961 8523 3361 4717 122 3226 9485 8304 9707 4150 9031 7731 4910 8285 478 7744 3720 8773 
31 3000 7318 9661 9639 7776 9833 5801 2517 7474 9997 2048 2521 9188 9505 8531 7224 621 922 8435 1818 1233 1965 4932 2455 5737 2902 6242 2713 5719 7080 8815 3184 9382 4576 8641 4191 9423 8980 682 1624 9022 7290 6431 5909 5968 2942 9597 4096 4905 1966 9912 5073 7699 2258 5066 7909 1940 5986 762 3314 7556 5114 8907 8233 1567 58 3911 3560 950 1462 7130 4976 3636 5098 9416 6914 7636 9897 1807 9653 8279 9100 4334 9528 3592 4533 2952 2271 7787 4014 4602 9477 2890 1876 392 8194 8483 2621 6907 3635 9574 
32 3000 7698 5642 5023 2598 5404 563 4551 9533 3915 3785 9473 149 7431 9386 7320 2377 5460 5340 4242 808 5219 3571 6465 3311 7160 8143 4891 5782 3621 1562 2805 5012 608 9217 6718 9686 2692 1932 332 9502 1040 6653 1630 2417 4566 5255 3089 22 4209 1477 5022 1032 334 5981 2043 2912 3262 9533 2652 1620 6918 4314 1957 9481 5613 3353 7510 1179 3942 8085 8271 7883 9817 4034 6701 9489 613 4624 3973 4994 2449 3112 8314 989 2591 2642 6473 8285 4976 4436 8302 6652 8868 4098 4481 7697 631 6048 7352 5857 
33 3000 8638 6081 4883 7519 1292 2052 7762 8268 8179 2681 9610 8259 4352 4491 319 5708 7722 6864 2519 8520 9598 5225 1168 4030 8328 2349 6266 6878 6084 7800 8694 4999 8763 5482 9180 3752 9009 9329 390 8160 2373 7110 2139 3284 6585 2365 9737 2718 3960 4459 5446 5210 6921 6772 3076 9411 6656 3003 5700 6739 4891 1607 6488 2384 8797 8348 2677 4423 9013 6989 2660 1067 800 8098 6200 6036 8321 5979 7769 2048 2037 3736 3016 2448 9242 6450 8353 947 7710 2496 3671 9498 2472 2966 8184 4292 5725 9239 9386 9874 
34 3000 9849 8655 5149 1396 3569 8329 8930 4982 1227 7083 8117 6228 5186 5506 5494 6823 1355 4134 3823 9293 7846 9762 3570 9872 6747 9877 3735 9502 9028 5216 5823 2947 2562 449 932 6049 3288 2989 9968 1088 9476 9925 6983 287 9138 3080 5642 7429 555 2195 8814 7604 5923 6238 1283 5078 8136 2837 5590 9292 688 5839 1000 8984 698 995 5587 4431 5062 9764 1453 7822 9735 1252 3066 1755 2128 2268 8726 5858 6637 5506 5152 1533 3297 5858 5200 4831 9559 4844 8702 7444 5189 3170 6431 5827 300 1416 7189 8446 
35 3000 6501 8840 8024 1149 1176 313 7569 660 4886 1381 2508 6200 1895 1442 7162 9236 3827 5060 6209 1350 6435 1396 522 235 9512 1768 6130 3817 9914 5334 6314 2500 7711 2901 6819 9538 5468 8856 4193 9532 645 1229 7252 5048 1126 9874 1671 1366 3869 2777 7700 9350 6685 491 1000 6445 3141 8694 6610 5796 584 8874 6039 3495 1299 7133 7478 3954 6780 1129 9138 3400 5138 5124 5722 1493 1623 3176 8006 1078 2281 446 5560 6049 728 2628 2587 7354 8056 3509 6885 7106 5856 657 1940 837 2374 9223 2137 7865 
36 3000 1784 3879 1106 9794 6597 8874 3181 7128 3181 6222 7992 4025 420 2003 8179 1164 1485 804 236 6740 8742 8273 8470 5588 1775 1807 2092 6429 8542 9355 5438 7238 9649 6355 1299 8742 5755 792 7393 6044 8097 6383 5955 8363 2144 3882 6445 6910 4375 517 1397 883 2180 7547 5376 1585 6885 5948 7073 4676 9911 215 4517 538 2045 305 3416 2775 5843 1687 8623 4833 1163 3533 8722 4746 3810 5019 3747 8006 7319 9765 6021 8562 7852 8392 4119 7939 2232 9201 9958 2482 9089 6989 9014 8733 3141 9977 3660 6921 
37 3000 2595 4871 9632 2587 9676 45 5619 6327 4276 6850 5974 1668 736 9048 6560 1057 7742 367 3711 9991 1360 190 6323 9252 1183 7361 1067 5290 9608 2119 731 8710 4243 6153 5686 897 3430 792 8471 8762 4899 3311 1513 7612 7545 1361 7965 2147 6331 5533 5667 5582 314 39 4245 6890 3799 1519 5315 6175 616 5978 5832 8171 1519 3844 4548 3855 4721 3148 1606 204 9537 837 1255 8055 3168 2204 7686 8111 602 8452 4001 5055 7640 2369 4299 9800 7047 2147 8897 9856 7834 3304 2662 7833 7656 8755 6481 8054 
38 3000 8342 6985 1849 1307 4546 8363 8587 7715 5524 9575 5675 7729 38 6183 5224 1252 4381 3305 9563 4886 3532 4430 1451 7299 5432 8344 7423 2725 8386 4196 4249 2584 1590 4676 8527 5227 8785 7325 9398 3808 5033 3972 4384 2279 6620 8287 8353 9514 4084 1470 5612 1553 8364 6055 5117 1971 81 7847 8817 378 1941 5978 3116 9038 4258 1094 3466 7617 3610 1659 2077 6050 4615 8392 8763 5541 4832 6825 4900 7684 2792 7985 521 1705 9148 7206 4532 9838 951 1059 8044 820 9055 2412 846 1508 8643 3612 991 6632 
39 3000 2880 7799 7513 6659 9689 8333 6263 3795 1655 6356 8878 6102 9051 6475 4869 9746 5992 570 6835 9368 9710 9730 8805 6580 2958 4307 7701 6585 9538 2104 7930 2925 2951 4683 9094 351 8176 1795 6836 5819 6572 3943 6802 7611 3906 3062 1730 2581 1504 1332 1665 1527 530 8107 7302 2688 9385 4975 6447 3361 4239 8943 3607 9652 2681 3745 2708 4344 496 9274 2933 2893 1566 9145 7685 7552 902 6370 6680 9613 792 7178 1162 9782 79 2938 2237 6673 6566 226 2346 3428 2541 9001 9850 2467 3428 8920 6746 8354 
40 3000 9568 3770 9505 8797 1119 4022 3041 3768 6083 7522 7797 2748 1462 8292 9962 101 7529 3472 4809 8565 5236 8370 3162 878 6738 9651 985 9523 9048 6645 2094 4597 812 779 4003 9809 2212 3136 6883 6599 7995 139 5656 6389 3622 7362 5206 948 4548 1456 8721 892 8625 218 9159 2302 1626 767 3837 1476 5900 5855 2142 7791 2149 8300 6379 4708 4330 3547 5726 8889 7682 347 3333 7441 9880 9571 6531 3293 5308 1139 173 8684 2467 9082 3101 6793 4499 4722 7733 1478 2840 7985 2779 5152 3998 6831 9083 4775 
41 3000 9454 4815 8583 5978 8690 6767 6405 5309 5342 2606 6077 600 6477 9268 7867 9470 4993 770 251 5942 5152 6388 4499 5186 1227 6971 2394 6398 9280 9371 7067 3789 2067 9001 6967 5709 7063 523 2947 1895 7617 6652 8482 8838 7225 5092 3004 3280 6937 3594 8373 3840 5881 3139 8462 752 4917 9249 1874 3744 3413 1416 7782 8028 9150 666 4892 8423 1346 5238 3536 1605 6812 4395 884 6472 9224 359 9284 2643 1531 8364 7730 7080 1480 4848 6446 8832 268 3754 4608 1908 4319 966 1178 6272 187 6869 8872 6963 
42 3000 2585 7034 1248 1343 5533 1020 2923 4470 6641 9316 2910 2588 4507 8392 1086 4754 9244 3888 7780 2580 6137 1921 6486 8107 2416 8517 9708 9800 7160 7173 7921 6669 4323 4535 1660 514 8890 4213 6737 6299 6149 8712 2582 645 4097 9486 3706 8453 8968 5132 4288 7649 3882 7686 5896 2057 625 7069 8323 2392 4551 3636 3552 5383 2607 8864 2846 1021 4488 4160 6965 7925 6915 7794 9502 6842 1034 9959 3352 2269 2947 5952 297 2195 7361 7486 3727 5975 4367 2120 4473 327 9343 821 9779 3449 5980 3644 5384 7269 
43 3000 2436 3546 745 7814 611 8312 7371 3709 8551 620 288 2794 5976 6222 2633 6871 2930 254 3366 4578 1560 1666 8110 2384 1018 5786 3115 3706 5488 4998 2350 6162 5340 7556 7717 6935 1406 4512 2389 6276 2380 4780 7278 9119 5350 8316 623 4832 9447 7427 704 5083 2624 6208 1685 9842 1558 8093 2575 1498 4676 1549 9320 7104 8309 3876 18 8753 5970 3143 3258 2071 753 8250 9585 2837 863 7105 6092 1732 8270 2941 4128 7207 480 8741 149 6482 5446 9803 9671 4665 9589 4421 4369 2000 8950 2692 2287 9236 
44 3000 3473 3454 1179 1124 4402 9339 4974 8039 4811 9964 3366 5725 3255 3230 4528 3165 548 4765 953 8581 9665 5476 8418 3550 8771 7235 8075 5254 7370 6689 1664 6850 5585 7191 9854 5965 6561 8860 3708 1318 1989 6765 9272 7466 761 7231 5291 7676 747 2277 4049 4920 3697 2172 5330 995 3268 6115 3513 3771 6176 1052 7787 2562 6476 8603 5483 1622 2961 122 8550 1764 9691 9880 3137 109 9645 6379 2308 7956 1497 1777 1887 6777 9524 9452 9419 2340 6624 9685 6260 6954 476 3468 2794 9839 2816 4438 6768 5625 
45 3000 1835 8935 4765 970 7712 4185 6785 9309 1263 4609 3965 3722 5719 6260 9419 7933 1628 9376 2200 5429 4884 9067 4392 6708 7878 4122 1324 4647 3774 3945 4910 8003 3916 3611 116 3027 8348 7050 4544 3219 9475 8358 1153 7190 8832 1227 4096 4666 6993 6506 7686 603 6594 7884 8484 7437 8488 5699 516 5454 1022 8871 3610 1285 2435 4959 4866 4528 6393 8350 3239 2493 636 6560 7259 3077 8756 4674 5869 5755 5100 7901 2391 703 2798 2260 1614 6046 4915 3385 8 3226 8727 3464 9070 501 3126 6291 1779 4563 
46 3000 9143 457 2196 287 3605 651 8172 8601 5911 7100 7190 2480 7932 3122 5329 1072 7041 817 9356 1939 2266 4865 1940 1431 3562 4472 9989 3180 4220 3417 6120 4726 6391 8245 3243 2255 9739 4567 2282 3477 3217 1502 3009 8621 9971 4231 8013 9551 5369 4678 9788 7020 8147 326 949 6033 4694 1144 7570 9352 6450 4648 5651 9107 433 9086 705 6550 2895 4743 476 9923 6093 3380 777 455 8200 5786 4457 6482 6325 7467 3486 5693 2667 2452 4175 5502 3795 5227 5514 1545 3049 793 636 4298 6065 2853 1407 3827 
47 3000 9430 115 6143 2656 2461 730 447 6764 2102 4849 1174 4707 955 5306 3525 4863 8433 6429 1256 803 5034 969 22 4789 9748 5164 3839 9392 580 1920 4677 7241 8203 2119 5173 8892 2739 4052 4468 8826 3658 981 7179 9567 2804 6820 5483 3934 552 9942 4331 5403 5082 5119 9795 6613 4781 3572 524 5980 3774 1160 2341 2445 570 4689 5953 8348 9848 6342 7793 420 7351 6241 3985 8905 7916 3129 7434 4810 6632 3178 8039 5269 3107 6924 6034 7047 8880 4326 8454 8153 7941 7946 8724 7594 390 4262 9372 3241 
48 3000 9208 3100 7872 7825 163 5191 5606 3062 4838 7859 9955 1896 6780 8822 9517 8868 781 8133 2441 8619 5276 8237 7894 2504 7877 2150 653 3343 4019 9772 8820 8288 8738 2322 4656 9822 1577 4891 8554 4881 4613 7131 6124 2095 3604 2059 8406 7167 2272 2994 5216 6360 9704 8616 1605 8125 877 6146 7454 2845 314 2657 184 705 8858 4508 597 7689 3576 4902 1845 9702 786 9569 1514 4813 2210 574 6843 3632 4251 8254 3061 7798 394 1273 4854 6607 6735 4806 954 1755 634 6850 1853 209 2489 2655 646 5205 
49 3000 641 7284 6992 5367 9403 6295 4204 1954 208 4554 9467 4230 5888 3162 7177 2962 8080 4519 5402 2041 7747 5505 5477 8227 8835 8788 4717 9018 5050 2261 2254 8651 9756 6597 8007 2219 9008 934 4768 7921 7703 6684 3417 7428 8853 9466 1264 4383 5994 9165 3514 1021 8707 8114 7851 2915 1276 7406 2163 1847 4461 1324 5373 6804 402 9902 1406 3099 647 9608 6284 9619 7303 2149 8332 4193 7315 1414 1526 7089 9868 8520 1953 2637 6910 5008 7402 8974 6813 4140 81 5914 1142 343 2452 945 4562 6761 6202 3350 
50 3000 7863 939 4326 6453 4116 8636 6350 7991 7945 5753 6662 8609 7934 8396 5983 8482 2152 1058 5956 2059 6804 2925 6859 936 8013 2315 8444 4852 6718 9232 3908 812 6703 6052 6973 326 5749 6329 2109 4790 9913 1732 7873 8974 926 7104 3368 2647 6726 3638 7839 322 5106 197 3385 9128 494 2739 800 4806 3853 1878 8537 5827 5711 8568 4798 5644 2310 7914 2750 3056 4888 1100 8861 711 2075 5452 4371 1724 5428 2622 9877 4419 8077 4892 3049 5209 6505 9612 9471 9585 5450 1757 6605 1238 5932 4612 880 9309 
51 3000 6406 8576 7909 3756 7040 8103 5827 8852 7115 6753 1756 4804 5554 381 1396 7504 4575 8444 1739 6395 6466 3432 6908 468 3490 8432 7124 2386 910 2806 794 727 3144 6002 9727 357 3039 9490 7472 923 4276 6817 787 3480 6897 1790 4223 5232 5956 4790 7843 2402 3296 7198 8062 1236 2456 3962 1608 7114 6692 4273 2616 1802 132 377 2841 8825 2056 4510 4998 6956 4293 3954 9228 1844 1753 4221 2684 5756 6077 365 2252 5448 2416 6408 384 8166 9331 2908 4070 5761 1821 2636 6922 6939 7477 4386 4390 7628 
52 3000 5759 4909 2105 9480 396 8974 7341 6487 4917 7548 3605 9730 1298 4104 8352 249 1746 9060 3826 40 3596 2331 1025 1172 7343 4018 6788 3040 7787 3214 4013 7731 8320 4937 4995 3522 8320 5189 7891 6501 3683 4142 6311 310 474 7443 2033 4023 1705 5651 839 8135 7236 1791 1486 8687 6802 7043 7792 9512 6169 4548 3849 2603 6407 1341 2369 6614 6295 8409 6141 3477 7847 8878 2630 3149 4964 4318 1683 6485 5213 9179 6374 6231 4730 3348 6967 6148 6244 2834 8008 8257 231 8573 8536 8210 9192 3369 5427 8784 
53 3000 5055 6944 9856 1508 9703 9128 6888 6402 8624 1165 8191 9852 7691 5144 7882 607 3063 1564 1481 3897 4213 5012 8013 3681 79 7975 5213 3018 8343 2770 7872 2562 7832 1606 9298 7186 4046 4766 5910 723 7812 6918 4947 8842 7058 1542 5314 43 1717 3499 1543 4776 1755 9703 883 2687 8322 7938 3519 7994 8031 3791 5904 2977 358 5704 7232 9601 8172 8165 9022 9266 1386 3013 7837 672 3734 8873 1121 5819 2674 8712 6165 4126 2414 5527 2195 4681 66 6149 5592 6606 4925 3180 8225 7557 866 5048 8921 347 
54 3000 1875 4197 8052 7686 703 3386 5252 5057 639 133 255 1712 416 9266 6861 9790 2235 3610 24 1566 2920 2794 6070 4819 8196 186 6035 6333 88 7951 2128 3514 7451 235 7325 4136 9621 4473 8080 4215 3194 821 167 4003 1926 9720 7645 2109 9763 7573 4947 7746 6991 556 2094 1101 9513 6556 3036 1834 1256 5222 7118 5695 9693 6153 3667 9272 4496 5208 9709 2863 9317 8936 808 1471 6686 7135 5032 3925 6043 3539 40 126 4885 4623 3301 6419 3047 6539 5429 9089 104 171 6654 5981 5897 4324 6404 6248 
55 3000 4186 7028 6028 8218 9429 4974 4629 5395 6680 1072 8033 579 4620 133 879 8110 1711 2680 1829 4239 5467 6882 1916 5627 4863 8610 6000 5965 5858 9621 7363 717 50 3868 5426 9995 6449 1935 6581 9555 6388 3590 8164 9915 1539 8476 5540 3603 5076 4912 2319 528 5944 6834 3697 1478 6266 8848 2919 9737 1871 9416 870 834 5943 2164 8791 413 5799 5315 4116 229 2794 9251 9438 2272 5345 2192 4599 1008 5087 4005 1908 3753 6146 8143 4473 9171 7546 1697 7675 3890 8731 3583 3751 7253 8224 850 9513 4187 
56 3000 5397 3114 7184 6198 5379 5115 8367 494 7082 7403 1133 7230 4352 5145 234 4881 245 5057 446 3735 4434 467 3032 7516 3733 4495 5332 3130 5749 1364 3479 8535 5663 5829 8237 8740 6128 743 3968 9921 297 2734 718 1674 7978 6016 9438 7379 4909 4323 317 2700 5163 968 4254 2206 6671 7025 7440 4117 9878 7639 9079 3173 9518 6459 2226 1634 9521 8196 7751 8397 1032 9307 1429 6243 3572 6805 4156 7212 9310 5190 5287 6094 465 1511 9103 2052 9840 8546 4400 8369 4465 6113 7201 319 2382 501 6603 1161 
57 3000 2541 2032 3733 6262 7834 744 3844 5343 1243 196 1529 2849 5116 9406 9058 6447 3574 2907 7845 3646 8036 8931 3038 6541 5870 5719 1234 4689 2173 5953 1317 6098 4671 9315 8425 6358 1748 3170 1038 5876 3597 1377 1194 5256 6498 1219 7829 8789 221 8466 3242 6080 8553 553 2681 1787 2950 7895 7067 3499 9313 3314 8821 7727 7894 9603 842 4027 6318 5207 8587 7248 5741 8031 5291 7899 125 7377 304 649 8639 3998 558 945 1187 8286 5156 9761 7062 6575 3087 6467 6721 5581 4066 9825 6690 4957 2498 7111 
58 3000 7589 7978 4568 1363 5284 345 8457 6746 5169 7128 7682 2055 9560 7815 7556 2334 8232 9501 4787 8618 2063 8195 185 5809 9817 8253 4503 8672 8044 9939 7406 5952 4106 5106 9557 2624 2333 1005 7833 263 3298 2220 3665 5538 6217 727 4502 6838 4483 4072 8402 9011 4311 1690 1748 6243 6521 9327 82 3048 1437 1608 2080 3392 6915 2714 6630 7938 9495 5195 3056 9417 8682 6901 4454 6127 4342 6043 4157 3548 7235 4373 5327 4095 2664 8496 3665 4985 7253 9302 3256 4232 8852 9525 5533 4772 9559 9425 1362 6707 
59 3000 1877 601 6264 7675 7991 7920 8750 1350 2167 9576 1786 4058 6283 5276 7387 9525 8478 2549 4325 1751 4933 1176 8975 6002 4771 5750 9279 7934 8084 6363 1831 836 7088 7410 2098 1004 396 4523 7755 1238 426 9635 5153 2458 3922 4155 8909 3454 5611 284 4616 8759 4980 446 4691 4639 6177 4845 7332 3219 1035 7151 8613 4729 5234 8306 7695 7871 7566 8460 5169 8319 2349 7030 4521 5340 4946 882 6719 6538 421 637 7928 725 5316 5112 355 8922 2551 3870 6206 3471 9457 7910 4783 5291 8922 8474 2693 9241 
60 3000 3672 3978 7194 7623 3671 5074 2654 1796 6652 7830 143 1929 1765 5043 149 4867 6358 5670 8417 129 5878 2384 4914 4030 6895 7266 5917 1925 3261 5602 9233 8583 5382 7826 2532 6679 2622 9575 4815 3418 8833 9873 1007 5283 1000 7438 9667 900 1029 5119 3829 2041 638 2450 4969 2738 9393 6339 93 6537 5857 9873 1952 1862 1867 9251 2382 5516 9937 8845 8769 4298 3784 4383 3638 4754 1985 4257 7371 1043 4746 8956 4043 936 3814 8627 387 9938 5497 8754 7886 3531 6818 3974 7989 7547 4797 1 446 6664 
61 3000 8846 3694 4778 1028 6301 1234 4862 996 1075 4436 6651 11 5431 5181 9009 5594 4889 7976 7679 8470 6251 634 2372 9810 8752 3090 6983 6602 8342 4325 2926 5152 5083 7433 5607 2698 3679 2799 4005 7163 7129 9411 3394 5021 3504 4291 1178 7294 5846 57 5860 3677 5201 602 9128 4779 6766 4906 1072 2496 9172 8970 8523 8509 6879 5871 6519 902 5712 3950 2893 8910 1505 3116 5989 5790 1883 9284 5502 9816 1166 6931 6444 3401 8390 9780 6230 342 8467 9609 4895 1195 6456 3185 8438 6765 4968 7321 5278 9731 
62 3000 4695 2061 5852 4391 8058 1988 5325 4535 5990 5658 9432 9438 7832 3159 3444 7982 4366 1792 4253 905 3963 9884 5591 1166 1865 8718 6371 2449 2582 2592 2147 5776 5423 7005 9708 4261 3148 4962 4790 5974 3743 1411 2920 4940 5326 5800 3374 264 4171 2761 6274 3370 5861 916 2799 3376 9568 9816 8525 589 5453 4995 9891 8130 5192 1154 3788 1673 5631 3473 274 7321 5564 7042 8415 7602 5632 4417 5247 5588 1351 1309 7869 7142 9269 391 8656 1291 6236 3228 3600 8717 1813 340 3772 8384 3795 9382 9918 2282 
63 3000 6865 1458 165 8295 4372 5547 870 1202 3230 1068 578 1795 1951 8561 7115 4126 1793 8494 7803 878 1038 8202 2797 6860 2396 6938 1556 630 3529 9063 2423 4242 707 5351 5352 1112 5586 2426 7735 2021 5104 315 3379 9228 4517 8138 4587 8726 3543 7912 7376 604 5645 6485 9819 7548 432 5599 3504 1460 9187 68 8131 8208 3515 4089 9222 489 7127 5676 8963 8836 737 9219 165 729 92 6165 3362 7846 7123 3829 7016 1436 4226 2327 865 5810 1656 9635 2381 9966 8065 4771 6367 7333 4146 9107 7666 3643 
64 3000 9415 5796 7003 2928 2110 7339 9950 1638 2222 1263 9016 891 7644 3931 8861 6841 3450 2474 4637 9176 4299 4855 3451 7739 9958 8046 8958 7273 3958 4339 9071 291 5369 5783 6807 8075 3706 6737 4246 9798 6951 4557 9624 9764 2711 8403 7549 2785 2489 6176 2336 7675 9094 9570 4477 8872 7160 7264 229 6180 6807 6223 4327 2648 410 1136 5827 558 2507 1972 7068 5551 2825 9668 5764 8870 2432 9932 219 7735 3012 5179 7664 3837 9272 4591 5723 9955 4467 2300 7007 4711 9051 3693 6821 5433 2457 9852 4013 9155 
65 3000 7996 106 4929 1738 889 2721 512 5114 9414 3702 6510 2659 9188 3732 6821 2689 567 3228 9953 82 9174 5525 8617 6019 9549 8185 2443 5862 1931 2430 3816 5146 2156 699 6843 3701 4687 2338 9443 7899 8766 7400 8561 1022 7689 8584 8509 1763 1212 1292 2430 843 1075 1814 6887 5758 9656 3635 9582 3651 1750 1867 189 2310 9468 5812 4324 9283 264 9642 633 9130 8094 1210 1009 8792 7683 8981 3928 1087 1937 7094 917 6330 2465 8540 6143 2082 3231 6477 9125 1018 7336 3662 581 6926 6915 4 1384 8824 
66 3000 6166 8257 4660 3211 7505 7819 995 4435 841 6673 6781 3190 5976 1443 5680 3136 8139 5574 3209 5646 6632 5649 4462 2680 6608 5813 4944 7773 3979 338 4539 5167 3437 4305 4598 7047 9608 2412 8155 8919 1332 5907 3268 3102 9062 7650 9480 352 5393 5291 7414 9605 8714 2584 1482 5852 9986 8817 5730 6132 2644 6372 2802 3654 5622 6409 6025 42 9510 2674 4631 5709 5827 3432 2091 8352 9426 1527 7583 9569 4021 2564 582 9612 837 1219 8572 252 391 5673 7890 5781 7391 168 7685 2125 8766 5693 7016 4100 
67 3000 4818 8791 5058 774 3495 8495 4449 8969 7801 1383 7751 4880 6317 4765 7040 3822 6856 7990 6622 8098 3240 1880 8874 2999 5202 6287 3204 924 1414 5779 8148 3625 5639 3449 6578 2579 6007 2844 4046 7483 7420 8029 249 2877 7078 1767 3614 2888 3131 1831 9021 4104 6456 5434 8633 6566 5561 1788 5871 2891 4611 2791 2496 5522 4581 1832 8827 2091 7532 727 7082 8923 4015 4775 7839 2651 3598 5944 9631 9967 8518 4179 1656 5489 458 6834 9620 7761 450 6233 4701 3370 1902 5352 5637 9195 6751 1628 3946 2778 
68 3000 4740 8893 2258 818 5818 7433 5786 5794 5671 2169 6916 710 4374 8968 2917 1969 8165 9078 6785 363 4350 1681 1206 200 9332 4584 5648 6548 9757 3020 6572 605 6801 6590 775 3197 3561 4312 1854 6397 5593 7814 9796 3274 4557 2635 3692 5761 4997 7664 7579 652 4245 2694 9402 3725 5445 4110 3104 1986 3707 8696 3844 4041 5385 5565 6334 8590 478 6224 6305 1054 8159 2753 5096 8312 5424 4115 7371 1581 8875 590 1954 7407 9617 6332 5800 6786 1287 55 1081 2413 1207 3839 5401 4051 4662 67 5137 2027 
69 3000 2300 6479 1904 8855 663 9359 2144 8979 5834 4844 9841 6647 219 8354 2361 1907 2448 2156 9416 4725 402 1040 5156 7233 7365 6137 3381 4102 1302 6843 5885 1036 7261 886 3915 1392 2900 2504 2765 928 7142 8756 9492 676 1948 3955 3750 7932 7221 2225 1762 5383 8836 8189 3404 8350 9788 5773 2424 162 4474 5142 9778 5646 6092 7758 100 2757 7166 9563 1285 2315 3207 2289 7211 5883 9482 2890 3573 1760 918 1101 6852 9102 5133 5125 6403 169 8585 5435 9667 696 5850 6712 519 8388 2025 7904 724 9541 
70 3000 8256 407 4531 3793 387 4376 6388 6987 741 3157 1782 2172 3021 5845 1201 8725 338 7971 7227 9595 6361 307 4750 6672 9598 5801 4308 4289 794 4635 8550 838 3463 7410 1828 8517 7538 6454 2912 1202 6145 5254 827 446 5514 6016 3821 9593 7997 5350 1454 6031 8226 8075 9812 1557 2389 9156 9847 881 631 3762 8843 8238 2584 5446 5004 2140 6017 2459 5171 8248 8615 2180 5659 362 2878 3676 6227 9548 4153 8385 7159 1381 1785 8925 9490 1317 3392 6027 8336 8191 2268 3594 9365 5833 7913 1886 8383 2818 
71 3000 9683 8825 4053 340 3569 9432 3731 8199 2095 3384 2431 8931 7353 699 4919 50 7147 5541 924 4420 4277 8160 3477 8749 8937 4943 380 215 4245 6604 8793 1205 4893 4488 2948 2195 8928 5008 4992 2736 2649 2202 8948 585 8641 8415 7810 8943 6919 3111 3752 1831 9215 9805 1471 7585 6371 1120 4653 475 8875 1974 5559 455 504 885 7744 1029 5112 9408 1894 5253 6522 9689 4792 9851 1561 156 1408 7463 6209 9318 113 7018 4875 7708 1019 2228 2803 7934 7446 8207 1597 2867 507 6222 7874 1950 6829 6561 
72 3000 5040 5627 9388 9529 8196 7908 1476 4571 2160 7045 3789 7515 2623 4350 4645 5948 427 1118 3323 2706 8964 3696 6523 7500 4707 6658 7965 6660 860 4119 1093 1005 4134 9166 4926 1843 4653 1417 3013 5086 8981 2706 5529 3504 6269 890 4488 7087 7541 1784 2083 1550 8088 9217 2149 4948 3000 3219 4757 2424 5819 6328 3924 9080 311 8021 8458 974 5376 7277 5918 4239 3069 3261 9705 2332 9756 4126 9280 1402 387 3953 3500 3789 5906 7808 7086 9642 3771 4924 210 6669 1609 11 1211 8002 3994 2690 2436 8202 
73 3000 2348 5050 9203 7372 7971 7333 1892 3406 8189 1742 1159 2361 5636 4373 6277 6952 652 5278 6599 3174 6814 6645 6151 5047 9587 9106 1343 7488 8100 6173 1811 7307 50 6796 4384 2326 9729 6046 167 8628 9177 3923 4764 5929 2456 2292 1613 1068 3057 9939 8451 9635 4425 5755 6905 5715 3611 46 5207 9755 8051 3966 4035 4567 5466 7075 5473 9442 6891 3022 5107 2404 2826 3356 7235 573 2517 9459 3211 8666 6354 2601 2905 5618 1398 2128 9298 9325 38 1768 6193 9519 1766 4068 9057 8761 8077 2947 8984 1564 
74 3000 499 4384 9786 1638 1745 5227 8209 7261 9991 121 7271 4777 6275 6574 2726 214 5028 8136 2657 9033 7726 5708 190 3997 9665 6977 9330 1170 9866 3974 3930 4032 4100 8757 9782 5733 1041 7219 9825 9459 1546 1026 2494 6928 1053 7669 3177 5015 5111 8653 8809 492 8032 5800 5586 2907 4669 5691 9804 5571 5316 2215 1826 4688 3738 7261 3170 6595 8321 9520 6723 3134 6352 1423 82 5150 1420 4197 2021 4112 3940 1051 2078 1857 4813 8481 3269 8464 2196 5708 7931 8246 1409 2232 6686 3875 7958 3522 527 8627 
75 3000 3693 4815 6040 6752 6081 3060 3736 1972 608 6969 9524 4098 6312 5204 9292 3783 4427 2686 6629 5386 167 5026 3663 7972 7626 1085 5022 4434 7805 3661 4929 8734 9764 8289 7415 1281 4900 184 9657 2422 4351 9294 8447 4065 9521 3485 9776 9423 5731 9850 1554 889 9003 4143 9449 6029 5952 8335 5848 1706 6824 6301 1952 6320 1641 7627 2987 188 9481 9543 6547 4031 880 6983 4055 5603 3361 766 5357 4431 83 3909 6433 4690 1621 6057 241 6197 868 6041 678 3534 1060 2567 9672 3290 6932 3016 7395 9439 
76 3000 8993 386 5605 6828 928 8347 4111 2806 129 4421 360 6963 1340 1299 2155 9007 3444 6266 3491 4755 9356 8766 3527 259 9058 6080 8665 4048 5744 7141 7777 7500 5106 4461 534 3342 7728 4196 8880 2264 4618 4323 1613 7672 5860 955 2107 8555 2390 2769 9150 482 900 3568 906 4723 1862 2964 2008 5497 685 5187 3772 5339 1990 6016 7535 8601 7011 7841 1124 3070 4124 2845 8440 9713 2499 4313 2180 552 8880 6063 9669 4657 7480 9 1831 2269 3018 1842 5277 7043 6863 4840 7519 6423 6315 1798 5309 137 
77 3000 7010 5093 6108 6815 8441 4860 2669 8740 2616 5307 760 4714 5833 9146 9998 1060 3581 149 7815 737 8570 3837 6548 589 1883 6285 3656 6718 7251 1057 5057 7977 8458 4262 1594 7591 9865 7741 8626 2907 68 375 8738 3259 8669 7516 7590 5970 6184 8549 2871 469 7065 2572 6397 540 5855 2209 9322 4691 6468 5539 480 4651 4586 6158 7848 1991 3190 1361 3136 2868 1212 8451 9502 902 5309 9172 2395 8166 4772 2269 3513 4308 9545 4170 7900 3801 1385 7796 4156 1309 8136 9493 7780 5189 1128 4092 7632 9105 
78 3000 5712 8093 5526 1779 4905 971 8941 4862 6172 4611 6864 8927 1326 870 8755 7595 9557 7254 6633 9775 3581 732 296 39 8924 9667 5657 7119 6316 3875 6210 525 7225 2810 7622 5292 2506 1870 5442 4854 4178 6832 5949 2034 330 6413 110 8172 3145 2947 673 367 51 1203 2381 6848 8003 5309 5313 472 882 3818 1346 344 24 2885 3750 1563 7871 7584 9896 3095 4747 1333 7101 3764 8767 3457 1593 6381 8854 4873 596 9980 901 1894 7550 201 7042 8167 449 7775 8059 4729 3304 5153 8905 8192 736 1246 
79 3000 7358 7048 5689 4302 5800 6111 271 2899 6117 9064 9716 5063 7729 9154 9477 5521 8739 7991 5441 1067 212 2490 7265 4060 3579 9922 4846 4044 1161 1102 7907 7495 9824 1699 8713 5693 7755 1664 7910 715 4365 2794 3494 9560 3315 4413 2894 6392 8673 7179 8193 2911 4183 5024 4465 6854 5675 5205 1238 8608 6588 6490 7089 5964 6627 5471 7354 6983 3533 991 4970 994 7991 6708 4440 7715 1658 1773 8922 4498 8309 9644 445 1702 8123 5019 3247 6187 5078 8889 242 2938 7482 1729 2607 4808 1624 4801 2501 390 
80 3000 8553 9591 8901 14 3979 5365 6568 9868 1301 4857 8138 4243 7756 8072 9335 5904 3704 4222 7315 4589 5022 1785 2122 3626 8636 6690 1289 4681 1173 8623 7544 630 737 5459 9654 6555 1812 5828 6391 8863 3289 9790 3617 2532 9621 7647 4503 6486 5095 6881 2868 7089 1238 7204 9642 9762 7345 3749 2460 8737 4130 8373 8370 4921 502 9096 9682 1896 3470 7656 2924 39 1169 5192 936 8769 9011 6056 8086 6914 8966 9745 8608 1215 1960 956 8066 2940 3406 7776 7946 2630 1854 7987 3370 2978 771 3499 3935 9816 
81 3000 3438 2909 7679 1240 984 2188 8171 4858 3534 3484 4723 3155 4486 2061 5736 6999 7919 1351 5156 7250 9112 6146 2073 4516 8202 3900 3430 7020 6962 4165 9864 6595 8697 6149 4671 2807 1280 4401 5898 5203 3296 2617 1554 3676 3327 5577 7953 6967 2348 9201 1178 9284 9258 8732 1669 5047 9532 5049 1940 1761 6995 9093 7420 1011 8730 4436 413 7582 3101 7953 7193 6709 906 8640 8216 9443 9658 4542 1461 6151 980 7815 8894 8135 1140 7907 6058 7379 4700 2867 4789 4420 1290 8782 9055 4344 5519 7330 3919 907 
82 3000 9992 1468 7633 8780 1471 9238 6849 3924 148 5703 4960 2079 2047 3004 3568 5394 4553 8543 7067 7166 5064 1292 365 4714 2768 6228 9719 374 3546 6892 6702 623 7999 6068 5293 3321 2599 4598 2090 3084 3968 8310 9653 4781 6281 3079 2964 5153 1790 8013 9023 2562 4481 6758 9557 4858 6848 6931 6865 5380 9795 7683 2777 7073 5666 5378 750 4735 4396 7404 1080 5391 2788 4108 9239 6785 6914 8851 7346 4003 7648 6192 8751 4221 9310 8201 5754 9570 1450 8888 442 8141 3747 6762 8657 3097 4038 5519 7081 9927 
83 3000 9470 2843 3456 1812 777 7348 9921 3122 9680 3629 9477 1037 9421 5451 5578 5297 8407 7057 4844 6067 6993 2597 2903 9936 7385 3692 3355 4039 6660 5115 9860 8302 2929 8600 1357 5814 4605 4776 399 1320 2811 3224 4621 7847 6904 665 1329 1446 3129 7261 5215 4065 6399 1056 9198 4544 5191 531 8385 7739 9578 5289 7165 1763 2380 4860 9422 3362 3443 5641 1874 1409 7038 5948 541 8523 2391 9205 331 820 7335 5248 7758 5781 5086 9764 6779 8246 4148 1841 7761 4539 1335 9663 9571 4715 7930 4309 4789 2925 
84 3000 8960 1690 8048 5918 5595 2610 7501 9658 679 945 9410 4076 7382 9955 5860 5932 976 6717 5596 9819 3737 4683 7997 7282 2977 4362 155 4062 2188 2133 7097 5468 5326 7173 5122 9876 4214 6521 8266 344 9062 8258 7893 4366 2127 2817 5409 1734 4487 2416 8102 544 5943 8616 8106 1309 8048 8008 4493 9209 259 6016 8485 4460 9212 8836 1797 813 1127 3492 8098 2173 7334 6017 7605 7345 2927 7769 4795 2906 8539 9856 9247 4200 5246 5702 9602 4462 2595 1724 661 2059 9752 6146 3592 5865 9786 5929 9274 8758 
85 3000 7066 1832 4761 9235 7791 1596 2873 1167 3640 1247 4907 1662 8553 4538 6481 7066 8630 500 6499 7082 5161 9133 9235 7017 775 5206 9555 8152 8720 198 1254 6240 5265 2354 8519 8124 5227 4866 522 6487 623 2186 9132 2721 2448 4457 9758 7922 5577 72 5309 2012 6791 6358 3291 988 5933 8383 6015 2287 182 5893 3939 8288 1455 8367 2136 7930 6938 8202 9880 6459 2734 2023 3360 3299 645 114 1527 8046 8069 3978 5048 4593 1031 2022 8406 3375 336 3363 5109 1737 843 9760 6030 2433 3869 5681 875 247 
86 3000 2718 6476 2771 6738 1331 4692 5980 3112 6063 4505 6739 1218 588 4279 7228 2667 3926 7249 2656 6083 1590 330 1476 2468 9873 1049 8727 8702 3240 2608 2500 9164 4863 7061 3523 5477 270 6628 7879 4378 4122 3128 2847 3717 118 5534 5864 6577 4019 5661 6616 3517 9803 1970 2255 2948 8941 1507 5733 9626 2799 9957 7275 1275 8167 9830 8961 3331 5908 6769 2447 1813 2742 3983 9801 4323 6140 4806 7469 9162 2357 3381 3364 2579 7583 3470 7084 4143 2218 5382 3248 234 8280 1040 7963 5671 9925 7157 8412 3454 
87 3000 7105 6549 5573 2635 2343 7566 52 4315 637 1653 1056 5766 2484 9033 8475 2676 36 2514 8102 9520 6374 9423 9973 8055 7914 1667 9827 3944 9932 3914 3702 1500 5216 9903 5644 6559 5846 6876 8552 7472 8092 8137 8139 4231 445 3739 25 5711 4769 9287 9949 5045 578 2877 7110 3118 2434 149 633 185 483 7475 9157 5625 4100 3268 3550 5803 8669 7410 2751 73 5486 8819 2732 4897 4785 1123 8591 6088 1892 6477 9762 9187 6500 7492 8360 7952 5073 7295 643 987 6373 7713 1602 6481 113 5578 2679 5083 
88 3000 8733 7168 2601 899 2302 758 1349 607 6549 7307 7248 712 4010 9267 7180 2911 8310 7517 9923 7588 1562 6417 2620 5441 4897 6999 366 7224 2113 8270 8921 1617 6457 6647 553 1227 523 3515 3004 6703 9282 915 1574 8987 6232 5344 4341 9684 2679 9699 502 9554 135 3325 1830 5139 5850 209 7272 3507 1458 5279 663 5121 4762 8844 1559 4838 4631 9152 9209 1026 9028 3069 9643 2818 6164 4894 5886 5473 8776 3286 1296 3879 1524 6330 6034 4173 1526 4714 6649 3485 2005 3040 8794 7812 9068 9259 3068 8010 
89 3000 1608 2228 3979 3919 4333 7393 2033 6608 3915 601 8951 8744 8270 28 6009 3093 8961 6243 5498 9135 6721 388 5321 7813 111 489 6703 4406 7294 5889 5033 9523 938 9804 3827 8222 6242 10 1819 7261 2091 7651 3177 466 5333 4171 839 2225 8178 6372 2984 9116 8730 9604 2615 9644 4634 9062 280 2121 9861 9232 9905 656 4601 1440 7767 9279 8299 9543 4578 4183 5801 3730 701 4104 6634 2463 4490 8805 7409 2531 3757 5708 7347 7234 358 4633 6932 2694 7911 674 9688 2286 2635 5189 7082 9198 7313 4930 
90 3000 6550 7114 8386 9278 2650 9024 6162 5624 1342 4153 8162 2861 7384 3028 5579 3003 4867 652 2875 934 861 7820 486 2280 2195 549 673 9401 5361 7637 6478 5517 9539 6348 3818 6949 2748 6217 6699 3495 1128 989 5555 6923 1338 8674 8716 7593 6086 9731 6992 9202 2779 3377 1395 1657 5302 2020 3972 2071 8922 3819 1777 3883 8311 3366 3952 4102 8701 496 1950 8683 162 7219 2872 6021 5002 2781 5929 8569 8298 6844 2036 2590 1543 799 6524 6022 9430 7196 4983 4479 9747 7303 2222 5368 6411 6792 4363 139 
91 3000 5617 9546 4055 4654 5113 9591 8814 7683 6609 1158 2484 7524 1298 6865 9833 6753 8512 4023 4264 5092 7497 9075 8655 403 2319 150 9327 7815 9885 7749 3127 6967 1102 3552 7652 7376 5152 7352 4581 1939 6891 2116 6143 8550 7381 7165 4709 9846 7542 9484 5502 1082 4925 3156 2442 6123 3619 6922 7106 1566 7277 9861 821 8988 5266 5200 9879 5315 1948 2252 3874 1318 9080 6466 7171 8237 1342 7618 3490 2522 4990 6116 3628 8711 9632 7436 6293 419 3131 4678 2073 9463 9631 9249 521 3108 714 9677 376 9438 
92 3000 9671 8537 2896 850 8909 7518 8330 5678 476 597 5503 7937 9715 5357 4530 5195 2039 2414 2661 4569 2836 2978 3241 6846 494 4537 7803 8730 2555 4666 1280 3211 4992 2957 347 8063 4611 1082 4886 2464 4578 976 2573 1743 3074 1141 6596 250 5066 1087 6496 2353 7217 3884 2125 1559 5909 6849 743 7759 8395 354 7231 2603 7080 4758 7428 2988 6917 5470 4600 2688 5943 6126 9027 2096 8923 9905 716 6094 4132 8954 5249 50 3257 1956 2737 3942 4422 9807 9917 4600 8343 9426 5367 6078 7604 5690 7841 8153 
93 3000 9061 1492 7738 2941 9366 5923 1690 9650 3621 582 279 7443 7158 4013 8871 6440 437 4255 1591 6838 7077 9535 8402 6156 5005 7068 5327 4605 736 0 7787 8587 6774 2458 7063 2315 2141 2737 9890 7559 6025 4610 1171 1514 4563 6761 9815 2801 742 341 7702 5588 7421 4654 1774 1831 3490 966 9250 1649 3145 4436 5966 1821 8290 4179 7837 2402 4063 1443 5452 1477 7492 5924 1784 8023 9268 197 3030 2914 8651 2275 2582 8035 1496 6289 8108 3531 1404 1304 1774 3179 4001 8247 3580 7882 4340 4965 7826 7294 
94 3000 7428 9413 2703 9559 1880 959 3004 9189 6692 9819 5969 3057 1150 4616 245 4519 7849 8063 7981 5659 8855 769 38 7660 4973 3180 4331 9302 8157 5627 7293 3582 7031 6520 8468 2459 5546 8650 8221 9727 4756 3625 8581 2010 7718 4427 7206 7883 7525 6098 4470 5119 8450 4546 3680 6059 232 3483 4418 1108 5473 9476 9001 358 165 5138 2074 3331 7347 434 3324 6854 3878 2112 3320 1052 340 1266 2477 3469 4067 9017 3150 1317 5297 321 4840 1843 6448 5904 2545 830 4521 2322 8214 9213 6627 140 5347 7830 
95 3000 8642 246 6700 287 6979 8280 5134 3962 3497 7196 7573 9118 3522 7944 2097 6155 7004 8279 8156 980 2790 9692 9911 8498 6033 2475 2696 4241 8711 8898 2613 4110 3287 4521 9240 2243 9480 7625 1477 7020 4172 6776 6507 5172 4434 6502 1888 4040 3677 1105 766 1935 929 6595 217 6640 3242 747 2710 2032 1212 1286 698 2825 7640 2195 4331 7439 9299 8147 2298 9004 1848 7067 5793 4474 7848 813 5599 1874 7924 3985 2310 5675 5034 860 9666 287 1879 447 1021 1679 1425 9677 8929 7129 558 4703 7862 3091 
96 3000 6858 343 50 1195 8506 7630 4444 2364 7309 9501 8806 9062 4852 4606 4926 5668 1775 9236 6958 6967 178 7387 2891 4773 9145 8943 9131 2677 3398 5982 8222 8917 5075 7210 9683 7371 8629 524 3974 6684 8862 3689 9585 7509 2069 3151 3252 7880 323 970 3295 6709 8872 9876 6085 5406 6667 6458 5631 7623 19 2466 6299 7132 9370 4248 8648 3812 9200 311 8397 7777 1051 7000 8513 1618 9683 2308 4428 778 2347 7811 2377 2043 1191 8726 865 169 8786 2095 5255 2622 6777 3091 5483 2454 7665 9454 6897 9297 
97 3000 9701 4051 4226 8484 4923 5556 8665 8295 300 7260 8091 5329 2017 4007 406 7999 2869 7247 9997 8155 2796 8227 7329 827 2531 9293 1661 2100 377 3327 6881 5106 2114 1305 476 4147 4021 7982 5618 6943 9029 5695 6381 4999 6002 6305 6082 2105 2138 1249 8743 955 8493 9726 3680 7894 8636 5007 3223 5786 429 8864 3551 5017 922 4133 8659 2608 4390 5399 7447 9466 3476 7797 3937 5755 3474 3955 608 4391 9731 9043 4867 2662 8171 3967 8633 1975 8952 6668 1057 5730 3238 1563 4358 5310 3108 7096 2790 4208 
98 3000 4576 1431 4730 269 3749 6253 7897 6065 6102 8703 7684 7386 8880 1440 8633 9866 6626 822 9015 3727 9834 3214 8552 6647 6726 9422 9253 4764 8153 7255 9381 1789 5623 2202 542 6257 2455 6246 7899 6895 8055 4798 3512 6120 5317 1750 2804 1660 1152 2664 4151 6302 142 6078 1596 5756 1312 2940 688 4659 8040 4169 7448 694 1077 6333 460 6833 4703 5464 6082 1711 6004 8988 6791 8121 7275 5783 2644 9636 1544 4366 5869 5355 1231 9196 8578 2771 9917 5114 3613 8774 7252 9899 8503 8764 6982 4949 2559 3902 
99 3000 8098 4092 7086 6480 9119 522 8725 3419 5486 1851 5917 7885 98 3301 8493 9040 6960 9004 388 9912 7959 1443 5481 3388 2771 9007 6561 6340 1883 1671 7416 1868 2750 4815 8048 9670 9069 1146 3014 4544 3183 764 2887 2999 1608 9342 8851 8013 3685 4438 413 1893 3359 9925 6241 7280 4079 8552 8134 6265 6825 2625 8106 7635 1264 2819 8608 2248 24 5109 5859 6524 6098 5831 6317 4070 3368 4863 6269 5426 265 6933 4542 5933 6537 1057 8345 1730 3159 8095 2236 3880 5353 6431 207 608 8749 5789 904 7679 
100 3000 8655 9160 5961 6889 2463 2865 1471 2690 5175 4735 2572 6935 8057 424 1164 1747 414 7838 6745 518 4493 9696 382 7027 3512 4213 1794 2691 2812 3910 9574 1930 4131 2546 4521 5668 3011 175 6112 2950 9323 6334 2087 693 918 1348 1167 1553 407 5766 8892 9921 5063 7917 6584 6048 9847 9595 3444 8288 3560 9870 1758 3469 8123 7015 5241 5390 975 8571 504 1443 606 9530 1640 7356 5205 8639 7941 67 4439 2838 4736 8720 4353 9817 7358 3785 5403 8700 8232 4304 3601 8852 7093 3263 4799 6815 4322 1086 
