FILE: 623UnifS.txt
100 100 0 
1 3000 5727 1852 2587 9381 8250 4042 6696 2982 7848 6363 8391 6670 3119 950 9752 217 2725 2728 3887 357 603 9785 4210 2720 4308 1869 6845 1886 6474 7004 6147 9575 9408 6243 3365 952 2802 6532 8407 9059 4572 1714 4752 7377 4829 1642 7474 508 2959 9431 4393 2984 7848 6826 353 6202 1213 7700 4627 3477 4074 9673 1440 3233 6340 3859 3625 307 9524 2741 9399 5383 2583 6158 2264 2554 885 5435 4036 5000 8295 5625 998 8801 2394 5881 3175 4869 2817 7951 6738 9006 2715 2800 9532 90 3349 5357 9726 6381 
2 3000 1805 7384 7593 9954 1830 8473 408 9263 7800 5170 482 9816 1809 8214 6309 2992 3882 7917 6846 2968 5320 7651 8912 1784 5159 5478 7720 2520 9761 3889 526 610 5534 7679 3408 3270 4765 9941 1168 7063 4589 6189 359 3579 9076 6603 5436 3242 4450 6400 8036 7249 7425 4330 9379 7622 6670 9299 5796 5397 7403 5110 7381 6929 9100 3342 9765 8328 6340 4339 9026 8016 2764 6334 9710 7412 8174 2696 5984 9739 8736 7298 5915 6959 332 8017 8874 4830 5013 8353 6058 6092 601 7175 4148 1774 3392 6591 2084 626 
3 3000 4004 7947 965 6682 6341 5947 7081 4938 9677 896 8060 5166 3880 9077 2153 3845 7742 1242 627 4219 451 9234 3299 4480 6180 737 7186 4080 1797 2142 8284 8163 7710 9545 6466 121 1831 7869 3516 2280 6664 8109 4274 4711 9519 2704 920 2157 5856 9032 372 9099 5748 1033 4815 2933 3467 8952 5352 5284 204 7212 8785 1437 9909 411 7513 7894 8250 7442 2560 8062 4708 3738 9732 6057 7793 1646 8886 8642 3377 8919 6341 5280 6166 5341 400 6324 4288 7472 3 9320 7004 1517 6508 3445 5551 4325 8587 2062 
4 3000 7110 2508 259 3406 1888 9689 2040 9392 3339 1869 5220 2548 1504 931 9266 1074 9471 6251 2349 2026 2969 4453 4997 2624 3083 7276 6872 9685 2089 7567 6672 7184 2425 3410 5158 1935 8778 364 1308 7399 3298 1841 1593 5623 3939 7597 2380 7291 5925 354 5457 9913 6337 550 6690 4132 1830 9203 7797 8157 9472 8915 1248 323 709 2987 8300 9772 8455 2669 142 5266 7307 2528 2175 2115 6884 3947 1415 7241 8293 6742 7020 2357 3718 8915 3942 5279 9135 4517 9703 9357 153 9649 4300 1037 976 6584 3232 5541 
5 3000 6496 6008 3650 677 7505 7398 3635 8773 9039 7510 4604 6735 1837 7007 6832 4231 6938 5204 8107 0 3386 2933 5509 6284 9082 3548 309 1389 4739 2040 5998 365 975 2285 9438 3818 8531 2416 5144 4844 1605 8315 2679 4084 4323 5241 7188 2909 322 7570 3046 4732 5472 6669 637 4436 3711 6892 6258 5937 6012 9699 5142 7865 2471 5905 7615 7375 7524 6049 8371 2077 8285 8892 8872 97 6012 8035 2882 8264 697 6669 5114 8410 8781 442 3006 1811 3991 8459 1629 1744 1309 2401 1711 4167 4058 3771 788 6532 
6 3000 4121 9265 7486 4718 5278 4270 8917 8087 9669 4481 1211 2668 7390 5653 3169 2469 9202 1468 3035 8907 2373 9530 8405 8368 9643 5489 9248 7892 1313 5288 4065 8977 463 5530 9159 9518 1286 1978 1044 3862 558 6171 1969 995 2227 179 8568 845 5124 9464 3645 8722 3808 3882 1067 7872 2528 6805 3799 163 2312 2361 5052 4893 1187 811 2561 5723 7510 2045 5988 5734 6443 7198 7450 617 9533 8400 5170 9973 7435 6647 255 6754 5747 7797 6599 4815 3977 6689 3909 4605 7632 9393 3857 6967 3432 3575 9360 5081 
7 3000 7652 7001 6979 4514 7586 4151 2449 1408 6135 969 9331 8790 9524 7734 786 1001 8142 52 4484 6258 505 7985 623 7339 348 3289 3088 385 6837 4789 3727 1841 7913 1876 9751 3511 6752 6124 4263 5741 1359 1043 9909 8730 7280 9941 5658 1961 3443 1928 6702 1762 1125 6034 7484 6989 6036 3453 7852 2831 3541 7919 2333 2751 6993 4197 2536 8536 9204 4709 2684 8488 7031 4274 8261 3729 9091 2985 7789 2632 6603 7203 7737 3387 7351 8677 540 4677 2774 1790 5757 4492 8182 8932 4346 7058 6094 3996 6067 7900 
8 3000 2706 3996 9 7024 7477 8817 8244 222 5846 9084 2601 8513 5071 2157 4571 5693 3195 6256 8333 4028 1136 2703 6909 8052 7898 6295 1436 6511 8918 3800 3575 2414 7522 578 1033 1220 9524 5327 6217 7146 934 2953 8013 7601 8800 5569 6687 5742 5173 1614 1910 1163 4199 3098 3917 8698 2330 975 7775 5358 1664 8640 794 5388 6416 3547 3050 3450 2498 6957 1036 5936 243 1810 4445 394 240 8719 6066 3094 2298 92 4815 4707 7540 2378 1887 4115 3614 6439 31 347 3035 6044 5955 2632 4650 4494 5854 8588 
9 3000 8225 9363 4060 527 2163 5372 4818 9890 4342 5385 7193 9808 6083 9531 3094 5781 9234 2447 8427 4489 6390 8653 7374 726 4232 6043 9792 2457 9989 7512 1742 4005 1030 698 9144 7354 7581 5855 4550 1588 8558 1848 7048 447 542 274 5290 8010 9858 7711 3645 2505 7797 6084 1475 8243 8956 1164 5536 5674 2696 9191 5508 9575 7741 1616 2647 5354 9886 7976 1562 3486 2840 6885 5114 2070 2188 5163 2449 7515 2487 5073 148 3348 7474 9699 6503 7145 3407 6438 8920 5593 5536 8624 4447 7672 7684 5273 3427 5962 
10 3000 4968 8951 6273 6081 9637 1778 3374 4238 36 9539 8116 2921 2699 3937 3044 4704 7558 2964 9128 4182 6288 9393 8176 8025 3771 7403 8354 3168 2683 7321 2840 3114 1214 8499 1605 2371 3901 304 6310 9011 5599 1243 8336 5350 8568 6209 9939 6760 2688 1848 8521 8601 8799 60 4037 1280 5165 9619 9523 3436 7067 5916 4744 3244 9514 8835 2976 7855 3084 8743 904 950 2891 619 1654 8425 672 6291 941 2199 4 4815 6350 2150 4641 967 9736 6169 9983 1864 2750 8349 7660 1712 5497 5289 3255 4676 8306 531 
11 3000 7136 5875 6639 7116 8425 507 9114 8269 2087 1089 8658 6209 9144 2834 6787 9077 16 7144 1004 6002 987 3230 5330 280 3790 7863 3955 684 8328 3239 8016 896 8509 2979 5498 7069 1215 6249 4262 3506 8388 7 8198 6473 2246 9371 6500 6130 3625 6120 6074 6590 3441 5310 7057 4103 7282 24 1477 3365 3120 4241 5026 1950 2155 3834 1963 2870 2775 5688 3142 5258 7652 4949 7166 3179 3950 393 4661 2558 6669 7923 5678 6244 5110 2193 227 7191 2462 6348 1920 9767 8520 9899 4755 9189 5523 4719 3016 9079 
12 3000 7119 9165 4300 7149 455 319 5672 9011 1394 4366 2938 108 2849 5085 3050 5773 6256 473 9634 9415 6157 7490 1640 8826 7917 4929 5122 612 8565 4414 8139 2756 759 9521 8780 5301 9873 3022 6322 9155 4216 2257 5502 3028 8367 2633 3921 8489 9644 9241 2573 3151 7692 6604 9496 1977 7199 6549 6550 6716 3733 4198 9315 3463 2710 2099 128 8338 1483 2461 4224 1297 4555 7534 9022 8067 1923 8098 6523 202 537 89 8840 3269 8895 9346 6846 3155 4755 4474 1956 501 5977 7851 1027 3260 4486 4740 4387 7382 
13 3000 3360 542 6985 5622 7051 6162 2669 4472 4719 1508 1590 9223 6698 7109 729 7145 4091 3867 7545 8798 1475 922 6761 7464 2750 1650 257 6707 99 7787 104 6057 6081 1669 4712 4815 8841 6609 8112 3992 455 5392 2354 6362 8392 6893 3034 4650 105 825 7953 7839 745 610 8885 5603 4001 4377 6487 865 6064 4080 8322 486 2721 2745 14 4063 9564 9842 9522 874 5334 4781 4546 4929 8382 8532 3052 8158 6266 3371 6925 1714 8456 754 8748 5415 2182 7310 1700 5295 1395 8962 2588 9291 8858 3176 7997 1050 
14 3000 1360 9327 3568 1867 8055 7203 6400 736 1932 3618 577 2541 4398 7162 5821 4360 2995 1072 9270 9900 2245 4229 378 2057 7605 275 8946 3596 2567 4864 6269 5963 8866 1031 9421 6218 9822 2688 8648 2093 6806 6243 7903 5173 8828 350 8496 2211 5253 3780 5870 4555 1640 1412 9504 5711 8708 8360 5940 7024 4424 2216 4938 1487 9221 3422 8749 5677 4333 3764 4522 9810 3266 2998 9826 5927 6381 3591 1309 4204 8616 3594 6469 7379 318 7639 8559 3318 1217 6059 4616 5697 7506 2135 6610 2807 2064 7464 5723 4490 
15 3000 7792 5462 9754 7198 4077 2976 3641 7176 6385 38 3117 1773 8974 7732 1487 8868 732 4190 9527 4440 4146 8714 8518 8240 7388 4025 6393 7609 9534 6627 7014 9405 8898 5310 2578 67 4503 7769 9143 3793 666 5347 5278 8854 4715 5910 3843 2022 7831 4843 6890 1135 9009 4167 3693 5774 2148 9790 1895 6078 6269 6876 1790 9672 8854 3338 3726 6729 2306 1468 8626 3151 3548 7671 1648 1883 6729 346 8957 2339 9068 5878 7630 7965 9819 2760 8683 1924 2360 3836 3222 901 9408 6677 1723 7037 1359 2076 6429 7992 
16 3000 7752 664 6885 5123 1860 7664 8585 9795 8403 5756 4749 7815 4393 6075 1230 1990 3091 7333 4535 2811 1102 3065 2984 7262 8590 6999 981 5750 2616 6551 6421 7169 3603 4451 1216 2082 4926 8481 4947 4026 5627 9356 1640 8950 6257 6712 9672 2772 7837 3230 4793 7060 3949 6884 6286 2847 5954 1307 6234 2557 1326 4295 1934 70 5123 4418 1413 8901 4573 5777 2091 8512 6790 864 2549 8742 9613 1569 7438 2369 5572 8292 5503 5793 8978 7195 736 7842 6137 5569 6653 6708 8689 5335 3699 5005 76 4660 9772 2954 
17 3000 5127 7704 3874 9687 2779 2497 2896 2688 1910 6925 1512 5344 309 2861 5209 2633 6765 8403 6442 4932 6279 8252 3908 9949 8408 2202 4951 2785 8725 1766 1086 4112 3415 4919 6655 6488 6983 8970 601 8787 3100 1560 1374 8756 8562 9778 4956 3703 385 7412 6011 9303 6018 321 2168 6530 6682 9924 1421 6719 3835 4829 2651 4750 8762 575 9289 350 5292 7502 6084 7536 5634 6752 9009 2166 9344 4385 8288 7627 5416 3628 4551 8640 7494 5244 8104 3197 2214 6031 1341 2620 668 5441 4263 9740 2995 325 3136 5209 
18 3000 6094 7808 2265 1934 4463 6281 8898 7635 4169 4524 1252 5526 9932 8953 9668 3129 5344 8988 885 9200 6204 553 5444 8797 6989 7693 8215 6455 440 2326 2051 7500 277 2106 4563 7479 7039 6427 8023 9723 7052 538 2392 1026 4512 7792 1471 5455 6707 19 2181 6287 2354 6017 6962 6061 3061 8178 9303 4769 7923 7231 2394 6158 1230 5113 899 2169 3313 5968 5868 5491 4504 5267 2752 247 2230 7050 2567 805 1223 9305 6162 8704 6864 7455 1628 7723 1648 5987 4822 7054 4770 8193 3020 2620 4842 4044 1693 6501 
19 3000 5736 6185 4414 4499 5541 4053 5878 1814 8662 6131 8063 6862 1029 312 9498 3201 8437 2395 7675 9592 8013 2712 4567 8184 2807 869 5287 820 9502 8618 9864 3475 9258 855 8144 8807 1676 4739 7815 6850 1886 6940 5566 3814 764 9006 1360 9025 8272 866 5834 9980 9921 2444 832 5531 6361 3411 3054 7195 6098 1050 833 8587 1332 6259 4040 2977 6922 7666 7107 8977 2477 3879 5185 4346 7568 3855 3416 7925 72 5398 9338 9697 7634 1776 8412 8969 2258 6474 2676 680 8019 6058 2519 9836 1908 1176 1585 4069 
20 3000 7794 5676 4800 4319 3511 3855 9526 3643 1078 5826 9837 4148 38 1019 3919 2054 3917 9799 4603 870 9823 3213 3013 2710 1154 858 5342 7721 3438 6885 2761 1644 3304 4111 4438 1498 564 6270 3697 9390 3434 8385 7292 4443 6870 5260 7811 2861 4034 8106 9200 6109 884 9281 5420 7221 3890 5168 2223 5238 873 7165 2051 7761 4967 812 2066 1638 1714 3030 5305 1774 9274 7499 4953 8058 1770 8150 1744 429 5747 787 4496 2056 9766 2833 3756 649 7118 1203 8580 7886 1663 8296 6436 6982 6796 6121 6230 8362 
21 3000 7535 8539 4459 3479 5737 1635 4487 6740 8439 2217 8953 5568 9320 4435 5288 8587 3295 4524 4378 1928 4225 3681 2335 3664 5761 9058 5400 6367 5305 2880 7974 7793 1104 9700 3764 9692 2461 1760 67 4737 3078 2492 5168 1589 7518 8141 8870 8074 798 7507 6144 2495 1101 9819 3907 3069 5617 728 926 5476 9508 6432 842 8554 7997 5919 8329 8097 1585 1340 8361 8799 4388 6503 8623 4302 5604 3498 5037 5389 4101 7438 410 6286 6133 9333 6215 9099 6182 7087 7494 6371 917 4617 881 1767 6290 9099 5760 8881 
22 3000 7748 6342 8539 8172 3571 4280 50 2018 1341 4597 6084 7906 7529 2469 1034 9735 211 4440 4681 7252 4908 4414 2088 3611 3548 7777 6635 1056 6560 3645 6167 4729 8088 5233 2271 4605 4327 8352 2682 5548 4993 8029 6806 5498 7910 3256 4374 1778 6724 9857 7223 5527 1745 1488 4190 4258 3913 8755 9149 2545 1883 6461 2155 827 2245 8980 3728 2346 2859 3748 2250 8202 9325 2887 4497 538 4569 2953 9287 3851 1559 2801 4261 4421 9146 9589 5783 7871 1026 2892 1967 4855 7835 6952 8832 4859 2356 1050 9579 8142 
23 3000 7866 7998 6988 5790 9599 763 8954 7900 9332 7214 7131 9890 3106 2989 8717 6932 2060 2495 1348 6512 6402 8029 1135 9110 2491 7022 3806 7013 3060 7409 8993 1243 551 1131 7627 6623 3579 5748 2469 4955 6526 4193 1763 6329 2253 2636 6008 8559 7940 6487 7869 4741 4053 4510 5197 8934 6429 1074 7185 9972 1497 6525 3642 3396 4614 5676 7401 1513 1529 4434 9840 1578 2977 4545 9539 2105 2389 6461 4056 7300 6737 343 4828 9618 493 5174 5200 449 2724 6014 1575 8923 7305 9363 7695 8849 6256 6662 2041 3768 
24 3000 6212 5913 8360 140 8010 1424 9319 8653 9403 1680 3281 3652 901 5342 4207 704 4736 5365 4686 2277 6953 1246 2083 1551 2622 9392 7821 4350 4179 1620 9779 9200 2893 1777 7824 5516 3453 484 2459 9908 1683 8009 6602 614 5383 5265 489 60 8296 2924 9702 5544 7191 8673 6318 8042 2087 2576 3191 9147 9584 577 1350 6119 9335 6117 528 5078 3631 9880 2816 2306 118 7666 9439 3683 7636 6390 656 2246 5186 8193 8792 3870 4016 2701 4387 1082 2839 7385 5475 4988 6173 6064 9984 5337 5802 5525 1266 8700 
25 3000 5371 265 6749 4783 8096 5368 9712 858 7610 7496 4190 4322 1920 4014 3002 3380 502 233 8898 5855 4517 4783 8842 6122 145 3110 1414 162 5057 9093 7333 8754 7998 4795 3113 8774 1507 8330 7841 2637 7756 9863 3075 5850 7511 5728 5875 2696 2227 674 4956 48 9258 8239 9963 9295 203 9244 3873 6407 2363 8413 8524 113 3339 9123 3268 8215 8739 6271 6746 2018 3026 7271 1791 8889 3474 1177 3458 2942 7266 5928 171 3846 1703 3718 8007 3758 7547 4495 8093 2381 5486 7577 7134 151 5720 1404 1070 9541 
26 3000 681 1406 1847 4498 870 5998 7323 8000 3822 703 4294 7740 6195 399 4650 9934 8989 9688 4645 1256 5879 1392 7306 8895 4687 3176 7959 8740 1967 2292 2877 1688 721 8452 1063 8077 1240 4823 9151 245 5068 7148 9430 3214 2092 993 999 3499 755 7116 4046 6039 1400 4966 7246 9260 2732 4303 8292 8254 1406 4942 7546 6092 4748 4627 4816 3251 6587 5027 9259 5183 6227 5854 2409 7986 531 7112 4327 2225 9140 9467 2880 4854 2811 2745 6143 9286 4883 2548 7928 3566 5864 5007 6434 6687 1151 9647 6024 3020 
27 3000 1863 388 2129 4874 8811 4662 9277 3180 9589 662 2240 6298 8782 2710 317 6950 1314 4758 4732 7284 8905 2004 9164 2048 9667 642 3399 9909 818 5729 107 2880 4517 7186 4744 3880 6836 3914 8579 2419 9843 6046 4847 8404 6821 5310 8027 4075 608 3535 6243 4063 5060 9263 6793 3574 9641 2501 4799 4695 7138 7590 4987 831 4502 4200 6586 9262 6813 6453 1359 1825 4368 169 4754 3728 2895 8235 180 476 6897 4105 6410 2936 6113 3417 8111 517 5111 3739 9491 2479 6000 2446 1081 7370 4269 2709 9636 578 
28 3000 7758 7619 1163 23 8740 2435 7069 9956 9142 4952 3446 2902 8880 3998 3465 9712 7328 6056 2912 7749 7905 10 8831 7197 5792 14 1311 5495 8769 6492 8379 9891 1183 5255 4035 8134 1037 4749 9400 7273 201 1426 6994 600 7759 3242 8141 2702 6467 1274 3491 2644 2348 9468 6679 5285 7403 2512 1096 704 5453 1830 9796 1761 1103 9702 8521 9781 1833 1514 1853 8366 3211 6126 2496 5320 7235 4367 3669 2716 3795 5661 4644 5076 5267 2767 9390 5678 4222 4655 8356 995 4272 7500 3369 3247 4030 3802 5664 1089 
29 3000 4205 9636 7037 8418 7811 17 4120 1308 3509 2403 5783 3065 2076 8310 3665 7416 5987 3062 5823 9812 2137 3661 3511 6867 7677 4783 1081 3912 8980 2898 9011 680 3730 8518 59 5117 6139 6567 8536 5313 5283 4878 2714 9560 6572 812 349 4538 6335 6007 7335 1622 9537 9247 9482 1317 620 7458 7415 5814 7464 4830 4607 9677 8483 65 8526 8647 2834 1742 4915 6583 3758 1822 5196 511 5048 7260 6992 3815 637 9757 7784 7544 7311 3628 1687 9844 551 1803 9352 3516 3498 9941 995 1703 9041 8680 2545 1695 
30 3000 5034 4010 4927 6865 2634 5764 6460 6728 7768 4244 8387 5120 5720 4965 3526 6513 8848 1523 8047 445 7423 6599 6376 4077 3594 1072 9221 2881 8480 1269 4724 9445 2379 4336 2741 409 8114 1734 2239 1523 7494 858 1830 827 909 4785 3419 9966 35 148 8982 3618 3685 3125 468 7058 6767 3565 2830 1834 2375 7236 171 9583 7006 6189 5026 3962 8897 7260 765 705 9492 8692 7116 5807 8030 4874 8821 1836 9262 9219 7411 2362 4290 5159 6112 4519 4530 5263 7867 9685 8804 8484 6492 2295 3555 5533 955 6772 
31 3000 6186 2373 2772 2585 1523 1838 6540 7435 1410 3383 3589 8561 7418 954 8756 2175 6688 8982 289 1021 896 6506 2876 58 8342 9419 3796 266 9165 837 2195 587 3681 9601 1490 7975 3853 6888 4897 5583 7875 969 4080 9075 7891 69 934 1055 831 3372 2482 3625 2380 137 8903 9074 4066 6944 4689 8683 3473 3068 2917 9655 7584 3973 2653 183 9244 2935 9481 2625 6751 784 9153 4815 6569 3781 4367 9499 9169 9609 4673 1891 7995 1497 9493 5359 1551 463 4280 5229 8619 5691 9791 725 6596 3020 4493 5022 
32 3000 2961 1569 87 3432 9865 8484 163 9715 1842 1807 1975 505 6655 1473 1345 7880 9254 8428 690 33 8874 1882 175 91 9241 4674 1987 3044 1918 6769 7743 801 2767 6883 9011 5379 1541 2223 969 211 4598 6364 9177 9573 738 5241 9480 6152 172 1272 1040 6721 6611 5604 2482 5955 2478 8483 1175 8360 7251 7752 5634 8331 8926 5468 1048 8339 8608 2655 7929 5239 8226 2168 3893 4700 1371 9695 8561 3767 7263 2872 1587 1546 7838 8534 3808 8006 7969 8086 1524 921 8796 996 3900 922 4201 6416 3492 4684 
33 3000 390 2934 9899 6234 8614 6437 6543 6383 1004 6112 570 287 9538 8567 5876 3130 8132 76 9261 3930 7851 6949 9705 7476 5255 4031 773 4386 3856 1320 6138 9288 8714 8714 8237 7132 4151 8886 48 7621 4589 8272 9990 7772 8513 6201 9953 2596 5568 2134 6448 3911 6765 1039 4888 7272 7828 6887 6985 7032 5654 4270 1281 9523 7906 8151 6800 4368 5726 1733 9826 3913 9576 2456 3802 782 8202 6115 2361 3568 723 9113 5477 636 1849 8823 8742 2058 218 2092 5768 9671 9861 1858 3716 5263 4793 1898 1946 6879 
34 3000 6728 9695 3798 3255 5918 7441 1490 6378 5117 1151 4147 2169 6673 7916 8955 9291 2741 1267 5437 6081 8624 4677 2855 5614 9238 3177 738 8881 8700 3109 2533 6099 3045 9988 2384 6146 6064 4507 5035 4121 8272 6651 8854 7022 8993 7948 1990 7560 1580 1839 1644 6090 1749 2169 6479 672 9050 9819 2142 5249 1453 7439 9917 5964 3065 2330 8504 5585 4967 7434 8921 6071 9182 457 2529 9249 5761 1114 2188 5630 3004 6504 6532 1333 793 4600 7372 3154 7060 5874 223 1741 7380 3042 7956 2909 7678 8936 7578 7069 
35 3000 78 2500 129 6788 1859 2909 3715 2475 7553 1818 9658 6185 4153 3731 1771 3557 9457 4497 8766 3871 3533 7934 9776 8230 3305 572 3008 5871 272 4525 7525 8596 1347 8486 8142 3333 2818 6851 3458 2821 7444 6964 7006 4412 4664 4485 1531 7011 3943 6891 6394 6135 1231 5093 8095 7089 8556 3184 3930 6284 6736 6311 8765 664 1226 6670 4942 5267 1072 7624 5302 8911 1010 5956 9340 7995 6678 2234 2482 8443 2953 9310 8488 5755 5419 8940 4976 3191 4957 6532 2079 8084 5459 4014 4220 6271 4665 831 5013 4651 
36 3000 8134 3070 5293 1867 6329 698 4268 7121 4832 2944 3795 7101 7686 1784 5780 1041 3860 3569 2713 3909 6837 8771 1313 7708 7329 9848 9307 916 9117 7250 5335 6044 8020 3530 1976 5314 3975 5596 1897 4476 6264 5082 7137 4733 1844 6842 1504 2806 6818 5571 6102 9115 1020 553 7989 4089 5734 8532 1948 2597 4533 4705 5393 6507 7241 1846 6395 5374 7026 7553 4835 5243 615 9615 6681 5586 1629 9513 1391 4358 7056 4038 2437 1184 6832 5035 965 8665 6564 7281 2562 1810 3362 4475 7167 5601 4812 3361 2095 670 
37 3000 1057 5973 8188 7110 21 10 9095 6410 5742 7328 3673 1510 9838 561 1514 4988 6101 7870 1597 5369 8207 5813 4069 1556 558 340 5141 5387 2246 5915 5121 2325 4145 2761 9565 262 9123 2233 3550 6451 5383 314 9084 2570 2928 9232 5626 7900 3152 7212 3745 639 1552 6345 1889 7330 3570 8580 6297 425 3558 9851 4019 3963 6866 2321 9072 7384 5058 4752 1716 7459 4254 1001 856 8350 6590 6643 9570 9794 4811 3717 3764 3409 9988 3592 3942 7133 2351 7973 117 7775 5260 8011 9833 1705 2295 1558 9317 3661 
38 3000 7466 8533 7761 3680 8556 4419 4720 2160 3587 1887 640 3041 405 537 512 5116 9402 4773 648 1461 9350 9798 8584 6998 6367 5736 6107 4176 6010 9875 5408 6780 8485 7042 8358 1864 6991 8097 8910 9811 9182 6554 8631 2516 1760 3327 5347 9694 8185 9603 4927 3313 9520 7836 6181 155 8393 868 8888 2498 6086 9177 4952 6926 2754 6248 2674 1258 759 2064 4158 9614 1140 4737 5838 5591 3201 242 2127 3579 7224 300 2199 8186 311 8365 9889 1806 5349 3749 6720 295 3099 3869 8056 6784 7410 4615 2381 3611 
39 3000 3562 8850 3697 2378 9725 3027 7055 2140 1556 1936 7208 5706 9908 1580 383 4079 1675 164 9191 9011 3752 7221 647 3689 126 854 7328 1540 2094 3113 1648 3169 1600 3484 3258 1415 7699 516 9578 4535 6149 1564 9447 7512 2127 661 9900 1490 6063 4514 6069 1332 2614 6625 4215 1303 2743 9537 7875 8880 8944 5206 7145 6682 3575 3494 1074 2535 326 8795 3202 7650 8808 4779 204 2932 2267 7258 3669 3417 8426 5193 5006 829 3448 9804 3468 4261 9026 1822 7305 8988 2598 6862 8041 3398 689 8911 7878 4049 
40 3000 5371 1958 222 8857 3859 9735 3334 8401 1219 3590 7111 5358 6216 8480 2985 2062 269 7098 6953 6186 9551 2114 5725 4552 195 6547 6008 5064 6641 2264 6902 6767 3097 6595 5432 8030 8127 7088 5195 2855 2371 4371 8145 5311 9382 3155 9488 2092 9590 1351 5712 3200 7394 7317 5743 755 1374 5229 5215 5928 7635 8581 3879 3999 6267 1799 6127 7541 939 9991 4646 7729 1612 6821 7192 3774 377 498 6496 479 425 7903 3292 3927 8131 6834 2465 5284 8273 6375 2331 2739 2370 5393 7040 1556 145 9160 2103 2264 
41 3000 4121 4099 3042 6959 7329 654 7170 3745 4152 4286 8494 9285 4288 4597 5737 9489 9840 2571 3499 8325 5532 5950 6527 4744 2047 2728 7119 7750 2495 2772 5654 9572 2000 7566 4242 6981 413 8088 3501 722 8158 801 2462 3068 5192 1774 1593 3511 3095 8932 8954 2562 288 2423 9473 3693 369 3117 7348 3389 3581 9225 1575 9337 1401 1046 4602 6730 4251 3840 4104 2703 2346 8820 7883 8891 9650 2276 1904 2114 973 2820 1435 3181 2180 6759 5338 3831 3536 1587 3458 1785 6166 7611 7162 3933 1650 7694 2982 7642 
42 3000 4733 5127 9399 186 9167 9624 6741 6314 6678 1445 214 3921 9050 3641 6052 7869 3348 2425 792 1909 249 5669 3683 8749 5514 9523 2208 8234 4574 3164 737 3651 246 1665 2305 6170 3573 6991 3517 7396 7787 7123 2570 57 5403 3298 410 6809 8429 5389 5006 7173 1710 5391 8755 2591 9389 9052 9009 9611 4499 5610 1725 1194 1680 5671 8244 6152 3014 7201 5193 6700 6992 9651 7516 4144 607 6196 4617 2689 4563 4117 9649 1372 1619 3284 1907 4121 8053 2790 2360 7938 8251 5686 2304 9207 2423 1862 5134 8130 
43 3000 7442 9034 1253 1284 807 1871 6096 2305 7739 9240 1282 693 1388 9575 8891 8754 6178 4376 8870 6650 4272 9828 9556 5588 5157 6548 1330 9124 8365 7455 3396 2603 9307 3768 3678 711 8245 9125 1856 3162 2374 1833 5510 8508 1043 5231 9403 6067 4089 6197 7878 5989 3308 1759 392 7434 7042 3848 163 4882 7892 2166 5949 2568 3562 5183 6951 7040 820 9256 841 7840 2590 5879 4911 6318 8166 7052 353 2559 6551 8775 9662 448 2925 2674 7162 849 8232 5742 2658 2916 1895 8213 8214 3524 7658 9557 8055 4831 
44 3000 2546 2604 1596 9961 8962 5784 9590 6809 9896 3504 3412 9978 7267 4641 7456 838 3388 9165 4662 5706 5555 2883 5174 2161 3763 312 8110 3468 1544 5672 6471 1147 9936 2011 5165 5648 4566 8451 2156 5166 5872 5554 2751 2572 2437 8824 6991 469 7458 324 186 4379 8335 8427 6567 4053 9382 5679 6058 2899 7674 4804 4183 5546 2004 2820 5093 3524 4979 3284 7716 9077 8232 6668 5038 7089 763 8852 6500 5151 402 7743 3530 1740 8399 8027 8196 2527 7143 4033 4977 4814 997 735 5672 89 263 2872 7426 4713 
45 3000 8277 2189 3878 8724 1616 2815 9443 2777 3446 4755 6715 3196 9981 5513 6988 5162 74 9837 3917 4020 7934 7589 287 4712 8965 9743 7922 9338 8728 2508 708 2837 5035 9568 748 6796 3162 2460 7638 1384 4187 9063 869 5414 6459 227 5356 4518 185 4512 88 7466 5144 1064 9908 591 1529 608 414 352 3911 4571 5984 4019 8330 2328 934 8476 2508 6570 3791 7159 9187 6805 4694 5115 2601 975 5927 2182 8059 5206 5567 4301 4661 1675 4260 2948 1140 4609 5130 2693 4828 4403 6800 6883 3739 9871 9545 1450 
46 3000 1793 8612 4572 6849 7148 5509 6423 8110 3670 9351 8498 3026 5521 7574 1710 8461 4874 9140 6263 4783 2750 5525 6554 8420 2990 9845 9199 2551 9337 4102 4186 5905 5656 4552 9152 9702 9270 5206 6788 2710 7430 9444 5362 4424 6899 9770 2376 6382 6671 5674 1338 1592 3810 9635 1668 2095 2413 1239 1728 4646 5701 9425 4965 4525 1235 2859 9200 7467 9255 8424 9021 9724 4144 7849 1316 6248 9018 2447 3921 6998 3442 5994 7402 1374 4271 5719 9954 777 9609 1427 5430 9292 5906 2746 4491 2496 8170 4498 8887 4391 
47 3000 3304 194 8856 2465 6575 3655 3653 872 1204 8761 5204 1745 1075 7318 4878 4627 6583 5056 3395 4028 3592 5750 3851 5112 5529 3467 7870 7504 8598 2936 4881 7223 118 8043 4523 6741 9989 8456 2170 3168 5283 4366 7581 4560 7959 9362 6684 4349 5699 1425 6473 3908 5877 2051 3036 3228 2647 3494 2710 9734 7159 4140 6354 5210 898 2002 6757 864 2148 6342 9159 510 5583 7416 4910 1877 4982 4343 8241 6038 9069 1106 6170 4977 476 671 1530 7264 7834 7230 9118 1871 991 6577 4975 100 9345 4600 8788 5644 
48 3000 3315 3907 9418 2771 8928 8565 3549 2632 5533 6977 7468 7692 6644 2878 1969 4296 3903 4452 377 3343 4169 1580 9701 9102 9733 1213 4913 6143 1662 866 6351 4392 6256 240 240 2324 4645 967 2354 8260 5501 4482 4786 9810 876 8021 5852 1426 5172 8736 3122 88 7225 5948 9568 9112 5524 1516 2840 84 6548 8330 7676 2919 6232 6935 1420 4041 4560 277 2683 2697 3274 6575 3114 5388 6716 312 2302 8426 5797 1364 5812 8621 5081 2239 6324 2086 3002 3452 7924 1174 5204 7020 3496 9534 1009 8082 5254 5296 
49 3000 3000 4650 8395 2380 9741 5471 7872 9926 1615 6033 8302 9859 9791 2679 6989 2566 8311 4857 79 710 9305 5488 1836 1160 1333 9466 7045 5049 849 275 6537 5962 6790 4739 5845 6242 8290 5888 6980 1421 5525 3962 3332 2784 3669 5522 7700 8047 9993 705 3439 170 4073 8591 8746 4289 1136 697 4053 2774 8517 2604 2562 8412 5257 3698 3892 5720 4812 5043 859 371 895 5378 9377 6761 6443 5235 1489 3685 5701 9189 1512 8150 9445 6227 5323 7310 3312 8243 2755 8519 9276 6662 3126 7519 227 7183 3893 4749 
50 3000 7693 2653 2427 9775 2678 4061 918 3852 9627 9660 4401 604 3514 2213 1905 4837 58 4364 738 9471 9065 2133 3881 595 889 6539 522 656 6025 3347 9705 9765 7823 934 7105 5130 8325 6290 4938 8616 7235 9139 4981 2427 4006 4181 4726 2916 3052 1468 6660 2520 2094 4896 665 9813 3621 8829 9547 7697 9479 2844 7685 9704 8590 4602 2814 4435 7787 844 920 8115 5781 6512 4274 5277 253 1997 2581 7573 8065 8505 7259 705 8601 1561 8839 9483 235 2622 7495 1013 9915 8830 6692 6000 5884 876 9972 8187 
51 3000 3515 9003 844 1909 4279 7124 5825 7778 7833 5065 579 6493 7236 8944 9206 774 7287 9658 6636 5416 5994 9512 4160 5478 9158 6957 8083 2590 8092 9471 1499 9385 460 4546 9195 2058 4241 8814 5678 1051 4821 5291 6327 9862 5203 8750 1670 1975 9354 9217 4787 5922 8663 3588 1838 8466 1535 5382 5715 5909 6103 2605 2817 3526 6073 3752 2955 3123 9682 1924 2380 8721 1793 7077 9932 365 9106 6391 6321 6056 8502 2765 6525 1811 8505 1444 5324 9849 3871 4757 5945 4893 3307 4994 1844 8609 306 5401 1605 2165 
52 3000 7116 9298 6974 6911 1826 7329 4002 3188 8583 2832 7328 7265 933 5334 7584 6396 8283 2170 1913 2000 5494 8237 7631 976 5592 3855 9000 5132 5610 771 7129 8744 5556 6276 3006 4242 495 5451 3643 6016 5772 1542 1363 2351 5348 4451 6194 5485 3262 7360 1399 9793 8229 1476 2130 8095 1345 8905 7206 6093 6936 3642 4009 4921 6515 700 6520 1839 5877 3347 6465 9035 5313 8486 7595 561 2947 146 3088 7389 1205 1104 6077 600 6402 2630 3300 2686 1457 2361 1881 6989 1735 294 9227 5256 4008 2912 6061 3324 
53 3000 8548 5421 2573 4931 4343 2132 7693 3643 7433 4949 1500 2919 2376 9994 743 4294 6840 2351 7499 3683 9316 8939 945 5819 9958 9506 2265 6809 4547 5753 2675 4821 1585 8578 4575 8888 2502 3447 5828 5845 5006 3889 7161 5386 9538 3123 2691 3249 8869 3794 3582 2523 810 5856 4818 3081 4056 2557 5107 9142 7148 4567 9906 4953 562 2222 7580 8593 1929 5896 8670 3916 4368 4495 8303 600 7956 2081 1717 2338 4315 2615 2909 3140 4329 2829 6421 1773 8981 3225 2234 4315 3323 7193 3800 4842 3558 8257 9193 4232 
54 3000 7261 5447 5388 7104 6719 6797 5660 6872 5392 961 114 8933 7504 6966 9336 1971 760 2075 1172 7393 2184 7792 628 6888 7086 3975 2900 8111 1146 1088 9523 8489 5638 568 7653 7156 5761 3323 2464 5012 2110 6355 2679 2908 5262 7502 9221 7950 3492 8311 6993 7939 3616 5035 9774 3922 4950 7754 8253 884 6405 7618 1178 6550 6699 2223 9634 8320 7696 9104 4446 8331 874 7354 6705 6635 6915 7378 1422 2514 8415 8753 4302 3909 5728 6235 1651 4978 5931 3871 3402 1784 4910 7253 9263 6101 2581 3881 8001 7345 
55 3000 1223 1667 9840 2638 6949 5551 1989 4988 4290 2247 7294 9598 3916 3119 6020 8301 3471 5170 744 2116 1540 169 4393 1934 4737 1896 1388 7327 7924 1508 1925 3479 7545 1043 9378 6246 8096 5036 824 5340 1713 265 698 5638 885 3624 7566 6613 4297 8120 4035 9896 5792 6990 9771 4957 6463 5951 7659 2914 9866 3571 3075 8469 362 9762 6292 9964 4581 2402 8006 7564 6010 2085 7988 9569 2710 4986 6862 6844 8156 3864 1006 5379 5200 7174 581 6975 3163 6324 683 8048 8046 1037 5621 6565 5876 2851 6315 7103 
56 3000 9167 6740 830 4033 6507 861 8024 2826 5280 4422 4326 9491 7501 3681 3639 8126 8779 6065 367 6612 413 2418 5569 413 4603 7372 6232 4513 2788 7841 7679 3473 7117 9643 9090 9620 5031 2249 2161 9346 6984 1648 2878 7552 7281 1351 6417 198 8041 1503 5175 4992 6291 6138 9923 196 4175 8544 4080 1561 2300 4761 1116 7386 6195 5202 5082 1697 5907 4402 4259 5564 8709 8882 7938 6525 4948 3153 6322 6154 7001 3831 3550 5736 1372 1888 3854 82 3901 3018 833 9459 8111 6139 9860 9651 6665 9 3600 139 
57 3000 5961 7974 674 414 3846 839 7427 4409 454 7866 2837 3055 2172 5890 6535 4968 8731 6571 9967 5256 3420 1763 663 2454 6424 7007 9641 3579 1290 3156 1940 7318 4520 6120 263 5334 8282 4738 1764 1702 6249 6769 7944 462 2568 3022 7678 1312 3947 9594 3372 3405 4870 8244 238 7293 5939 4892 8694 4980 5335 6234 9896 8106 3411 4495 4385 4258 406 294 3870 1400 7285 3643 6125 436 9702 3069 3021 5889 5094 2859 1675 4713 2890 8429 8728 3226 7858 9824 7750 2166 6562 3336 9763 9878 6958 1252 6896 3622 
58 3000 1107 9724 9163 9004 1012 4766 4363 7537 7588 6373 1111 2324 2748 771 4983 1867 4619 784 7804 2000 5882 4332 41 5947 5236 1052 6336 2507 1989 7045 4154 2362 3773 7745 5564 2510 7383 8917 2141 8825 2741 5776 2991 6739 9987 235 5905 51 9696 6276 1636 7862 6212 3446 1301 9632 4120 8476 6910 8364 7830 5030 5016 1912 4294 1575 3493 2416 8848 7376 1441 3861 4172 6618 2208 7757 2386 654 9547 6952 258 8372 6893 7562 7549 4695 9761 9034 8478 7198 1280 2324 6306 860 840 6209 1058 929 5870 1722 
59 3000 358 3922 6745 4706 3397 6743 4805 6502 8021 3933 3517 2754 945 3039 2745 348 1095 8108 6154 2462 6073 1311 1741 1759 1744 2690 5483 1688 4953 8025 8115 5924 9365 4834 5035 5920 4429 6492 9329 6596 7468 4477 7923 144 8895 8743 862 7966 551 6214 3713 727 7169 7406 3088 6542 970 1173 5303 7285 9368 7579 8148 3021 5819 8892 5795 4563 3781 8706 6823 4162 3804 9189 5371 4307 3748 6451 5415 4666 2117 4043 8169 7139 4531 4575 2616 9047 3310 9465 9156 4436 192 6809 6388 3510 2172 7375 1006 197 
60 3000 467 8728 833 7824 2605 7474 969 2928 7641 9631 3072 7195 4495 9125 7755 7510 3420 4410 119 4147 590 3220 8402 7075 5814 5430 5755 391 3376 4062 5151 4882 6001 4399 7403 8704 1947 1237 2326 6194 5213 4248 3005 4801 8886 1487 3204 149 1602 1003 7893 9214 7137 591 6896 1638 7122 5660 1670 9161 6880 5233 5212 3178 4397 6062 5079 426 2406 4880 9547 6789 3604 8771 6882 9233 8992 3661 7749 5867 9340 946 733 4121 9777 2233 996 7061 7505 2216 2052 7817 2637 9666 672 2146 2168 6557 4906 9112 
61 3000 7058 5310 5240 9899 2451 4164 8874 4739 1013 674 7120 7975 9398 3329 5932 1243 7836 1301 9560 4779 2851 2314 7322 6858 3098 8642 3513 1346 8328 1227 428 3387 1480 1929 4514 3210 3894 3896 5651 8066 3651 57 9551 2283 7038 9746 3288 5450 3140 3449 3945 8729 1550 5671 399 9283 3213 5939 8218 2839 4390 7913 7690 4371 3747 6643 4975 6907 2570 3933 6383 8463 8106 1838 5775 7102 26 4287 5093 4118 15 6830 8008 5345 4489 4505 6703 589 434 7836 1769 1186 4369 6958 5237 5690 4436 3856 6730 3676 
62 3000 5620 2742 2739 7677 8081 8547 9024 3242 8624 3546 6144 7118 5287 2100 8108 3563 5058 3531 4154 8773 4712 3114 3648 3447 4777 1203 4115 3465 6624 472 2388 8702 2681 1289 8890 9957 9775 5213 5029 4013 5596 6612 3734 6825 8283 2412 3101 4819 9146 9966 3171 4335 8499 3051 5838 9183 4629 5989 7867 6321 5885 5894 7056 9671 5892 3042 1505 2050 1891 9366 2024 5228 6206 5079 7660 8110 829 3422 4344 3048 5140 3528 6676 273 6745 1427 2821 453 5438 9160 2540 5379 297 2029 8340 6769 9892 3967 9754 3206 
63 3000 5630 1034 742 5195 8218 3038 216 8347 7251 3282 5696 4685 3930 6433 88 2083 6901 4520 1580 1820 1218 1055 6677 4263 435 3279 6349 2680 1819 2531 5308 5171 4692 2748 4413 4726 1894 7081 6196 7408 4374 2648 3514 8667 8904 3398 1326 7765 8919 1111 1597 342 8483 4518 1325 9096 9376 6549 3690 2591 1312 9701 2336 2194 5279 9535 8772 7130 0 6300 2897 7668 1526 4674 6655 6429 5951 1640 811 7817 5250 2478 4855 5582 6246 4891 27 8501 2695 1244 5470 4187 511 8944 7508 1023 6092 8927 2049 8220 
64 3000 7799 2286 112 3999 533 5014 6476 1906 3460 875 1463 5235 846 2401 5836 9598 6020 14 8829 3601 8470 9268 9296 7654 4052 6226 9994 906 8333 951 4979 6304 3053 9131 136 3774 5720 1822 6835 1533 2319 3321 8701 5520 3156 7159 1522 6953 1821 229 6275 8019 7276 5024 5277 5677 9076 14 1464 3591 5701 8138 792 2194 6028 3428 7766 6867 3914 5753 4089 4248 5917 3693 445 6667 2133 5532 1396 4706 160 8379 3411 7879 2190 5418 6019 3441 5220 1275 6088 3326 4399 5516 5222 9200 9486 4267 294 5649 
65 3000 4441 9961 7096 1484 143 9210 7116 9177 228 8798 7440 2418 53 9806 3781 1802 8786 9854 6631 8633 4624 3477 535 6859 3128 615 6501 3133 8691 3241 7517 4995 9127 101 7214 7178 3385 9587 1633 6046 2391 737 4137 2150 3012 2350 3431 913 5143 236 4718 1438 1926 2584 3977 3439 3089 3464 5361 2304 1407 4441 1730 2277 2298 4325 8299 7764 6532 7042 9416 2772 6075 7629 8469 8462 3051 6354 905 8835 1835 967 390 4541 4265 7066 8082 4812 7983 6593 5035 7522 7898 4460 7727 7368 781 3290 6709 2180 
66 3000 2972 6291 8386 7355 1229 8252 9918 8414 6685 4660 7248 1689 1940 8954 6253 3127 1280 7887 7021 5228 4011 5030 1256 2099 927 2389 2803 2642 3901 149 1301 1859 8595 4552 8961 291 306 3886 467 1568 2925 2610 6005 8100 1033 3599 7414 4884 5108 8516 7463 1434 9874 6306 2254 1844 5759 9819 6753 2971 3485 556 3433 739 1789 1540 4062 4579 8256 8310 4599 9983 3288 8044 3222 9191 7190 6807 1481 9995 390 4918 8578 2678 6774 448 8764 5069 155 843 1872 5728 3859 2667 6963 5253 3443 9473 9110 5716 
67 3000 2531 7803 9295 8221 1785 1306 7442 8583 988 2983 8562 1147 4263 5561 2037 709 8412 9987 4018 2585 4381 2053 2955 787 1850 7134 8247 4339 6945 3067 2023 1702 3082 1145 4039 3341 4931 5236 9711 2402 5502 9030 1264 3525 6366 1411 2009 9774 989 9953 3747 7700 1200 2539 7296 521 6782 7112 6143 9431 8184 9540 3221 3034 2360 9616 812 4905 1739 5177 3574 9269 6309 4353 4694 4814 8838 5935 5164 6622 3205 7873 6185 6227 5876 3895 4692 9802 483 8256 2009 4464 5548 8608 5626 2710 5316 6994 4097 4972 
68 3000 3723 8971 5076 308 1486 857 6460 5201 6317 5101 673 500 6263 3778 2063 6476 6172 212 7436 6004 7279 8721 9702 5875 9927 2488 4655 6227 9401 9558 877 8104 4897 6958 2762 9141 1608 2945 6669 7370 5943 7374 204 3157 3864 197 4615 9257 2352 8081 324 9000 3996 9159 5579 2599 4709 5896 8231 1585 4567 6088 634 1362 1774 1982 7676 1892 9751 7522 7929 6508 7353 3722 7928 8840 2208 2158 9572 7880 7179 6595 651 1162 9960 2726 8498 6072 5783 6050 6772 9281 3264 7864 5350 4304 3368 9384 3363 7184 
69 3000 1492 3993 5347 299 2687 7611 516 4298 9997 7192 5167 8157 5918 7345 8210 7364 6997 5076 9817 229 1537 2666 3198 2313 445 8664 9507 8993 1192 7005 5869 6140 4906 4261 6530 8930 6583 5009 7136 8779 8431 5328 2133 8398 6332 4422 5299 4979 9433 4363 3392 1505 2860 7962 2929 6180 3559 4768 89 9988 9261 5187 3739 2383 571 2730 1586 5086 6180 4381 9458 4030 1213 9095 3701 9413 8685 4420 6710 3880 4095 1241 5581 8837 3141 6653 3885 8878 2559 4955 6577 4351 4088 6773 8016 2035 1561 6306 3123 3952 
70 3000 1117 6695 1654 4301 4543 3522 5605 4513 5740 6429 9740 6440 308 8865 5241 3659 8268 5957 6487 907 9895 504 954 1641 4687 7104 2247 3721 3454 4392 6247 3214 3532 5418 391 6338 7123 6139 6076 9509 2760 2042 4183 7532 9899 2890 3731 9908 6630 5590 3654 5265 518 5196 7703 3920 2571 4021 2476 8562 4325 8893 8566 3058 8064 6516 4842 9390 153 6975 5848 2711 7511 5350 2334 4529 7195 1468 4907 4018 9116 7770 805 7448 1880 5308 3806 5748 1754 7868 7248 183 4751 4213 188 6169 1851 8456 6674 5205 
71 3000 7335 8558 8152 4929 255 2945 8988 7304 9020 5255 5126 4926 9114 7212 5861 5457 3933 9621 8744 4184 8750 1484 7608 4705 7808 7256 3720 7733 4532 2206 59 8031 4870 5920 8721 9475 3756 3919 1440 8230 4702 7405 3247 4066 2514 1135 9243 9787 9126 9413 4502 8791 2572 213 7101 753 9072 7426 4269 5434 8247 1231 1667 4616 1459 6588 5788 2158 3278 9863 9485 2180 6067 3572 627 5376 7703 9254 3869 3439 2411 8464 5560 1629 4734 1896 1771 9449 6619 6629 9443 9460 7633 1498 666 4208 8304 592 84 1289 
72 3000 6584 4870 5418 6528 7440 1911 1122 5289 5570 3787 5159 1909 1240 3053 8902 7257 9250 6874 165 4416 1025 9267 9349 2495 9829 1475 8728 8556 9105 461 4842 7680 3938 5530 4033 1146 5649 3076 1091 2741 9505 9450 1034 3195 5563 1960 4010 2737 2633 7990 3326 1778 5367 2246 6595 9724 4474 2128 21 1906 63 1225 5795 4639 8104 937 2626 8407 18 221 9391 9169 5395 3460 1913 7797 7832 6464 2867 7629 3897 586 4799 157 5220 4970 6288 8834 3707 6924 1217 1008 9881 413 1175 7979 4345 2682 991 3184 
73 3000 2374 9000 7379 8508 1630 5534 717 8711 2999 344 9954 3993 4556 2502 630 676 8661 9343 6036 10 2166 1830 1484 5109 9758 8055 1715 6009 425 4856 1424 2851 7044 7567 8913 7192 9098 7888 2865 1436 8513 9879 2254 6391 8624 4082 9364 6959 6267 9770 5945 5937 6990 5313 2493 5957 3397 6679 647 9540 6608 4051 8720 7281 854 6578 350 4159 1188 5240 6278 3969 4326 3849 9250 1883 2613 8166 2044 5128 1112 3153 8624 1802 7818 8338 8414 7801 6998 1314 3703 1882 5657 9360 172 8845 3129 9186 547 842 
74 3000 3788 4806 1374 6810 2890 3533 2924 29 5539 97 2218 3807 8774 8899 9180 5289 6788 4374 5916 7388 9262 9491 9115 8846 2837 2374 5577 2419 5696 1046 863 1179 5287 6304 1075 2956 9155 2710 7759 2890 8913 7717 5928 4118 7328 8911 5219 6584 8538 9387 4170 3966 1391 1239 7617 8744 5910 7184 7229 5374 2882 312 5154 1604 6574 1949 800 7904 574 7659 736 5026 6751 1366 1720 9685 7351 7594 6851 8372 209 1844 4845 9284 7086 9086 2441 2384 5141 383 9923 7583 1512 7637 9777 1053 1038 6458 8468 9654 
75 3000 7096 7161 1339 3498 5565 3888 639 6631 1919 1852 6681 5840 1438 2711 2112 7590 2548 8062 9318 3078 3292 1063 954 1421 912 6178 3591 961 4566 7049 4501 8702 1173 2494 1549 7866 4370 623 6231 3578 6608 1088 9818 6673 4363 5455 2640 5631 6479 5696 6482 6636 5629 814 117 1759 2908 1587 7953 5264 5549 3439 1817 8048 7757 7437 5850 192 4679 9414 4539 1650 9494 7208 3869 1056 3625 6043 5599 2656 78 2018 4665 1369 9914 3729 9706 5971 1828 2019 6720 398 4874 7843 5837 3189 4298 8270 1223 5035 
76 3000 506 602 4109 4470 1154 4616 8941 1675 6360 2943 2659 413 7049 9557 7099 8088 6411 6401 4518 3929 4496 8128 6249 5299 5930 4979 4480 2123 747 3773 7151 9457 8364 7029 5985 8161 4663 216 7642 3715 2209 7120 7991 3149 3591 3342 9517 102 7883 7919 1846 8008 240 3070 5399 1400 4606 2064 8167 5349 9557 5223 5616 3017 7267 4037 3714 1346 5598 3412 5079 4862 3309 2042 8263 7613 8405 903 151 3223 9596 9877 1485 3080 885 2497 5525 2639 9290 8814 9817 5863 5677 6401 1102 7776 8729 9468 3339 5147 
77 3000 2034 6109 8860 5302 4300 3675 2647 3053 2694 2269 9733 5761 9311 6367 5732 6517 758 4564 487 5451 872 7447 4851 9166 6560 3587 589 8295 6764 3663 3405 3189 4549 2710 9091 7719 2319 486 2811 1217 159 9968 1497 8526 7293 3979 9379 8194 6684 9926 6640 8771 2739 2678 1188 3253 2156 5558 3562 1634 7885 9465 4958 1593 6218 121 8381 7301 7007 3442 2926 6352 6999 9031 1173 4830 6306 1806 9723 482 7990 1737 2843 4035 781 1725 9248 8624 4916 3595 2001 7355 1105 2215 1542 8984 2617 7746 1837 1731 
78 3000 500 6009 9661 5208 1917 6987 6996 482 1612 1439 6559 8256 6502 5651 454 5178 3386 4305 1952 8277 9792 1477 390 7516 7939 9755 9202 6484 1823 7488 7066 1196 7439 4156 2188 7032 6114 3865 9697 3793 977 6971 2180 8888 6546 9822 3328 8636 1443 2634 4718 7709 4235 5483 5711 6680 2400 2426 6483 7716 4412 3752 4176 8381 4961 6347 2174 3572 3291 2194 2509 5574 4663 4993 1383 2251 4948 4906 7825 3345 8340 1430 5468 4918 8196 4392 7447 1906 1002 3071 4431 8804 3460 3443 5774 8472 2706 3551 3791 9076 
79 3000 9649 7004 1163 9136 5434 4596 1461 718 1035 4055 2801 740 9967 7908 4620 403 4127 9485 7579 2755 2758 7032 6589 8369 4543 5964 6967 9155 2812 9233 3709 292 3889 5823 3893 288 8554 7374 2211 9163 6633 2924 9614 4756 4711 1786 5095 7162 6977 4539 590 1288 9183 2149 9004 7536 5737 3221 5364 614 9917 9361 1097 6468 7213 8682 1432 7341 1787 7417 5926 4958 6067 9669 2121 1830 3462 5281 2313 693 4199 5834 3463 2065 4289 8766 219 9927 7618 9616 1070 5536 1161 2402 7625 9353 3321 8109 7010 1107 
80 3000 5395 1317 7403 7976 6165 4942 6679 896 9609 3109 4194 8994 5744 2151 5680 2147 4591 9723 1280 1666 3263 2055 6695 9105 6182 9322 7463 3194 8415 9134 6361 4895 2144 8166 3935 591 6252 1898 2147 3390 9039 2488 1157 2562 4063 4767 9224 1093 9102 362 5732 1375 8248 9943 7345 9008 7118 3588 7281 4739 1196 9286 7718 4516 7296 9557 5317 7675 8154 6192 9881 3248 141 3133 6122 4396 4106 7462 8576 966 9336 8526 9619 178 649 5182 627 5430 8609 1167 6249 3236 2865 8595 1812 8280 8615 9580 3846 6602 
81 3000 6197 5978 3738 6906 3805 7262 4510 9994 3326 6516 720 6325 9306 4556 1487 1697 1042 2178 6649 1057 7793 525 6037 435 7124 9589 1876 6999 6365 4827 4315 7244 7209 1910 77 3298 3419 9592 4241 7354 1673 708 5137 4231 5527 1294 2380 2056 2504 7834 8019 1074 4309 2630 815 581 172 7298 3642 3982 3310 4391 4019 1975 514 7142 7755 3861 4871 7339 5734 6974 1599 1317 3811 4244 7012 4082 5844 9877 609 1556 9844 3167 295 948 7253 424 713 9252 5344 5041 4712 9863 2753 5668 7940 7329 8129 2530 
82 3000 6551 220 1909 1852 8055 2122 1223 8426 5274 761 7923 6285 3436 5247 9731 7521 391 1447 4520 9212 9946 5479 7713 8485 8337 5334 2813 5696 3811 625 5056 5740 9347 452 8186 7487 8491 9403 4357 1335 4327 1673 7163 4901 1559 3312 7788 6821 1734 2592 4287 8692 1574 8508 3981 5125 4447 7398 8993 1931 4955 7685 4894 2427 6647 2752 2485 1875 2860 1939 2693 34 685 9661 4607 1848 8055 2654 6622 6254 3963 5351 723 3113 1796 3370 9882 8273 5807 5145 8588 6747 698 1662 6501 4027 4340 4337 5226 5516 
83 3000 3612 1009 8216 4083 3361 65 3801 5751 8501 2679 1341 3505 9217 3190 499 9223 9315 7594 3647 3737 7679 167 1393 5017 2865 8210 1234 4475 815 4922 9329 1407 5698 393 5407 5541 3870 728 791 7731 972 5291 9552 8759 2136 2076 2784 6270 5331 1208 6009 9830 7828 6556 9703 4114 5783 5486 2949 207 6961 6726 213 5046 6570 6370 1248 8971 6225 1991 4120 1413 6044 4893 1362 4702 9856 477 9248 6001 3547 6742 201 7361 6517 904 8313 3910 6279 4141 8006 158 6167 4465 5800 4431 6178 7719 5223 1431 
84 3000 6939 6697 4835 2918 6794 8390 9379 6520 2018 9358 4062 2665 161 9226 1954 9641 6510 2303 4518 6780 3677 7331 5260 5764 4320 5356 6508 61 6975 5720 9313 2484 5027 187 6479 871 8798 5187 8710 1898 760 2188 3894 3010 3877 6188 9502 2481 3070 2344 8112 7596 9805 711 6070 960 9809 9115 5258 4934 3910 4151 8002 4188 2001 303 5097 6393 132 7188 6963 1021 720 4931 7916 6284 5895 7659 3576 4191 3962 5120 1392 3731 8989 2434 4293 2182 3524 7960 7469 4546 4436 9293 8270 1106 1876 7386 9236 3109 
85 3000 1372 8796 4245 6576 9037 6056 7797 4235 9917 6166 7410 5582 9449 7221 9150 5058 8054 3154 6286 8366 8853 6606 1061 6898 8503 9923 9602 297 1166 4279 9938 7141 5594 6918 3164 3747 5350 6529 7706 1112 2143 6740 6735 9963 2294 7741 8683 3950 6328 6027 907 946 1685 2272 6455 2486 8563 7323 3978 1322 8883 6323 751 7112 8375 955 8826 221 1797 9816 4315 3661 1275 6910 9783 3147 7762 8270 9786 5281 5635 6706 9513 3859 408 4673 6571 4308 9567 5270 5883 6242 6542 1360 7717 4145 7791 2814 8840 6182 
86 3000 3018 1885 6792 1131 8513 6705 7289 3443 3615 2900 4753 6423 303 3345 5962 3540 5911 6027 6827 7864 8966 45 2297 9617 8156 9732 9383 1864 4417 6898 3313 4317 6150 1203 6807 5271 7560 8654 2483 1662 118 8224 8379 7249 7158 6599 6610 8925 1582 1050 5144 1150 6711 426 2704 8507 239 4280 6793 6391 1331 111 4852 9810 833 8736 8532 328 4616 7787 1098 1114 35 3333 7959 132 5525 9623 316 1449 3311 6959 1943 4664 5253 7694 9086 2474 1805 347 3492 6349 4108 1858 8565 348 9205 7951 8634 3050 
87 3000 8382 1633 1367 7610 8628 9819 3289 9946 7230 8070 8437 5047 9486 3471 142 1406 9544 5626 5925 3577 4366 5775 5526 2862 824 4043 2058 6116 5905 4814 6285 2685 60 222 4022 9460 3662 1773 6662 4064 6601 95 4831 6156 996 2803 5163 6872 7034 503 204 6377 1938 904 1438 9552 2056 1071 5440 9800 8072 7794 3155 982 3350 6082 2296 7476 5400 5788 2874 2358 463 6351 5854 3711 1228 9672 4924 9062 7675 1103 1405 7936 1034 8577 2274 2543 879 9845 1319 6584 5343 7855 3413 2189 4455 4243 1920 4967 
88 3000 6606 955 9221 7201 8142 9994 364 9147 6073 1293 9846 8472 3918 8707 1511 7813 667 4136 1579 457 2871 9771 4800 4156 9858 8466 3729 3052 2074 2234 1128 7745 2544 8866 5496 3467 1465 6678 9719 6400 3919 7385 2848 8101 714 7093 5003 8068 2350 5422 5398 4418 6106 2751 3492 2699 6256 5593 3273 2822 7410 85 651 4119 977 3612 3994 8529 4757 4557 7775 1905 5654 164 9351 3448 5515 2541 8866 3263 99 2777 2275 8049 1162 3192 7503 4900 1675 7703 3715 3245 4163 324 3723 4900 2170 1787 9512 2260 
89 3000 4846 4285 891 4598 4667 4346 7275 2509 8271 3829 2580 458 426 9044 3256 7473 1114 7996 9439 5945 5754 5762 9225 8569 8535 7982 6075 3399 8884 2481 9342 7032 1056 9016 7924 5915 6846 7149 7039 5784 1434 2238 8128 9214 2344 9563 1885 1312 1539 6568 4408 3518 632 3238 6472 5543 9227 587 5940 5427 6385 7286 3282 7719 5214 4406 231 9791 581 8289 1563 6269 9955 1547 9993 1591 7369 2177 4208 690 513 813 17 7806 946 6097 4628 3415 7439 8168 4051 9293 2437 294 3624 1694 1647 8607 1670 2662 
90 3000 6760 9984 6267 9464 1284 8034 5157 2149 9512 7227 8770 9230 8611 5135 6375 1493 3837 2805 5361 3933 6874 3256 3639 5808 7301 8097 5165 8830 7180 2275 8598 3463 8772 6949 9072 3367 5374 479 3103 7950 5289 7555 6614 3055 8911 6438 6087 9766 8942 4331 2842 1344 3732 879 438 8284 3743 9786 5200 1499 1141 8564 9872 3629 2505 6401 397 8474 4676 162 5813 8553 3713 8504 1287 788 6988 4126 4263 310 8400 4140 3741 2397 6714 8566 2679 2530 7027 6954 3522 4576 5353 3128 6850 7097 6348 8059 3161 7785 
91 3000 4139 862 7769 6020 6296 7914 8833 3552 918 104 8508 3311 6850 8200 7227 6341 7023 6348 1096 6858 4914 3692 2427 5433 4145 4121 3390 302 1190 4137 2786 6798 1217 8857 5954 4910 7054 6128 7797 4969 1278 8776 8931 1453 1431 4977 4970 4922 8357 6752 8920 2076 7670 6592 6711 3943 4343 2197 5849 2179 419 9354 7191 3510 5859 2928 9850 2285 2500 5987 9223 1164 1144 7046 8139 9923 1781 5437 1141 2389 6920 4809 1884 1497 8059 4746 3667 2479 5271 512 3083 4164 9925 925 6795 8419 518 4354 1440 7705 
92 3000 1646 2833 6658 760 6092 4318 1240 6407 39 3049 2409 5490 1412 8048 8220 931 1343 9745 3092 5914 8757 4719 6451 192 8095 8569 4519 4524 144 6913 5206 3230 6008 4509 6146 4878 4198 2498 5840 1089 844 3778 7944 3473 3034 6498 8662 8688 5286 5682 7279 1621 9127 2972 9811 6699 5818 4500 5783 7322 2188 6886 8131 3422 9599 1355 6231 7143 6039 5989 2048 6656 1333 6091 9416 8087 5488 2688 6440 5579 152 9148 1023 9474 3207 5926 9518 2621 6484 3437 8506 4813 6601 3051 9696 5339 8932 6214 7959 3677 
93 3000 4689 1695 2470 8292 1147 956 995 3578 4975 1648 7288 4914 8705 9235 1621 1845 323 6735 4432 9393 5980 2596 3108 7493 5836 6688 1885 8544 3021 4427 4874 3103 5727 9021 2214 3684 2423 1838 9351 6696 195 907 9439 2504 6208 7535 8865 3607 2301 1054 5909 951 2696 1694 2510 8360 4842 1576 9180 5097 3379 3836 3022 6545 7227 9871 8888 3016 9801 4705 3654 6688 2350 494 3623 6659 426 8139 5053 2134 3468 7036 7806 3730 7520 2947 2132 2914 1072 3994 8563 9558 4021 4784 947 7625 9766 8649 2599 8975 
94 3000 418 8024 5574 5303 5142 2939 3075 8191 1621 7640 4977 7298 649 5337 6482 6666 3841 1073 9892 9151 4476 2723 9516 8988 1461 111 9695 2466 6421 2260 5954 6746 3914 2761 9280 6787 4770 3271 3526 409 2558 5129 5934 1473 3171 9109 793 1194 7547 3288 6212 7570 7505 9040 4023 2946 4711 5159 2810 9692 2767 108 4061 4015 2427 2384 1443 7891 9938 9018 3208 9124 8499 2198 7718 9531 2860 4009 2098 1249 7027 9309 4011 1170 5110 6725 6565 3495 5285 7771 6337 426 6880 4097 4527 967 597 2858 1233 7860 
95 3000 1845 211 2855 2646 7210 2938 2625 8846 4041 8189 4252 3269 3170 1353 8708 5447 4744 2058 4125 5194 7197 8288 8821 8290 9337 8632 7459 287 5561 2651 319 8444 4193 9379 5699 1787 8953 3943 5448 9290 3543 2304 3615 6187 9364 4137 8225 8400 6357 3818 6185 5104 6961 9553 1308 9408 3214 616 5466 7162 6958 2729 2871 3891 3183 1551 7471 9857 6491 4302 3483 3238 689 9509 9043 1439 1499 4877 2981 527 2399 3284 4728 2786 3591 6905 7341 2403 4087 9455 3654 9276 6927 6560 5560 948 7516 4256 6405 2666 
96 3000 5090 5609 6526 5561 7308 5458 1893 2962 7962 3290 5895 4827 7823 4236 4236 300 8600 8189 2966 8398 32 7052 9631 6816 107 110 7554 8864 8393 7524 3233 8524 2512 1954 6870 3632 7724 8304 6024 7190 9643 1593 2388 6796 79 2952 1692 2206 6001 3745 6728 1015 1626 7812 3505 2467 3636 1846 525 9387 9516 3884 1187 8243 9021 9931 9311 7326 8764 8703 7792 3059 9930 4504 379 4434 9119 8213 6577 5565 2309 6415 9671 6378 1944 8639 7882 1413 7153 2734 8643 6764 7086 8365 6000 5133 7381 8630 1143 9014 
97 3000 9754 9809 6055 2005 4712 9237 289 8238 7394 1297 875 9938 6537 1540 5341 3110 6563 8937 7870 1342 2797 6242 8576 7745 9804 8496 5904 5004 2856 9643 2162 3571 2521 7276 2170 7963 2377 5511 5038 1206 9855 5983 9068 7386 199 6964 9783 2334 3559 611 1077 2439 5206 8337 9495 1576 8870 4308 1631 6168 3208 7062 4663 8368 1390 9258 9995 7369 3815 5543 45 8837 3953 8552 8138 2468 7308 3027 1541 7673 3508 8064 7610 7388 1519 7484 3069 6 7987 8328 6415 9434 8703 7479 3440 3279 3188 6409 5888 9159 
98 3000 2413 4048 3230 9128 9639 7782 7568 2245 4378 2572 1661 5250 9486 8202 76 1376 1375 4652 3470 7283 3356 5587 5987 8113 2102 9987 5788 678 7240 1885 8705 4767 4061 8244 5013 2578 9365 4952 9340 6278 424 939 3687 3688 7069 429 3583 2088 6912 3306 7366 154 3677 3614 8579 8015 8671 6175 1503 5436 5374 1338 9804 8129 7147 7848 8315 2184 8082 3842 7937 6628 6957 5972 3664 4110 4334 6648 5739 9710 2769 9413 3928 7869 152 2437 4925 7452 6173 137 2879 4928 1914 2924 3042 5682 2560 5076 8555 3444 
99 3000 3240 731 340 7854 7993 8011 137 140 1857 1264 6650 6927 6085 1441 4825 2175 6481 4587 8257 7234 4871 8464 4711 9026 3688 7297 4778 6360 3688 4645 3652 4358 4791 4399 6033 7019 45 9899 4152 7899 2714 1182 8924 8925 6498 356 4228 7320 8867 5093 4307 670 7530 248 4294 103 22 7611 3868 1599 6421 3773 4028 5422 5187 6125 6998 3681 2126 6977 9252 6012 2481 5805 7669 3389 6147 9625 8806 52 6010 1483 1307 3573 9412 7081 1423 3033 2741 9520 1669 5334 9146 2175 2601 9634 9378 9687 7717 9902 
100 3000 5750 7087 1483 5602 9234 7039 491 505 9671 5215 7730 9620 9111 3788 9990 4252 8282 3054 8393 5188 6172 1179 2040 4002 2753 2069 4792 2493 4815 1366 5172 241 4931 571 9391 290 3550 9287 7499 2958 4208 5592 2668 7771 1873 4536 3589 3518 4403 4759 9998 6441 7141 3241 1337 6537 631 8171 8521 1998 1450 9941 8847 1761 6183 271 4019 6201 8504 9453 1300 5935 9397 1723 7792 8753 494 8756 7835 4681 538 1289 3535 9166 4975 8862 8418 4376 8667 7698 4207 8644 1734 6690 723 4021 8518 1528 8912 1958 
