FILE: 723UnifS.txt
100 100 0 
1 3000 1702 8602 2962 9808 2244 1410 4852 5080 974 5404 1267 8086 606 2491 479 254 2991 4176 1953 4119 9014 9121 5314 7452 1623 8827 2436 5500 1985 1445 2656 1361 8756 3706 1117 4480 492 984 229 7266 1170 5476 4262 9844 8841 2512 7056 2921 7410 4989 2869 8785 1537 5929 334 426 4666 9162 9552 8779 172 8137 2307 8101 5644 2852 5407 9460 287 4916 7145 2363 5445 730 6894 4496 8257 2797 7816 9599 8434 9156 2708 3462 8161 938 2962 8043 5122 8054 656 3717 8657 2999 3772 9647 9036 2789 4532 2279 
2 3000 9860 9017 863 1961 3594 6040 990 7696 214 7282 1147 6 8985 9674 6420 1929 3367 6209 4710 8145 9038 6625 3825 2218 5049 6216 1690 1967 8100 2764 9694 2964 9944 1598 9146 153 7912 8778 875 7599 8567 2402 7937 6357 4481 2042 1457 466 4137 6302 9594 1075 4957 8498 9635 8687 9454 473 3200 3528 4508 4525 4593 4046 3772 3468 2259 3531 3194 8817 3377 4860 9676 7093 1576 3369 2843 4258 7769 7851 9955 8278 4127 9673 3926 9797 1161 27 4480 956 7940 5296 2430 2321 5431 555 7076 7940 2965 1186 
3 3000 6735 8531 7822 2631 2396 2790 7951 8260 4491 6821 7809 5364 2803 1697 7322 9282 9488 9145 3980 5644 5235 5351 8049 739 8534 2899 910 18 8087 822 6527 4709 8330 2793 6035 6568 8086 3429 5452 746 2345 2727 6526 6785 7162 8620 693 7744 7689 7664 6168 7440 9325 3843 8165 5822 1992 5507 2230 2466 7540 426 710 8194 274 8975 2342 4825 604 5446 4968 3043 1824 7475 1373 8392 16 3607 8253 5400 7074 8978 8301 9821 6858 9118 5427 9014 4472 1895 3092 427 8666 7562 5777 8231 7361 6951 3571 8057 
4 3000 6305 7775 9887 9870 849 9063 2301 8965 847 3720 6517 5091 8687 9209 3456 9692 442 6361 9474 1279 146 6308 9697 8932 7197 5541 4491 3913 6887 9094 9046 9417 4048 1853 6097 8442 9839 7990 1760 9784 1637 8518 4497 2161 6074 6982 7209 6455 5184 3258 2445 6087 5682 5497 748 5509 1367 174 2116 6831 8646 277 595 4560 5191 1616 1988 8476 1714 7252 4702 4627 6869 62 3709 4450 5279 3418 7635 2016 8692 9995 8978 9402 252 8708 7444 188 1906 9770 6417 1077 4933 7873 2543 1640 3590 3497 8448 2189 
5 3000 1894 2349 8578 9774 3525 2913 8165 2300 4848 2141 5311 778 1072 9256 6212 9692 5523 7690 3488 5498 2049 5141 7656 3242 544 1754 1716 1311 5603 6434 8865 4298 8300 1278 3340 4004 1087 4131 4378 8554 5825 9274 3314 9647 4933 6228 3785 7925 5668 6691 5080 6468 7527 9596 8598 2420 2773 4294 7441 6728 88 1862 9129 2020 1351 4538 1437 8597 1539 3277 1364 8553 1755 3440 7218 8026 5381 8595 3837 7565 7355 2459 921 628 6573 8947 4506 200 1415 367 1544 3545 8402 3716 7628 5071 3967 5126 7822 7331 
6 3000 9362 2411 634 138 8683 5762 5101 7820 24 6545 1005 4581 9755 4241 2213 8006 9918 1505 3143 676 8766 7344 8351 9917 4402 8432 5251 5669 1568 8540 9946 6486 1538 6094 6204 3653 5154 9863 7539 3433 8970 2761 2429 7440 4536 3787 2657 1133 797 8079 4774 439 9619 5099 4689 6497 4446 4945 5386 8530 2073 2779 7760 4842 7551 1387 4587 1937 2213 1866 7607 1769 4826 2430 7747 7107 5871 5343 8454 5037 4940 1980 2161 8581 1270 6006 9883 6440 7391 4691 3922 870 5903 8340 3715 3677 9383 7849 4796 334 
7 3000 3405 394 883 2232 2700 3237 9098 7050 427 5659 8304 7248 581 9018 570 6693 3514 4937 5759 5400 4595 1606 9248 2407 5979 8222 2762 6771 1516 7542 8344 6685 4775 6571 5442 6728 198 5368 1121 3235 7376 3981 3411 7795 8451 7505 7762 8867 8646 9265 6644 1532 9914 2125 2252 5358 7718 7922 2353 403 932 5025 9247 1331 4868 4019 1860 9659 7429 1508 954 4130 8387 2059 7473 9208 1784 8251 4003 1696 1461 8863 9364 5489 9707 5183 6323 4439 9042 5439 2438 3353 7114 7361 4017 7115 4728 8861 3213 7931 
8 3000 6999 6843 8236 702 7629 4140 6694 6515 6311 4566 2056 4271 9253 6105 3245 427 2831 2216 7350 6867 371 1271 5469 6900 2045 4108 1668 9379 7900 9720 5078 948 4016 9059 5105 6416 1774 6972 9773 7246 266 2261 7184 8184 1817 5863 113 1999 644 7160 3722 2359 4624 8415 6396 4822 206 7328 3714 5963 431 7720 5531 614 6088 8340 6201 7239 9990 9804 7912 1430 4379 9646 7151 7526 1449 5510 4295 8360 7002 6450 6327 3131 7222 2371 2672 3401 8580 1582 4168 7211 863 6483 5148 1333 3321 7373 8662 1640 
9 3000 3949 4382 4812 1597 1885 7533 2220 8889 2944 4920 2616 164 8263 9022 8553 3901 6083 1135 4247 1413 6651 3929 9544 5963 243 2133 7005 10 8324 1343 2126 583 7819 4957 6675 2776 8515 9231 5156 1366 3596 6465 4403 565 3285 6311 6290 1885 1629 5206 3573 140 6399 3930 8856 7562 2116 3292 6679 6049 6204 7935 8733 7537 8270 8274 2201 2495 2502 551 1222 6547 3200 5019 1482 5217 3424 2253 7926 6800 6779 7582 5600 3360 2308 3646 3617 9849 2525 1084 2245 1354 4568 7336 3120 8468 4473 3583 2592 786 
10 3000 4578 9803 8182 8526 4051 7954 8179 2276 2540 3284 4350 863 6953 3761 7780 7353 1359 7638 7842 3167 17 9131 4279 330 3524 2230 2428 1842 8098 2632 1549 176 7976 7799 6300 3893 944 5145 1321 2395 6988 8338 8950 8791 70 1741 64 898 3036 2966 8043 356 5635 3557 5859 9880 5679 7803 6293 8627 3314 9668 5273 5695 8428 7849 8338 1740 1174 8962 232 8728 5626 8852 7615 7800 6552 2020 4903 5274 9321 9190 3234 6759 2926 2985 2560 9410 6140 1741 6855 2290 6791 1439 2465 4872 4166 5762 9561 3660 
11 3000 4536 4281 6741 6930 9812 8761 8734 7608 9317 7597 7248 4260 4695 8371 4930 218 7933 8538 2457 823 2515 4230 8753 8796 7699 7195 4326 7737 5923 9851 7733 3743 3325 8473 5172 5155 3403 4500 3196 430 3786 3968 4551 4136 6143 5070 7144 1074 9202 3838 6129 8524 4911 7954 9126 6614 7709 8682 4558 6819 6931 925 3117 8582 2336 1412 2352 4057 2756 5006 4389 984 7879 9133 6762 3681 3145 6346 6388 2169 7778 5009 6650 9416 5936 8100 7611 6709 990 148 9362 7147 2923 2295 8476 7269 8863 5471 7608 6792 
12 3000 6730 1713 8201 6487 2015 3588 6334 4175 7685 1762 1678 8845 7206 674 9596 2905 697 2352 6348 2548 4211 8343 7438 6251 2131 9771 9075 1395 2702 5523 2764 9012 6681 8557 3022 6655 9115 334 8216 9396 4245 3377 4527 8944 3530 1956 3044 895 6802 897 9976 99 6544 2513 9989 4160 5288 1664 2677 5052 6147 8941 2149 8872 6466 1974 9741 3705 4598 4866 9860 5624 9806 5751 8948 2808 5295 2478 7571 7790 4358 6421 5632 7828 9657 4408 715 3402 5626 8785 9546 4832 3994 5598 2586 7027 2444 900 1745 2355 
13 3000 6384 5184 1218 1638 3853 5946 1456 3277 3547 8364 6252 494 5972 4107 2956 6702 7721 8274 5817 9008 8877 4444 2445 9827 3537 7867 3404 6631 3472 6769 4923 9820 4894 1786 4740 8718 8367 3522 1063 5695 1830 8235 4663 8411 6752 1643 4086 188 7406 860 3997 8507 3274 4452 6639 1628 4572 622 6428 3338 906 3518 7665 5818 3046 7669 5378 643 7830 539 9284 7903 6190 3215 880 3446 4306 9214 3662 4252 7882 1414 6455 1928 9549 7119 9890 4328 9393 1234 5984 5302 8605 7582 859 2565 6262 8331 583 3692 
14 3000 9225 1558 131 243 5170 6928 5481 3 8740 9504 8821 7361 817 1685 6894 1800 935 3255 2463 4518 2794 9577 8898 3178 2926 7896 7893 4778 2460 1771 305 6645 2035 3640 120 5556 9817 5495 1540 4987 2662 7701 9202 483 384 5919 1514 3152 3163 6172 7121 1289 2072 8025 4496 121 2726 5896 4656 9675 2062 8487 6997 780 8241 6344 8263 9184 3675 7542 4635 7801 1179 1489 6945 7083 3251 866 9015 3515 4468 1680 9127 6235 7021 1450 4606 1783 9363 5518 9537 6971 7986 1476 5609 9877 2327 1732 6074 8969 
15 3000 2789 4189 2841 351 1900 1054 6687 3130 8588 5772 601 2917 5580 8089 6247 3446 9936 7226 3552 6320 6694 3197 3425 8884 5654 6238 3593 216 1274 4365 7567 5254 5703 9061 6734 7039 4931 9081 5567 7088 8065 2387 9971 3887 9733 6209 8742 9514 5611 5225 8161 4386 1077 7869 9708 130 2983 769 900 575 4565 1302 9256 879 3463 8280 9391 4772 2880 756 3225 9926 5852 4959 3327 1455 2658 9353 9377 3531 1343 7820 7760 9136 1369 968 4275 7926 396 5567 9980 2234 4183 2104 154 1186 9614 469 6387 2952 
16 3000 854 3764 1798 5110 8620 234 9369 3150 2589 3329 3416 7090 6925 9885 4174 6223 8927 6432 5514 1989 811 3632 5785 8972 4609 8832 1774 4018 201 6753 5800 3484 6460 8292 5926 8607 5537 7463 9300 9001 257 6449 8622 4281 4652 8792 1729 3801 7609 695 4315 4536 9648 461 5767 7069 2827 6047 8132 9716 3768 752 8205 773 9807 7024 2746 8883 8274 8391 6820 1539 8896 9523 5259 1696 9320 4415 7252 2526 3772 2693 4066 284 4828 4051 9876 5304 8319 808 5739 1122 1361 8592 6678 1722 3501 5146 1899 6906 
17 3000 1001 7268 8131 5791 4236 5862 6090 8428 8224 9126 69 5552 6274 3861 655 6449 6769 4902 563 4956 3067 2677 3610 3578 6524 8894 6795 5737 2650 345 5522 6142 388 842 1933 9287 4512 1276 6379 6068 1157 7800 2006 8532 6472 8135 2471 2748 8394 6010 2781 9804 1554 3714 3259 4925 5302 2781 6634 4721 4861 2804 8254 2559 5604 8360 9428 2057 455 4076 3891 8707 416 7808 7390 9621 8223 1951 403 1398 5120 2875 3979 6128 761 8479 8699 5505 6240 3878 6769 3078 243 5210 7234 4622 8321 1571 4317 6630 
18 3000 5298 5072 8888 2939 795 9023 3045 9473 7886 4244 7840 7116 4868 3494 4109 2707 172 4033 6444 8160 384 8306 277 7714 1401 2748 2100 3299 2706 4722 2802 8035 4772 7574 4134 7854 9590 3820 8300 1243 4317 6449 670 7119 8058 8365 5623 820 1769 9937 5507 8233 1278 4689 2734 8032 3444 3105 4991 2056 5431 4562 3582 3801 7112 7395 4893 5044 6594 7070 4979 585 8873 2503 7282 1122 7611 486 3471 4247 34 8251 7402 3564 4966 4150 2216 5936 3979 6464 546 6860 5665 339 7860 3958 3048 2843 8928 8601 
19 3000 4103 6147 7409 5653 5413 8840 8565 1344 8945 5356 5104 9267 1950 3536 6144 4495 9995 312 9300 5832 3113 5513 5903 6179 5079 3801 9337 1036 5814 4729 6504 5117 6913 925 2416 7101 294 4397 7907 2501 9980 972 474 4659 6999 2852 8245 3869 7409 9298 7062 4622 3454 5436 702 978 7842 9196 4214 62 1142 6365 384 3684 2317 3775 9326 8085 2373 608 1197 1810 1138 7832 2033 1702 7163 5760 2719 7027 752 9731 1077 1712 110 3919 7080 4725 624 3272 1191 8568 7264 3560 5831 5893 110 9571 9966 4257 
20 3000 3007 1410 6823 8987 5337 8935 4730 4177 6926 4320 1080 1810 6070 2734 9423 9006 687 1148 9677 3387 2594 5276 1471 6581 4912 4626 610 5837 2589 5687 8661 3773 6054 3237 5675 6249 7997 9779 6018 8361 3268 3094 7342 8562 1907 1930 2675 907 5293 9808 5631 5430 5424 6958 8754 6631 7320 372 4983 106 4546 1994 2239 7287 7871 5026 1140 8314 7039 8360 5847 3035 5674 9140 8018 122 9309 3442 3909 4321 6536 5085 4580 1820 3283 2564 9242 3748 219 4109 1715 7793 3279 867 24 7952 7316 8212 9109 2398 
21 3000 2882 5179 6668 9477 6125 2021 2122 1834 1821 5894 8702 8652 9523 4664 8665 6026 2841 8844 1635 5461 1842 1648 6069 490 8581 7178 3843 1424 5747 6730 7968 8217 8446 3232 3434 1468 9103 3796 1168 1539 5486 407 5129 5803 1861 8731 2522 4013 3267 5045 7136 1799 2922 1299 5810 2289 2747 8300 8022 5856 7019 7017 8608 7989 9152 8018 3594 5286 1592 9026 9168 9579 8851 606 3767 180 3658 9971 3291 4249 6232 2915 9444 5291 6690 3874 1199 9781 572 4107 9388 1903 7492 8007 4416 6430 2919 7534 7101 9710 
22 3000 3073 4772 2638 8796 2961 2614 7693 8686 7521 3570 611 7699 5905 6702 4762 967 8880 2681 5002 2058 9352 6971 7267 2720 6023 1136 1282 757 166 2279 6405 6020 5529 594 591 4531 1359 5053 2481 726 8558 7214 6619 7832 8957 3155 1790 6356 7723 3533 2482 711 8880 1765 3485 3960 3968 340 7593 687 3815 5251 6457 7995 3443 8553 4539 4626 92 9046 6209 8205 4376 1087 5956 614 4558 1521 1729 1488 3952 4739 1403 9833 1453 5863 2367 3777 5185 2055 4240 8437 9285 1948 4709 1915 3796 3209 8498 9423 
23 3000 7703 8217 9453 5525 5082 7876 5759 4511 4376 3548 8281 8891 800 7110 2028 6016 1864 9137 741 2827 6033 5215 4609 8723 4495 368 1112 6559 6071 1622 8980 1764 5239 8688 5288 9593 3285 2766 5667 491 2583 3485 7648 3595 3998 3957 7121 8351 7410 3961 7932 4263 5367 1256 4591 8763 9866 1009 8117 3205 2251 3355 5000 6991 6243 9083 9291 9811 4090 3443 7819 2020 5848 8079 8529 3129 1780 1090 1946 8430 7884 5208 5766 3740 4546 4115 2573 8273 8318 6868 675 5634 6818 466 8070 2945 6761 524 9538 8085 
24 3000 5107 92 6854 5065 3342 6579 2126 7522 4878 6819 4265 345 5582 250 8570 9412 7427 226 9445 9469 5270 3445 6237 125 6754 7516 2205 9968 5337 6636 6606 8818 6441 5398 9910 8092 6733 732 2141 9305 6524 1956 4344 687 5298 8961 3170 1933 367 8524 8594 7070 8643 8737 4755 5457 1543 1567 3919 903 3017 3540 3570 8915 702 4548 6625 2069 192 4787 4775 3505 2450 9810 4946 8549 4328 3714 8892 4457 2224 447 5911 8291 8856 3242 8680 2908 3165 2178 2224 1090 3346 9859 6006 7781 2995 5227 9139 463 
25 3000 389 5492 8728 7653 889 6193 1334 5522 2467 9381 7562 2639 4355 9928 9782 2849 8829 9958 2962 6260 6105 1410 8635 8372 2368 6718 1992 7319 929 7620 2091 9240 6494 2094 5203 1778 2574 9415 1271 5698 2009 3337 3507 4634 618 3404 1098 2961 3983 4384 5053 1790 7343 3824 7166 3090 8629 7738 2102 1933 4610 4413 2618 6867 177 6342 7899 8409 737 286 5023 5669 7749 5453 3552 1095 7371 9810 3247 3344 2237 4517 4905 8278 6363 6480 4329 8086 3172 9044 9413 8529 6647 791 360 4310 5607 2484 3019 2575 
26 3000 1110 2117 5352 4526 6983 8103 7024 5177 3469 582 2116 1215 4011 855 4968 7004 5147 8939 9139 8703 9544 9257 9502 6510 2147 4441 7455 5038 9454 7268 9263 1805 1926 719 7522 3862 9504 6161 5748 2533 272 9656 6096 6290 2225 6396 194 1747 8178 3261 3110 2781 3789 9501 444 7781 8716 5547 8542 5015 890 9942 7833 6129 3916 4402 9296 7768 7609 6998 4052 1319 1635 3466 6075 787 2299 6639 8033 8785 2437 4007 254 663 4452 3400 2816 6746 6464 6795 759 2710 1582 2253 2429 8077 315 3976 939 2836 
27 3000 6092 488 8761 2189 3918 948 5441 9421 2152 9581 8437 6899 7407 8237 7086 5190 2579 7075 9694 309 7996 3371 3746 9088 5702 8451 9254 2677 6853 2752 5214 8158 2247 9005 9201 8296 5977 3539 83 9411 2206 5721 3857 7368 5071 5513 2620 1704 1712 9151 6653 7874 8421 2960 9641 7618 9919 5283 7007 7459 1764 6542 7384 5325 5871 7420 7199 5296 9169 5173 8390 472 5379 8057 9245 3970 9912 7893 8368 8048 7899 750 1771 1347 5345 5747 3082 4265 3403 1996 6891 2452 5779 3654 5214 8430 9257 3108 7081 1342 
28 3000 7353 2285 1250 4821 7092 2086 2051 2986 8910 9940 8346 4562 9684 5495 5623 5130 8877 4419 1208 7496 7825 340 2607 185 2132 4900 8967 4064 7201 5941 5672 7090 6885 3813 2052 7176 5264 5806 2226 3194 1550 8714 9065 4089 8111 9509 1285 6130 1623 4161 3659 8279 7353 4562 355 5688 6554 3591 1407 1319 6997 8293 2300 5692 6622 1190 6685 4753 316 9717 2222 5874 9813 3774 9541 1970 6725 1416 4335 3749 8692 2658 2572 79 8658 1411 8837 6490 7279 5536 7797 1787 8441 5035 8790 2803 7923 8353 3538 7269 
29 3000 5167 6815 6990 4805 8182 7182 1287 6047 1573 2338 2847 9891 7690 96 2586 8864 911 133 9254 2620 5037 9047 5901 9559 3828 3543 9468 6579 4645 1738 3498 6940 5238 2599 3981 6266 3639 3498 8315 6662 1197 5899 7398 8963 8725 9161 840 3101 5780 2478 5307 6607 3063 4934 5983 1228 7952 3687 1161 7672 3145 279 9956 8484 8448 5067 3147 9037 5667 9783 7141 6657 6644 8221 1064 7867 4404 5037 6973 3756 7435 2693 3198 3482 7088 6507 807 5885 8108 7843 3195 9238 2281 5412 8799 9117 5216 4716 6938 4398 
30 3000 6248 5598 6778 1374 1458 7927 9422 6008 9835 5412 3123 4297 2547 7527 1627 772 5345 9578 5635 5121 4091 881 7395 6930 3409 1074 8416 8556 8464 4546 305 6126 9864 3002 8739 8654 1684 6141 547 5290 2626 469 3929 689 286 6227 1795 8509 8566 2456 8232 3030 8197 177 8089 8903 388 3698 9695 9018 3611 54 701 502 3498 6557 7038 8839 5868 6486 5015 117 2883 2895 6529 1400 2321 542 7405 9219 9984 5952 8862 6202 5219 5602 2102 5811 9575 2222 6026 5220 8577 9237 8075 6305 6632 3322 8189 4771 
31 3000 5053 5085 5904 7395 3213 7875 563 7396 2823 4719 4657 7934 5331 3377 287 3730 2454 9529 8760 809 9827 8080 3298 4378 3782 2595 4879 4814 1249 2859 1205 1792 2786 560 8789 6527 8726 3095 8169 2145 8461 5507 2251 2182 2839 542 7773 7204 9695 6833 9890 9551 2502 5208 9898 6209 2146 3125 6065 9809 1832 7229 7601 7743 5110 4035 1746 9417 7027 8740 3986 1613 8405 2153 1391 1993 3241 5756 9081 718 9239 4885 9818 190 1456 42 6715 2930 9088 6325 9083 7568 5362 990 1389 2967 571 9133 5351 469 
32 3000 8225 7496 5151 4267 4325 6406 5775 9896 9769 9830 4477 862 5879 3559 5370 3382 3049 1516 7139 9258 2528 193 3885 6871 1321 1205 9083 305 214 1976 2681 6589 4926 4548 1305 1073 391 2514 1607 920 8156 6076 6724 6729 6910 5228 5872 2281 6136 1068 7058 2410 2888 5228 2921 8998 1694 7434 9698 5099 7583 1189 9312 7180 2239 7583 4586 5499 3274 7225 7586 2594 6635 302 1085 9910 2129 4765 3150 2541 2076 2632 4860 2102 3086 4427 1144 7728 961 1736 4747 5190 8724 7893 3319 4147 7770 6785 9632 3511 
33 3000 2142 9786 4915 4949 5936 821 5324 4498 3828 9542 1531 2316 4725 2643 1434 551 8542 3288 6003 9339 6105 8674 8243 921 2182 5713 5280 1894 1627 4839 3581 3577 8666 1947 7294 512 9294 8442 9706 7083 6805 9434 7840 2260 442 38 169 2475 7176 9809 7451 2612 6609 5307 6700 5134 9000 770 8269 7325 6417 6933 6074 6662 7016 7954 924 4314 2440 6477 6992 6758 8352 6813 1405 5529 8083 6251 6954 5089 9409 4489 7939 8825 4456 1195 9132 3169 2726 1689 7865 9844 7249 750 9248 6234 3861 4556 4506 3884 
34 3000 3607 735 2448 5114 8266 6552 4050 7775 9006 5219 176 8111 8159 326 2417 1758 4126 8400 7052 2870 9402 9591 2141 1356 1728 6478 7741 8260 8372 1002 9243 9250 3527 9527 3836 6244 8841 6024 102 7154 7069 3377 726 3757 8848 2817 8337 7691 2604 1482 4474 4577 7574 8101 1676 6266 9963 6800 8694 1206 2219 9038 8834 2943 5433 3664 1421 6739 4873 5103 6388 4320 8629 9661 1991 6744 9395 9961 5650 5401 9371 7502 7913 1133 8288 3341 9544 1476 4562 6903 1744 6039 9571 2914 9482 9991 5057 6457 7966 5691 
35 3000 3655 6161 2233 2427 2543 5505 9860 4289 220 2255 6807 6170 6410 6020 6380 7879 5088 3935 1323 6393 631 4473 9030 6226 7098 9376 9886 7925 631 3715 8735 4692 4983 4070 9464 7129 168 4846 2723 6109 4242 2698 6760 3775 8203 9096 1391 2657 4018 1005 5088 2919 5778 9694 5190 7733 3971 7674 1250 6772 2889 3749 1492 7833 1152 6206 2407 6580 5363 4119 1466 4421 6883 6788 2959 4497 1733 1291 6959 5809 3625 8174 1415 5460 110 5253 7364 9028 1859 9555 7272 9063 5061 7371 6499 1706 6957 2439 7888 1436 
36 3000 4485 2260 9480 3941 6060 2523 5356 7115 6482 9666 9598 177 4952 1565 3381 919 6235 6335 5190 1077 4932 9268 4156 9827 2882 7889 6522 5404 9693 5145 5233 4850 6390 704 2653 1886 2196 400 6401 2907 4432 3782 8320 1102 1545 9802 6562 8701 9260 625 807 7348 9860 3560 602 6593 4583 1116 6823 517 9154 9194 6268 2476 2437 3387 9373 7974 8209 3418 1047 5654 66 5698 4640 6426 9448 4008 9034 711 6793 8310 8853 3806 5813 1679 7810 9390 896 5362 5166 1138 7636 1961 5320 2470 6483 6744 530 4420 
37 3000 9519 7075 6744 1634 367 9975 2572 6492 7207 7805 1372 1351 8941 2074 6467 8919 4460 5373 9483 748 5054 1436 1815 3859 9933 3319 9215 5484 4885 9712 9511 5941 4047 9370 3443 9627 4816 3675 8629 4141 5867 7317 6655 7528 8311 7103 3288 3653 9973 8892 1822 5696 2790 2651 9533 7771 3341 5641 7279 4674 6500 3724 2206 9755 2212 799 3596 912 5396 6356 1825 4714 8972 1166 456 8645 12 1083 1455 1476 9021 8981 3527 1763 2336 4815 3585 4466 7654 3799 1337 5694 2687 2717 7004 5578 6935 4361 2154 9269 
38 3000 6590 81 3673 6054 2567 476 854 6606 1649 4199 5605 8354 773 4891 5800 8979 4424 6240 1733 8036 5168 5166 5717 6697 7302 3127 4792 5627 3634 5554 6567 976 5380 9409 8188 8502 5197 8870 8423 5815 3332 9136 2878 2753 6899 8368 2342 9873 2286 7737 4243 5072 676 9617 7245 8339 6704 3889 8960 4619 231 2377 6788 4813 1249 1402 1883 4900 7908 2470 6240 3178 7666 1082 2913 5642 1571 3660 9354 9473 1656 2615 3876 4667 1475 9523 5245 3773 9748 6439 5396 9770 7144 5327 5267 2060 6178 5619 3771 590 
39 3000 4243 9901 9881 8098 9760 7720 7848 485 1456 7516 5537 5311 766 6686 5897 8413 7359 9759 1546 8655 7794 4712 2489 798 7294 7401 6955 6495 4651 4121 5366 3413 249 2284 7422 2479 7222 9236 2321 3251 5726 9185 2093 7414 347 8259 8070 400 622 7696 473 1137 4698 5143 1127 9919 6101 4100 9304 4398 3649 1468 682 3712 4469 3243 9441 727 157 8316 3472 2406 6050 412 2723 8312 3633 8146 658 7221 6061 3208 8851 1876 6817 6669 4700 1850 1485 3419 2265 4549 2655 4723 6233 4329 7950 8902 9011 9744 
40 3000 1175 146 939 8917 6599 5448 3627 3034 6355 9658 6425 7968 969 8668 6008 4023 3009 725 9096 3807 3866 5858 8288 8225 3652 3443 1032 604 4235 7882 1711 8936 5381 2411 6861 6250 4041 1040 3507 9110 6747 8603 634 4233 5142 8949 3770 3235 4632 1246 2703 5508 6163 4415 2326 9208 1122 9692 6593 381 9370 1307 5616 207 385 5297 5876 373 7548 6436 3565 6569 5541 3294 1050 106 875 1424 6462 7666 5543 4667 6411 9170 3796 4587 1829 3776 2048 8028 6929 3999 1899 2801 1301 7960 6292 1489 5123 9752 
41 3000 8788 3383 7501 7940 5969 4541 7936 2181 2962 5967 910 7969 2099 9926 3608 9508 4686 4372 6748 708 5911 5512 8555 4303 2868 8485 1845 9101 5711 6172 4241 5355 1933 6131 1517 8253 3763 5653 4055 9549 8699 4949 6442 7299 3158 8456 182 3741 9253 4269 9535 1283 4694 1706 484 6633 5821 6984 2821 3034 3749 7033 5369 647 3651 1427 4313 5037 7156 2443 4671 3801 7880 3245 4883 1310 77 4193 4523 1584 415 7276 5141 9282 2880 8669 4229 8830 6804 9420 2308 1663 8014 4257 3145 1595 3113 8519 7091 8320 
42 3000 6881 3220 7549 9029 2801 8227 559 8157 6714 3574 7518 5255 3594 8890 1017 983 7452 962 3804 1238 4361 9417 880 9392 8612 529 4707 6667 1988 9155 3552 634 6169 8794 2951 1826 8256 9769 297 8494 9425 5534 2557 9470 6709 7110 7114 5166 7890 5646 5724 6697 9537 3096 1615 3125 8152 1034 9695 6829 4448 7584 9898 7005 754 2478 3641 1283 1539 243 3422 5475 7070 1507 5529 1446 180 2434 5883 3109 6179 2281 9001 550 5877 9083 87 2267 1740 3460 248 5549 7160 552 4828 4965 8867 80 4883 8992 
43 3000 2447 4522 1761 4755 1004 5430 4821 900 6926 7860 2275 8593 6800 2928 5149 638 9427 8498 4374 8722 6984 7990 1003 8792 9296 7309 9546 4543 1241 9911 4441 9045 3274 9980 9640 4487 5085 3739 1324 49 2369 8885 3743 7896 6735 2147 8183 7303 8730 4966 5052 6895 3992 7310 9099 5025 2526 9603 7751 8266 1109 2783 2578 8032 8815 6489 3885 5326 5671 5368 8424 3609 4428 3509 236 9798 5468 6999 4614 3386 4832 4610 5196 3689 5370 6607 4176 5217 1018 1681 5645 1166 4202 2005 2058 5047 6365 6423 3823 427 
44 3000 1619 1754 2012 8797 3522 2228 4206 5578 4981 7044 3459 4231 1279 6052 384 8510 6227 3566 8371 2832 1444 291 1929 771 8754 3388 8145 1682 5719 4654 1279 5443 4287 6832 475 5331 2572 8041 605 9015 9755 4343 6229 7677 4113 416 8690 3261 4170 8371 6324 3838 2973 4682 7804 7111 5497 5243 8602 2027 9171 8556 579 8529 7531 7037 4703 5427 6997 6447 6882 6389 6774 3456 6939 4068 1882 1325 691 2346 9306 3710 5174 6702 7275 6601 6972 2714 7663 8381 3693 2674 1517 8002 8551 340 7710 1305 8083 3801 
45 3000 4718 5442 2990 6479 5520 1445 2102 6246 5629 4901 9465 2670 4242 4766 4558 2391 8520 297 5634 2610 984 6111 6182 2716 51 5365 4520 4029 3681 1071 6505 7671 6154 5526 1380 564 7975 7869 732 9550 8900 9768 585 3638 4087 9227 6615 4371 3377 2518 2490 4329 3694 4244 1332 3744 4569 5517 311 5251 6801 272 8358 6753 4226 9696 7003 2424 8622 4789 4343 1825 7739 7049 2130 7153 6447 7277 5985 8609 1018 2512 8742 7899 6523 1091 6907 9850 7366 5832 252 2160 928 5342 4530 3264 4353 3450 7310 8337 
46 3000 4443 6766 6948 3411 691 367 4674 7619 1430 1601 9806 3572 3111 2026 8091 5851 2706 7463 3171 7626 3235 6184 1169 5410 2419 5218 8409 1921 4455 4786 2252 7084 4920 860 5061 7150 8802 5845 1294 1942 1643 7387 7716 227 3827 5309 6739 3212 7974 6669 2887 6164 9473 8944 2387 8156 131 1334 5885 9941 4952 4203 4280 9943 2037 6632 7696 8384 5615 2105 7567 9525 2194 2318 1855 2041 9835 9109 3386 7514 560 4522 1319 7055 5874 8986 5734 6053 5422 7626 5346 7040 8764 4698 8346 694 275 6142 6366 4955 
47 3000 7177 272 1568 2273 690 6580 6860 4980 306 2674 9233 8784 1196 9330 6231 4391 4733 3683 5534 7253 2150 531 7680 5435 1311 1770 1901 5616 6617 3951 5085 7204 2032 3968 3874 4590 7238 2860 9871 7511 6909 7751 7983 9552 3114 1905 7886 4765 845 2908 8614 2412 6671 8983 6277 9844 513 3416 4895 3488 545 7119 367 7974 1225 9316 7561 3380 4447 6343 526 601 3815 8590 5835 4848 2047 5557 9048 7267 1505 9034 4301 4684 7844 4417 7025 7482 6789 134 9781 5590 4041 5208 1226 2606 8301 4939 8205 8048 
48 3000 7423 4713 964 7717 7692 1938 1492 2201 6228 6096 4981 3489 6508 6935 4421 9724 7025 770 8313 8067 3061 4923 1508 5700 1589 276 9174 8942 9305 1960 3881 497 3774 8158 5824 4826 7712 7043 6153 1639 6388 1834 3448 7524 8149 3983 3299 5685 8072 4477 1029 3816 4747 3281 7530 99 170 6886 8226 7324 2781 4002 5168 5133 3607 9361 2244 393 5544 5653 3522 5693 5761 3581 4713 5963 1222 51 7762 3221 7343 4474 8563 9445 9767 3205 7795 7566 9268 2098 4895 594 9775 7189 5139 8859 9529 3510 9862 5387 
49 3000 5358 2016 9798 9392 78 4647 1540 7898 3023 7512 7136 5488 3695 2196 6802 2170 8542 5194 4757 9379 863 5471 8196 4092 3831 143 9372 1080 6649 8289 819 3274 3824 2880 3682 265 7573 843 9192 4921 3346 1240 3248 8139 8485 1578 4135 1710 3992 2246 3365 9318 9440 9067 9641 5662 996 3988 5944 3700 2573 3884 9752 21 112 7494 6377 8341 8977 479 5434 1124 4487 8607 423 9329 5570 9057 1452 280 1535 9858 1072 3663 1979 7446 3244 5645 9812 2346 5429 1123 7410 2980 3799 4094 5892 7605 1583 6149 
50 3000 7523 4367 528 3098 1241 9486 5487 9712 1309 3567 2140 2598 9093 6030 7828 1193 7964 7669 5520 6883 1326 1340 904 254 3765 763 2600 6460 5333 7461 5502 8719 8943 5816 7238 9935 901 6251 7767 2442 4558 6545 2089 5880 7085 1258 6084 3186 9378 9297 5481 4717 9082 9594 7946 497 6748 4919 8294 587 5106 3811 6834 3581 1470 636 829 3227 3264 3775 9089 3174 6675 1925 9687 9843 8431 8541 792 3423 701 4389 4642 6990 9125 8231 4630 3757 3964 5633 5518 2441 4380 5902 6780 763 5836 7140 9063 7065 
51 3000 624 9430 3780 62 1518 6144 5822 6704 8551 3378 9402 8182 8918 7507 7016 4043 0 873 1533 4436 5522 5591 1412 488 4826 5483 9043 2794 5274 6137 2205 8043 7776 3090 8664 3759 5444 8137 3884 1179 5365 3765 1867 6243 3510 5710 9116 8717 2753 3644 1731 9441 4030 9978 5615 5696 613 6801 9822 4705 5515 937 3018 5250 2015 7127 3069 7422 7309 9339 9762 486 9293 201 636 8886 6460 8560 9957 6356 927 5166 799 8175 4593 6479 264 1531 8412 6605 7820 4024 4793 7352 6765 280 3136 6416 8821 6703 
52 3000 8473 3687 1843 4342 3255 5685 662 9889 2249 8117 1052 4800 568 6563 6815 2542 4821 5281 9999 3960 7391 4143 4237 780 3841 3692 1211 7224 3433 8328 245 9757 2791 7614 1016 4962 2670 5713 9396 5531 7862 8942 6415 4391 221 1458 355 6946 4820 9069 1958 1451 9222 1162 2774 7504 5889 767 6619 2673 7703 2737 4169 7239 6622 58 671 7064 5459 8285 6788 4593 2779 8095 2560 7972 931 5974 4494 8293 7197 3028 5781 4969 8074 1911 9634 9224 6671 1887 5753 5720 3239 2015 9917 2302 8823 2454 6695 7864 
53 3000 2042 3898 5290 8353 8984 5136 8499 883 6242 8734 4808 5987 7061 4844 3605 7981 617 3138 3516 3469 4419 2865 3877 7957 9837 1037 9317 601 752 8737 7478 7080 5338 5551 9853 591 959 2127 5747 968 2200 861 9375 1930 2018 4703 69 6455 6021 4090 5622 269 9866 2009 8753 3474 9791 7175 6694 291 6265 5343 3909 6929 767 8741 7928 7586 5686 3628 8318 8566 7349 5978 8770 529 2177 5289 2312 8857 5956 6517 9654 2153 6244 131 646 8865 7896 302 8875 2025 1720 1207 9375 2126 6249 1466 9466 8117 
54 3000 2647 6698 2725 6521 2735 208 6068 8687 144 1790 9973 6154 4591 4665 1812 4151 9285 541 2320 3220 1448 2790 5186 8958 5975 7764 9765 9889 2205 4224 6919 3463 3826 900 7981 175 1902 2174 6848 5808 1026 1889 5190 1812 8597 5284 797 3791 7222 9049 9038 8132 242 9514 7453 6744 387 8952 3469 9935 1554 15 5237 7405 3704 8293 5601 7368 895 2999 9184 3798 2432 5773 2603 1799 7144 7620 7811 1104 787 3967 8564 7692 6571 7846 2 3537 8814 1204 1374 4480 9716 4334 1873 6220 9264 3438 9599 8443 
55 3000 8260 6306 3652 7059 4469 6127 9349 4581 1901 3423 6556 8617 3213 6105 1161 8492 5232 7659 9659 9992 7612 3457 6870 8241 4611 5182 6776 8689 9989 3396 6487 6241 5040 8219 3330 2497 9743 8137 5067 1126 7039 6939 3231 1362 232 8772 9593 9624 3518 1327 5751 9264 5640 7145 5846 8435 6659 3055 2399 6091 7860 7726 5279 6105 4782 7359 3793 9515 3363 9488 1896 4899 9227 4918 6539 6866 76 7781 9124 2680 1226 3722 104 7005 4255 6206 6689 4779 8779 951 3692 2205 7361 8491 7490 5876 3529 4852 3116 19 
56 3000 2937 367 4475 1868 7635 6607 7680 5159 3478 1441 7518 1751 650 2217 7043 1372 7313 7073 289 9490 6393 4370 8106 3310 5473 249 7132 5895 9827 4318 1878 8411 8570 3457 9943 499 3934 3754 355 8771 3671 563 5038 3430 6584 6686 3396 3017 1173 8683 33 7284 7419 1308 5593 8186 1679 62 720 9006 4722 1882 3153 1598 2871 3946 7937 1760 2292 608 767 2731 6387 8457 4447 6807 6324 9501 8487 5095 4693 2471 1812 5378 2278 2264 8604 8112 7962 7490 7267 549 1756 6166 2518 8982 948 9518 597 9117 
57 3000 9381 3916 7615 4567 9857 935 1010 3476 9665 5535 4144 3261 9228 2374 4013 3489 3889 236 2090 6867 8804 4594 8287 8366 6977 8294 8049 2468 407 359 2562 8537 4369 2926 2102 4310 4816 6306 2491 7527 8901 2162 4693 5669 8638 4825 7526 3834 7672 722 3502 730 1187 5935 7794 2799 8928 1889 321 6461 1356 9155 970 8486 8928 9387 7927 4489 4494 5381 9152 5553 8828 9255 6959 2973 9279 8761 5738 1129 1548 1719 2792 8481 4594 8572 2301 6690 8654 3073 2413 7865 6403 1090 5459 9932 7226 7546 1294 133 
58 3000 4625 1470 3758 6645 6740 9186 269 8328 8 5618 4539 2592 5937 3727 2410 1400 1007 2067 821 5381 9701 469 9898 6084 654 3852 8169 6341 5934 4152 902 8771 3440 385 1572 2395 2432 6829 6450 7387 2184 9331 2318 7939 3757 9743 7308 3265 4908 8480 4869 6714 8113 5202 855 3022 1718 7625 3738 3680 4222 8452 7952 432 1673 436 357 6895 8200 9557 9826 8305 9663 6335 9962 9387 430 5265 4937 355 3281 2371 8459 1029 2435 893 5858 3083 9702 5094 9304 416 3760 2196 6147 7647 2556 2433 379 6737 
59 3000 8838 7242 7225 1736 8803 5566 861 1653 3874 8291 5248 1451 5607 801 8103 1170 3712 3666 7984 3173 7213 1446 4507 7516 8716 9629 1687 5443 1821 9687 4399 1012 1641 2258 7972 835 8461 8460 903 1953 4511 9319 692 7831 3869 3331 2816 2478 5490 2144 2809 2695 9358 4366 1486 8446 5763 7502 3273 1351 7700 8008 7683 1313 6405 9478 3895 1256 9995 8952 8477 5 5259 1348 6221 3274 2549 2021 4111 2794 3812 7449 8410 3554 3746 4039 4877 9173 4068 5061 2107 5400 927 5707 7993 1730 5423 6275 9318 1153 
60 3000 7263 3478 4471 8025 1539 9875 9285 4061 8630 1432 6002 2461 7225 3206 5362 153 483 3151 1822 8165 5303 4055 1889 119 4733 3595 5593 8857 3491 2522 1068 1181 6621 973 2275 729 1271 2898 9836 8969 1594 8624 5002 4320 6772 5537 6742 9397 2176 6888 1957 6387 3637 8732 8822 537 4850 4981 3247 1784 7903 592 8472 4493 6927 2873 7777 5336 4875 916 325 9279 3423 3158 126 3713 5999 3064 8126 691 3934 2935 7422 7307 5740 5840 1605 4184 9512 5677 6219 2103 8456 5358 3355 6745 9539 3113 9365 1561 
61 3000 5270 6926 5703 8770 8601 7094 2886 8482 951 6912 7589 5939 3364 1477 2856 6891 783 4626 1440 1089 9451 3994 2271 3907 7443 4193 43 6090 8313 8129 7929 1621 7877 6426 3421 3721 4108 4993 7298 8969 172 703 5709 9545 573 5201 5397 3607 434 6840 2029 3781 7899 741 1669 3787 9660 6971 5363 3183 9608 6856 6856 234 615 7415 3431 2912 9429 3916 9873 8015 4708 560 5562 8413 8168 9291 4683 8420 8864 6729 9573 7289 588 9229 7176 835 2401 6063 8642 1177 2281 731 2037 4615 3904 391 8183 7621 
62 3000 6545 3422 9626 962 8103 5106 2722 1948 1257 1433 2855 4799 2743 1041 2772 9144 5751 5269 4054 6642 5461 6344 1704 5728 7689 3688 1858 4482 665 8351 2629 1628 9939 5574 8071 5653 6403 5464 5268 2053 7448 1814 4549 8709 1240 9024 2828 9373 4121 7171 69 5301 1136 5186 8877 4990 9689 2163 7210 2052 6317 6794 4220 1212 6592 4930 9221 2428 8152 5258 3774 3134 6848 3117 6905 8617 6026 2427 3442 507 8929 5747 5483 3403 4220 2462 6986 9616 4640 5091 1480 2041 8780 3718 2908 5153 5988 8551 9591 4130 
63 3000 4395 610 1318 2095 2063 530 9561 5491 1271 5496 815 7575 5909 4305 3061 40 2009 546 5358 2761 1398 3909 557 1666 8474 9620 1142 4730 109 5999 8192 6100 8677 144 3475 8339 8203 1737 4657 2796 3644 4981 3649 8106 3292 8658 8065 6804 4296 4310 5819 80 1320 2552 2831 644 8319 7500 3875 3722 3438 9334 6540 6181 7043 4982 8321 3771 2873 6924 6830 6501 2316 129 3144 2129 1811 7115 8260 7787 3377 1128 2694 9727 8266 7454 9189 1192 3735 2854 8558 8408 2956 3116 8649 4713 8039 8747 6432 2796 
64 3000 6182 8776 3220 5071 8956 2689 3002 2173 4699 487 3910 9580 4048 872 2811 2356 8590 7553 3020 8026 2641 3681 5141 7568 8146 4406 1030 4540 2708 7563 886 2317 737 2480 3466 9473 7734 6908 9424 3269 7687 2084 7777 1275 3602 5916 5495 1121 1152 4283 214 8363 5459 479 6077 2482 991 2764 2699 1002 4596 53 7257 1740 1645 5720 9705 3175 5321 9534 1111 2945 9009 7718 5126 4465 1835 1132 2573 1677 7309 1580 9158 1921 5107 6246 6316 6927 5973 251 5169 1941 9747 7339 3623 2968 6514 8682 6576 2143 
65 3000 885 9816 9264 1230 9397 5699 3720 3240 1042 3894 8370 2178 917 5879 742 915 7005 6480 3309 7184 75 1428 2454 7700 6708 3045 558 405 5452 4052 1219 4843 6098 9502 7584 654 2083 6837 3824 4192 6017 4075 9713 3278 8335 6116 8353 64 9074 9179 7007 2033 2778 3354 1066 1120 6522 3294 1140 956 1064 7016 3271 2244 5128 2839 2274 6246 2799 4442 8199 6415 4056 4047 5928 8132 8419 3727 7881 6582 1734 4841 9862 2751 6066 5591 21 7542 2734 6708 945 4026 8460 5258 4872 7810 4647 6576 2033 5536 
66 3000 9779 4326 2112 1498 4953 8684 8842 2393 2528 2647 7715 188 7903 6465 6825 3119 4420 200 832 4809 1390 4412 8049 1518 5246 8964 661 7510 3823 9960 8063 8552 3754 4799 3324 3534 1004 5359 2779 4217 4519 9312 8743 3098 3003 9547 5347 9416 4824 1740 7512 3263 1034 27 3027 7837 1531 821 7775 9809 4327 4741 4065 7824 7956 6671 2100 9115 7003 3945 4568 4257 748 2656 4353 29 4954 2087 5380 421 6759 7272 6575 5744 2712 9677 8957 9886 9920 6013 5854 5676 328 5165 6240 8382 8119 3253 1203 7333 
67 3000 245 6815 3532 5667 75 4117 435 8198 4174 4582 9373 7413 2208 6356 7034 7596 9968 1985 1414 7072 5522 2226 7036 8576 8497 7981 3290 7754 2475 355 5897 9779 525 8842 1500 4103 3855 7629 5377 7321 3584 31 2280 4172 5653 1055 404 6660 8846 8074 8474 1297 5944 9645 5959 4476 8003 2437 6415 5970 1756 6289 3946 546 139 7399 2797 7718 5946 9627 67 9615 8604 3931 1550 6977 4078 5926 698 3277 7893 1567 714 6965 1294 957 9764 1844 517 280 9317 5559 9194 1864 5614 6224 3880 2359 4249 7167 
68 3000 2706 9048 7895 9798 7154 4281 7134 4608 6963 8033 4429 290 8153 8587 1210 983 4179 1346 8087 1645 208 5760 8198 1550 523 392 3663 5906 9045 6095 5183 5604 2992 7327 4749 5085 9654 1578 1485 8343 6292 6934 612 3039 3171 7758 5537 2752 9706 8498 3069 7348 3747 5624 1757 1474 3973 7682 3358 1184 5427 3481 7424 8682 8162 8399 9018 5194 9024 8821 9553 1962 6548 4691 760 9368 8991 201 1773 4179 5483 2599 9347 4917 302 9120 1197 5358 279 2045 2462 6149 5322 1888 5299 4558 2073 8701 1590 2341 
69 3000 683 1507 8790 1744 4711 5863 8887 9618 4160 9541 493 9667 1618 6335 4060 2822 1545 7996 218 5733 2672 4293 1240 7394 3525 1191 5633 3884 1083 7166 5854 1244 2551 7635 9146 6469 266 7513 1506 6630 9720 1900 4774 6120 717 4890 6848 2027 1645 6500 5022 7628 6884 7734 2454 4009 7330 3762 7754 9815 4048 5232 7699 9119 5050 7702 3073 7415 5194 9199 7631 5746 9219 5902 192 2943 7888 5951 9847 6000 7271 1381 4309 8571 1148 8181 1368 7587 6533 4475 3487 8006 2327 6834 5513 5683 1097 4708 5522 8363 
70 3000 3978 2983 8776 4809 8700 2669 4822 2040 738 9702 7699 708 7595 1886 9282 8593 6197 3943 5747 2220 3428 702 7158 6611 9776 8407 186 3152 6114 4149 3943 5591 3600 3426 8954 4159 6708 5824 9241 7815 9376 8830 7540 4618 4285 9763 3641 222 5263 5830 5853 4499 2811 2316 5594 6283 2754 8887 5105 6243 8020 4024 8290 7879 3543 7587 4680 6640 4289 1491 6525 7173 6408 8520 9009 8696 1512 9260 3587 8488 4078 7155 4451 3516 1976 1691 8121 178 117 9708 6160 2174 7235 4831 1011 6506 5789 5027 4966 7592 
71 3000 4987 8292 2251 9518 6941 6458 4246 6409 5945 7126 7822 920 875 3726 6804 863 718 3700 6565 3949 3223 4808 1739 661 6679 9568 7059 5251 4820 7807 1326 4857 4847 7351 4494 6755 8584 2829 7889 3724 6755 2609 7546 7548 6386 3855 675 632 1332 5715 5252 5751 5929 621 2730 3921 1773 3733 3885 393 7619 488 7775 8778 2414 2290 3831 3286 1444 318 7077 9108 5612 7455 6461 900 3844 8353 6329 9414 8614 7609 1008 6239 4594 6083 2524 6671 435 5324 1440 713 3669 129 825 2195 8733 9234 3338 6018 
72 3000 8127 4112 1448 3527 6685 5915 769 6007 8981 529 6529 6302 9857 1757 3160 8566 8073 2630 7007 6126 3086 4839 2175 7489 4951 6292 9491 451 7350 6804 8591 4354 3742 1895 3140 449 6644 4735 9169 397 29 6194 6539 2887 4857 3030 3533 8386 7725 4196 4569 2005 2646 5276 1041 4500 5948 1037 5285 1388 4308 6123 7666 198 5896 3854 6794 5839 4659 3164 2864 4099 7721 3659 4122 3261 5909 8802 6454 3855 7408 7219 6098 6525 4534 2133 5490 8026 3643 8925 2223 5347 8152 816 1140 7955 4696 2673 9547 8166 
73 3000 2401 2949 5554 9643 5290 3734 9543 4016 7808 8946 8749 5626 3477 632 4984 4401 6671 3408 5473 6846 7518 7016 6817 5170 9929 7004 2088 4529 2750 3539 1037 8396 4038 8339 3442 2059 8467 9731 5564 4243 7849 5834 9744 6854 4792 5872 7114 2850 9477 9600 3440 2239 9555 4870 8081 6199 3182 3311 6086 9324 5165 4137 3405 9994 6242 6082 5227 8875 5485 7458 7449 5535 5826 4341 1265 3193 2709 6874 878 1590 5871 3706 4343 7985 4238 4549 7529 6276 3957 860 1212 4245 9549 4652 1287 8930 8181 5426 2111 121 
74 3000 7077 5228 2963 1982 4034 1838 7639 2797 1086 74 7165 2837 1273 1225 5633 363 8547 613 9174 5743 798 3275 8041 3696 6008 7771 1824 3668 1527 8118 7795 8326 6474 3851 2368 178 7269 8200 5692 6320 6280 4407 9361 1308 3604 153 7262 8153 1966 121 9531 7440 4751 6677 9649 4581 7151 8678 4653 5176 448 8408 8481 8519 9411 6636 8429 9213 2826 5799 4749 6918 7149 1309 3358 4220 3283 991 1680 2633 6477 2636 7612 6711 9360 9690 1612 6304 8085 5059 1914 6921 1615 3042 2869 8231 4117 9395 6409 680 
75 3000 498 9507 6638 243 5050 4715 7543 1290 3230 6734 3839 7582 6563 217 4932 1397 670 3438 2007 770 6417 7099 8245 4870 4197 1270 2161 7489 1328 438 4072 8670 2582 6699 5683 4451 3840 1062 2804 4734 8865 2883 1190 9281 9206 7425 5504 1840 7226 1542 1410 2384 2255 7485 784 7488 9865 4839 58 8823 4274 576 1682 9776 3872 7247 8712 196 9878 9284 2531 9269 8108 7434 3683 6509 3888 1321 5842 881 74 127 2896 8049 8206 1402 9171 5744 2788 7996 2762 7263 8687 3120 2001 3088 1663 3525 5051 632 
76 3000 2019 817 2612 2112 1379 885 3771 544 2592 1464 4959 3862 2757 7815 2043 7169 9377 6535 5544 3104 9637 7491 8972 338 2802 3879 295 199 5750 404 6525 1413 1622 9596 1436 2980 1598 6236 6405 5166 9800 9917 4369 8626 1321 5730 6926 1650 3377 3070 4541 5534 9581 2571 9891 8077 7349 1164 4325 5200 8428 5259 7461 694 2545 2058 9892 4090 4184 8983 9034 6654 2495 1238 8086 5513 4311 7494 8122 5894 311 3692 3302 1502 4290 4985 9219 3010 5562 5786 4357 4684 4492 7963 4685 9129 1144 7137 1368 158 
77 3000 7059 7124 1612 3788 159 2489 2624 7366 2772 9230 8706 6808 2789 3588 1465 1974 7934 8979 3159 165 3173 1056 3154 7742 1236 888 7523 9872 6277 6270 1753 8401 640 1159 6588 7847 4774 3230 6996 9527 249 9562 4255 3794 5917 441 1169 417 7183 1303 410 7073 8413 2784 5980 5966 8457 8907 7802 8578 9301 3391 9435 8536 7850 4084 8914 2611 823 5522 2716 9837 2786 9612 2845 8757 7302 4439 7052 2798 1208 1205 2174 3762 2017 9281 597 3447 8447 9394 9847 3400 4074 4937 5303 2780 4106 1399 6042 4357 
78 3000 5289 3926 3797 8638 8929 3004 5052 6102 7053 8267 6253 7584 1677 432 2153 2761 7215 1356 7270 6778 6003 2221 485 4993 6954 9842 2747 5849 7331 1100 7922 1867 7653 5501 6753 8771 9722 5860 3952 2733 7776 7109 8411 5741 2761 3232 6547 9101 9741 2321 8763 5051 8420 9763 9041 6512 6797 9543 7654 4961 7942 3687 7006 6419 9898 9809 599 5580 8711 6804 5122 8054 4579 8653 5664 737 1130 6354 4058 310 7827 7987 339 9856 5492 6890 7343 3611 4961 7975 8413 9832 8861 2156 8244 1792 6507 8910 6847 6905 
79 3000 1940 6959 6637 3969 5069 3082 2652 8538 5953 9046 5886 6417 2205 6663 9762 5286 9514 978 9716 4444 5304 1574 5913 2679 5506 2007 9088 4266 4463 7364 9511 3088 7954 9947 9074 4883 9354 3083 6512 7610 8901 3055 5734 9952 6107 9160 7296 7933 5282 1898 2987 9665 4183 9274 3543 8218 5799 1236 9489 2620 3246 2232 5105 6972 7799 1893 5510 7700 41 3842 6883 8921 4143 2630 9802 5944 5267 8790 5704 6888 89 2024 6481 2428 455 2512 7191 3667 159 343 1899 8133 4840 3075 2642 3897 5018 1418 1519 1824 
80 3000 2237 3043 5905 5938 8350 4518 6791 1923 7917 1361 249 3744 3732 6229 2025 8389 5478 5224 5246 8743 1505 2326 1268 4585 3728 1953 3637 1706 5657 9646 5179 9159 3551 873 8215 4626 692 7968 7902 7918 4788 5186 8697 2592 8504 1886 3944 5701 3110 3844 8596 5662 5259 2681 5047 8254 6891 3427 2102 741 8262 200 7065 4111 4089 17 953 3454 2837 4729 6837 6458 9114 1074 1309 23 9201 8868 9066 5018 9707 7308 631 9140 9339 9408 3189 7921 3813 4557 4553 3842 3876 9203 254 3582 6459 5661 3757 3388 
81 3000 8957 9047 9798 2572 6627 2336 850 5131 3119 9548 6716 9495 4126 7052 7239 6396 4166 3004 8143 4865 6475 4904 1 6353 6045 5278 322 6978 5768 5489 8765 7894 5721 7671 5484 3789 5559 4783 2584 9505 50 8799 8721 4786 7727 7011 6808 7145 2659 6468 4861 2864 9360 6528 9961 6115 813 9548 5345 6203 9624 9688 618 2940 2298 9849 5097 140 6642 6725 4274 7240 2292 3994 9406 9045 4365 3622 227 3604 239 5297 795 8198 9450 3990 8447 3469 6726 5636 5899 5661 8135 944 6452 6992 360 7328 2339 4153 
82 3000 3110 8972 6184 4925 4638 5006 5598 2928 399 5818 886 490 4825 7490 5895 9647 6229 4351 1972 1258 4829 9665 5060 2256 3906 4441 5907 1017 4076 4358 3410 857 694 4836 1078 1652 4384 4208 6623 9587 4685 5037 4672 5021 6838 3544 2612 8489 1677 7170 9550 4823 8666 259 8405 5393 2047 7865 1121 8482 115 7686 7012 7782 7627 126 4219 9015 1324 6474 4307 4677 8582 5213 9975 6912 9196 6458 5899 8505 278 4509 2695 2006 4283 8540 4009 6975 164 1402 6734 5353 7649 6561 4346 4957 4642 3154 3371 1104 
83 3000 7753 9176 2976 6353 5946 2782 7682 8380 7321 1729 3205 5972 9014 928 5420 3149 224 8131 2450 1408 8365 7737 9884 98 8346 2729 9112 4912 4970 4730 8797 4511 8466 2187 9457 5269 3135 6680 1183 4143 9133 7357 4483 9672 7368 3488 4239 1093 7534 5155 6803 5596 9257 2056 209 3683 6376 440 7514 2676 4345 8164 3262 8329 759 7880 3075 4579 9007 8342 6367 1417 5050 3838 2183 882 7321 1749 8165 1181 9758 8236 2643 8942 7947 2045 9848 9575 8410 6441 8250 5777 998 9267 2029 4148 4426 1129 5657 9938 
84 3000 4919 1704 1621 9919 7993 4171 1256 3382 3357 7772 8713 1255 2941 8497 8049 3351 2044 7889 3440 3741 3617 9980 2523 4246 5663 6350 2861 6061 1762 9307 1530 9499 4727 3201 7835 1866 3382 3853 9154 3452 2458 6117 9896 1655 5628 9560 3594 3228 1654 2273 8123 4648 3668 2806 4034 611 1570 222 6022 659 7561 2286 7518 3917 4791 1769 8398 1974 9137 884 5828 9870 4106 3845 8227 5224 8864 7548 2357 5477 9385 383 3537 3262 2732 9166 8984 9903 4454 4195 4277 7034 9120 2439 2949 6347 3967 8843 9197 7460 
85 3000 5677 5761 3729 3917 284 516 2721 7304 6194 1085 9912 9501 345 9905 1819 3050 7479 5808 6073 9649 2546 4080 2888 6779 6232 4641 9648 2442 3612 8359 8622 8042 5923 1481 7808 9370 5473 8191 4890 5736 3663 1294 4337 7206 2140 1024 7609 9979 7079 1982 6504 9880 6579 8186 9620 3984 1193 6262 1942 358 7584 6753 7562 5935 5295 3544 5516 2511 6657 1430 8750 862 9815 1797 6207 2995 4879 6426 8045 2516 3202 9433 3978 3125 9784 7324 4735 5242 8798 7178 6656 747 2241 2959 9404 5857 1712 9946 6805 2117 
86 3000 3318 7295 812 5525 5696 8718 8598 3774 1168 1296 2766 1627 18 2412 4695 4413 7896 4805 998 9644 6341 9760 3118 6766 6439 8414 39 5025 5595 1187 4126 9469 7438 5345 92 5065 4850 680 7087 8945 6115 3320 3911 780 4197 7664 7357 1273 9145 6439 3673 8783 3618 8882 3153 4067 1537 7053 7853 3155 9863 264 2429 8345 3500 7641 8102 7325 3323 8805 9749 414 7327 2683 6118 5941 4909 4440 3164 3736 4265 537 522 6749 2923 1917 1087 805 1391 5312 3737 2464 9936 2676 9166 5026 8486 8744 8857 2646 
87 3000 9659 6718 7162 2585 4913 2072 6525 5577 3823 4487 5819 4329 6488 7910 1810 136 9052 8738 3747 7634 2359 2126 1078 7669 3734 6419 4289 8289 1879 5714 8869 3870 4903 540 2400 2362 1478 6670 4772 655 5110 2052 1523 8082 1546 1868 301 8034 9298 1718 459 7710 3299 8931 5766 5986 1677 1993 248 9414 5660 8112 7153 6340 2601 8896 1041 9149 2132 4165 2998 4642 5440 3884 8975 2525 7672 8221 1257 2035 3458 5730 3048 6685 5568 9662 6189 7133 6686 2396 1995 2182 4313 7998 5223 7896 8797 2907 1161 4851 
88 3000 4480 4741 5840 3504 3982 9231 9378 7687 5598 5280 2443 6232 3826 8147 5842 2715 3023 755 3235 3327 4179 3124 6980 2870 4820 9933 7092 8881 2035 6198 3335 3872 8631 1084 438 5708 2407 9841 6433 6096 8556 3856 4123 7215 5197 8842 5665 6453 2022 1145 294 9283 2077 2177 5155 259 6663 977 9273 2136 3362 4890 639 3116 7193 8380 6430 2221 4884 9962 6342 2784 2279 7259 9059 4077 4866 188 1845 1054 1422 2268 3254 2219 800 53 8971 5628 1825 691 780 3004 6322 7608 8651 1988 5271 4315 5955 6509 
89 3000 8083 6342 7804 5278 5000 1299 2516 8410 2627 7058 6208 2172 2581 8059 504 1852 3268 9749 3380 2755 4788 1136 3128 9325 6959 5474 5446 2392 474 9072 3651 4541 1174 8229 2021 3608 7451 4288 2258 4306 777 6825 3079 7962 9356 4955 2932 398 4900 6764 5832 7920 2534 6872 330 1442 3819 2111 1601 8732 2910 5340 6658 4781 5827 7371 2695 304 2863 7036 8548 8355 4109 9363 9285 9078 8104 1890 3927 2575 3617 9096 6278 9903 4546 4959 8898 2197 7947 3643 190 7912 5185 8302 4614 8198 6212 8016 6027 394 
90 3000 6971 2853 4149 9651 9918 7044 4153 8674 7683 300 9378 5599 9838 7242 7170 9983 2807 4959 7848 6931 2887 8692 6792 9337 2407 5644 9657 8258 9000 6913 717 1408 8005 7550 4326 9784 8001 4741 9507 2404 9450 4121 7673 9186 6484 4201 3459 1939 1798 8931 8693 3486 4685 8381 9481 4911 2184 7552 6427 927 3359 3309 7968 3376 6699 9437 6842 2847 650 9828 9675 8423 7263 9788 9702 5554 8974 5471 2596 2051 8503 1436 5446 2205 1886 6334 8834 9039 4623 6712 2061 4673 960 8952 1479 8826 6285 9325 1960 5431 
91 3000 2662 2178 1483 7385 7480 6237 8852 9420 5228 9050 4533 9097 2403 9535 4621 5928 5533 8673 7928 8624 2331 8309 6200 463 5972 8091 7453 2788 2495 525 2445 6628 1332 4162 4256 2445 8957 4903 1012 8000 5666 5435 1720 4357 5481 2788 5231 9997 9173 4021 2338 3071 416 28 980 1762 5066 7473 4591 2791 3562 8847 3560 8031 6453 656 9822 9255 3051 9722 4572 1011 3209 7626 9108 1610 2220 3257 8792 2255 8850 3503 140 4284 6485 2056 1041 4539 7412 6346 4093 8864 218 2602 3069 3730 322 9031 2505 5972 
92 3000 3622 7130 420 670 3275 1119 4149 7136 9602 5500 9315 3044 3109 739 1911 6668 646 7077 3522 7259 4679 6459 9661 3538 5696 2600 1235 317 7733 9160 9133 3249 7025 6061 1944 1693 3785 3914 6795 9714 7109 6580 3315 5204 2995 1855 727 7126 5506 277 8062 889 1038 2060 7496 1840 5728 2151 822 6886 5980 3417 9031 4241 2118 7952 5033 1298 5160 6507 9495 623 6723 6056 9805 4078 2053 5472 2164 5064 6172 9342 6798 8898 3157 9896 6300 1301 8546 7067 7094 5026 4860 6675 4026 4601 259 6737 8076 9201 
93 3000 318 1898 7202 3642 2928 5989 300 7507 6328 2714 4298 2385 252 4458 4370 7250 208 9216 7273 1949 4883 5657 7815 8830 6667 6307 8443 2484 5305 8854 1962 7619 4679 5584 7366 5052 2706 939 8812 5834 4365 7204 7706 3494 7853 8309 7916 4413 3861 1767 4116 6314 7972 8733 3247 4890 6195 2186 9110 8545 3614 3236 78 1269 6164 5563 9938 3630 5538 7968 1856 1900 7208 5065 5463 5295 1584 6081 7075 1354 8284 1798 3031 9425 3544 9605 6155 2297 740 6684 5352 5937 4042 1320 8315 7367 5193 2333 7371 657 
94 3000 3408 6636 8445 1046 8404 4919 3146 7193 6550 5461 3986 1539 148 6057 2719 8812 9832 4083 1803 2644 96 4676 8995 315 7948 7042 5060 5631 4685 8893 4615 9911 798 9002 92 1116 3995 7891 8830 1091 360 6633 3287 936 8623 3792 4381 4504 7569 479 7954 22 6559 3533 4365 9834 9189 6836 1202 8277 61 740 9120 7672 4690 9629 812 2450 2528 7602 3093 1393 3121 2283 2117 8010 5379 6751 1718 9030 9986 9601 4872 1022 4924 3130 8289 5147 4122 9638 130 22 9240 5872 839 2720 4566 5576 7118 7891 
95 3000 5048 177 9010 5005 7440 7597 115 3730 4586 9182 931 7419 2818 4762 5320 4738 2484 5838 93 9409 1604 6885 7732 8083 2642 4788 2223 6333 2410 6403 8024 2779 5099 4238 2158 1331 8425 260 9419 1561 2913 7832 723 7201 4295 1772 4562 2760 9036 6532 1603 8274 2994 2510 2398 2176 3187 486 8222 2291 2703 4172 5044 4958 8726 908 612 2274 3683 457 4669 7471 9531 1951 2293 8405 5150 8941 362 9180 6875 2584 7146 9897 2148 2951 5015 4519 6295 8463 6288 6873 2429 3443 2191 4768 4474 3810 4949 2240 
96 3000 3323 875 3001 9926 6110 3286 9342 3560 8616 7079 2984 591 794 3867 3546 4931 5424 7142 8973 9828 9886 6717 6372 8859 1068 1277 5978 5052 3388 9067 8244 8132 9950 6698 4057 9894 6819 6085 8073 7696 425 9498 5191 6083 8090 2754 131 6532 1679 6519 160 5321 4381 5747 925 9527 605 7234 5420 1151 9013 5302 6075 9354 8672 5613 9973 840 8328 7096 7187 8342 8809 2007 2246 7249 8556 4118 8727 353 2271 5018 6965 712 2698 8551 4899 2658 5520 3374 2030 907 7395 3639 6517 7812 7098 7805 5389 8731 
97 3000 9807 5567 7883 5527 4502 2918 1914 8181 4488 5333 3659 4548 1057 9074 277 8221 257 627 5744 4530 2798 4258 9822 4662 7077 7700 147 7909 5334 5959 7443 2036 2927 3246 3865 1780 734 3041 4458 5470 681 6271 1755 9772 4395 7623 3484 2563 4980 9972 3412 3922 1919 6947 5309 5258 9105 3609 40 6549 5988 5261 5775 1719 1857 4382 1332 2131 3240 5687 2642 8208 4430 9306 2340 9180 1142 2100 2474 955 7285 7085 353 2114 4867 1001 7506 8036 7023 9988 1773 3137 4167 3396 2522 1249 3267 5722 8986 4110 
98 3000 251 6665 1730 7987 5530 9310 7240 8425 2655 6440 5638 3114 92 4964 1520 2886 6123 8482 7925 838 6877 7961 3422 9578 7479 551 2323 6592 6327 6515 8028 7744 2499 4287 9485 8899 6275 3657 782 5662 2792 7080 3862 1256 8822 9107 4363 2516 2672 3948 581 4007 7212 1150 5563 275 6030 9410 2318 6214 2707 8508 2159 5565 3217 9363 6170 7535 1460 2220 9791 1545 7910 2955 536 100 1394 7512 8833 9784 3993 4461 1988 384 9072 5679 1272 2133 2430 5159 2144 1082 6577 5949 7581 2600 8138 5204 4550 2987 
99 3000 8381 7371 3594 9229 6867 5500 1549 6860 8229 677 7382 5969 2071 9582 1158 5310 6003 170 6126 4555 1784 5484 3941 4664 4606 5587 2995 6379 5494 7619 9889 6848 6833 3983 4018 4367 1021 8651 5289 1255 2245 1601 4961 4851 1388 1371 9605 6628 4049 5747 8201 9448 1700 571 2347 2926 5965 6670 9601 6933 6017 4921 9949 3208 9109 9431 5388 5114 4227 8844 2645 5501 8864 5780 9020 2708 8926 4388 1344 4679 1755 6033 8072 1213 2286 3104 4500 4335 2324 945 1102 6789 2940 7919 4995 8660 6 3586 4530 2124 
100 3000 2845 5014 7006 4315 6005 1213 9512 8320 4167 5694 2887 2305 166 7151 8816 6757 6150 8269 40 9858 7852 2661 3697 977 1995 9924 7790 2296 6818 8822 770 8553 5731 8596 4260 4913 4088 8399 8887 2966 9093 4850 3250 4848 2827 7723 6010 5483 8398 3752 1105 2961 9219 8566 6089 7026 1414 6746 3597 5707 9340 11 5936 53 4243 3527 2796 7012 6033 334 2096 426 8189 3916 3944 150 5784 8874 7729 9296 6638 9739 2334 9611 5596 7907 9479 4967 1931 6696 182 2985 9867 4528 4352 4779 2238 6241 3502 2830 
