FILE: 823UnifS.txt
100 100 0 
1 3000 7677 5353 3336 236 6238 8778 3007 7177 4100 4445 4143 9503 8094 4032 1206 291 3258 5624 19 7881 7424 8457 6417 2184 8939 5786 8026 9114 7495 5886 9164 3147 8105 1170 8870 8008 8183 5436 2052 5474 7767 9238 3771 2312 2852 3382 6639 5334 1860 547 1346 4586 5227 5032 315 4650 8118 625 4477 4081 6269 6602 3174 2969 4948 1845 7188 8614 1050 7092 4892 9343 8307 5302 1524 6438 5630 159 1596 4199 8574 2686 4418 8123 3927 5995 2748 1217 7428 8157 4574 8428 4600 3198 8012 9204 4722 221 9337 8176 
2 3000 7915 651 4133 3968 5358 3606 1571 6130 2627 9394 1811 195 6161 1134 6530 867 2851 4501 2575 3323 2755 5598 8739 2652 4939 6953 5661 1414 6439 1638 8862 5319 4354 5517 4885 7037 1059 7614 583 8136 2546 8615 5515 9134 9886 7481 7477 7689 3825 6203 1153 4901 2490 2666 9890 9752 2238 1647 604 1660 1614 3940 1806 1164 8444 3595 4753 8734 49 3295 7728 1703 6587 7852 3441 9326 7513 5821 9555 5963 1174 9257 2339 2388 7520 1577 3448 5225 3947 3559 9822 4501 4259 7466 6715 9335 760 9288 3846 1745 
3 3000 9467 9115 4679 8581 8452 9633 8822 1581 9305 2745 7557 5562 1726 4317 2490 4720 1235 7048 7333 7069 18 1468 2798 6998 889 5060 4633 5955 4378 9502 4771 1256 8950 6041 5603 3016 4342 8990 7389 9211 8026 7345 8779 8859 4805 4536 465 3331 9522 6295 1964 5782 2902 6654 1515 8712 517 2063 9107 9647 4876 3640 2634 4952 639 7540 7172 1757 2958 3449 7376 8025 8940 1212 3015 727 2240 5569 7620 2157 771 9036 262 4363 7550 2895 454 1703 4657 6317 6180 1535 328 3607 5045 3018 9171 9578 8554 4052 
4 3000 5501 3042 9514 6334 9810 8438 2561 8539 8354 5571 7813 7635 5870 7488 7647 8309 1413 6472 6600 533 7322 8164 4398 5240 1312 3807 2110 8140 1685 622 1421 1649 5672 297 7037 4948 899 5615 2212 2168 9976 5195 7402 8699 8209 6366 2038 5619 4443 6163 9432 2260 5027 444 4805 6887 903 1145 6436 5505 7819 1639 9941 8796 9673 244 5676 7179 4973 1835 9262 3988 6431 7596 5243 6784 3675 2889 3855 6790 9090 3247 936 6447 6785 8502 947 5097 4678 5023 3132 2796 9713 6096 785 2242 6204 411 3663 8837 
5 3000 7293 8690 3507 8871 9544 8429 2694 5828 657 6772 6018 4822 306 1505 5591 5153 4109 177 8868 995 712 7348 9803 200 2006 9960 3123 1233 6468 829 1733 8232 5625 271 7241 4190 3643 5847 3613 2264 44 233 3948 5210 5542 7215 382 2940 1014 5812 7114 8204 9582 2523 6559 403 1835 1697 8625 7519 4165 4026 3116 6175 231 3171 5259 9818 5554 505 4357 5029 5225 7988 5564 5955 4750 9156 4791 6867 4012 8249 6729 2845 4364 7453 6005 8589 8840 2274 1460 5347 5495 5031 3545 5976 3875 6480 4856 8129 
6 3000 4602 5558 3783 5559 2088 7254 1286 7553 379 8608 799 6495 2119 2829 1257 3544 635 1542 3251 2445 5158 5158 8298 1465 9161 1375 1253 3446 1822 1791 5828 3995 2614 6658 3249 7787 9022 7748 4034 3003 7382 9351 2889 3885 6846 7394 6745 1421 6470 6693 5902 2156 5430 6316 8310 5121 6364 3086 6972 6896 1834 3196 468 4790 3916 1962 6613 8152 6916 1687 9227 7803 3210 7662 8045 3597 2208 2287 1737 101 2445 7312 4067 407 6793 4215 3166 8064 805 2693 3934 7136 4175 7287 3573 386 5334 2122 231 5587 
7 3000 9158 3787 4787 9951 7814 2323 5747 2692 4720 348 7278 5707 1637 303 353 2385 8887 9821 7034 4541 8684 5227 7873 7476 1609 3154 2436 3157 6194 294 2962 1528 1637 1266 1132 9945 3644 4612 7980 730 3393 6920 6912 6861 9622 5070 9867 5774 3849 6602 6586 1301 8703 8216 7019 3728 9400 2391 6853 7975 8323 2132 6161 9911 2742 3840 1183 782 5653 8308 9224 9772 9742 9844 6686 4687 4477 3517 217 760 6318 523 991 7591 2064 1689 2107 4201 5311 9089 9119 2214 6046 5789 3688 7172 3361 3725 359 7962 
8 3000 1291 9691 6463 4379 7781 9463 5143 2807 6776 48 1510 29 3434 52 1919 5160 2467 8176 6367 9706 9606 9839 4028 5747 6191 1921 1900 2246 6883 5640 6581 9482 509 7539 9178 1611 4023 8618 3328 7345 9597 1569 6354 8767 4835 6156 3539 8256 6114 2706 5533 3554 5049 3733 8876 946 8082 3682 9653 6568 9197 6799 268 5840 5760 3133 9353 1028 7483 2650 4787 6924 8516 7482 9856 4658 2659 2301 2523 3626 1706 2809 7838 1556 6903 2364 3458 2686 3547 6725 8305 4074 8691 6921 4341 34 1993 252 1469 4692 
9 3000 9673 9402 5565 2667 1608 9694 9623 7888 1546 4454 8040 519 443 8513 4012 2021 2933 9823 67 8338 6911 9205 1714 1200 6255 8223 4219 7563 6660 5174 2510 7162 4607 9215 4206 8197 9450 2607 5763 1143 8633 1082 1759 682 6028 2348 7290 5761 3400 2701 3501 7776 5000 1777 6237 6881 5276 5420 7822 6424 9712 6679 1957 5499 8799 4932 1755 9637 5118 3126 883 9609 3560 3152 7850 8365 4660 9344 3402 6086 1070 91 1052 3373 7142 7594 732 2553 1643 5729 5570 7115 3601 6047 1794 9264 1263 1894 1757 5609 
10 3000 4189 655 92 971 8465 4131 2985 314 5043 7029 583 8806 1207 3585 2516 2 5161 2312 6555 2152 3745 8869 383 2634 3277 7057 6501 517 3512 7942 257 7238 4738 7099 995 5415 7987 9985 6332 5778 8376 5433 9563 2233 1572 7274 189 5036 3384 4084 7565 2112 2472 7054 7681 8480 6192 5988 3063 3819 9561 3419 5801 8146 7342 6862 3701 5625 9264 9181 9561 6505 8361 7085 3576 7175 2432 7749 8865 8348 8637 3564 118 1369 1210 5003 5384 2651 2297 1619 961 6231 5922 1166 9432 4455 5076 6849 816 6788 
11 3000 1936 2686 6842 6744 1198 7014 8354 6946 6548 4104 5838 2311 247 3908 3073 1359 5850 9931 3911 5644 4043 5229 2177 7312 1609 6526 4697 4790 3518 6463 7450 6590 8141 3967 4846 3241 5590 2751 2130 7353 9185 7929 904 1799 39 768 7787 6018 4779 1556 6184 457 6381 599 1195 9124 8136 7340 7639 273 742 7609 1208 5215 2517 8991 2742 5245 2737 4323 5635 6710 8106 3317 6358 4183 2340 2300 8116 1781 8887 2095 7621 2589 6762 4006 4996 6227 9517 3949 6804 4528 7326 4691 2198 5349 2203 6224 2200 4504 
12 3000 6341 4261 2102 5824 3575 6858 6995 9338 3976 9158 419 7583 1562 6264 6142 38 5139 4232 3063 5681 2266 9196 3236 3677 6346 4613 3028 2178 6839 6633 7390 5267 2602 7594 7264 8009 8356 7646 110 9636 4273 4496 3553 4860 8692 1279 2168 3301 3960 2554 7378 7048 5395 8422 481 6343 3377 6780 8805 3388 8562 3684 4982 4281 222 1850 9354 9073 7713 7271 5496 9951 5057 3969 8875 7549 8668 6859 8618 5377 8179 2752 2424 2387 420 9470 4584 3649 6496 3097 7136 9163 2011 3346 4146 794 403 7060 9102 7327 
13 3000 9408 9826 5451 7655 655 5730 243 2083 2376 5220 913 1764 5246 1105 5183 6260 1352 2680 4088 9219 6279 7966 8130 2190 4325 4084 6551 6554 6844 5752 9743 3583 3706 1903 4768 2621 7893 434 4014 7399 3206 1077 6972 460 5112 6394 5138 5726 4707 896 41 9175 5802 8294 4392 7654 5143 6866 6368 5810 5748 2956 7008 1150 3371 2592 742 7223 6096 1236 9045 4932 7046 1649 7215 1963 229 9896 4271 347 9497 9457 5985 2141 642 3483 1032 3241 6603 5158 267 5309 5815 6201 9129 5839 3666 3487 3168 6334 
14 3000 7091 3789 6695 8618 2285 6652 4562 9271 5547 5391 7065 2182 7237 6208 7967 9239 8874 5438 5656 9135 3344 4926 7418 4300 8247 5517 6840 5961 2354 8678 4341 7326 5204 6248 820 4893 9813 8303 4433 7881 8518 9159 501 5793 1940 1488 4531 4093 1074 8564 8371 8024 2505 4639 9489 4530 6745 3432 3373 2326 9700 4758 9057 73 7261 9267 7777 2691 3016 1319 4748 5793 9093 9979 4063 8239 120 8140 6722 2826 320 9765 1786 5091 3724 5262 653 248 7509 4977 4459 8244 8467 818 4609 6947 2589 6000 6425 3449 
15 3000 7785 2916 5927 3504 9723 9131 9732 9083 790 1506 8084 4061 2187 8445 1007 8023 9140 262 7577 8201 9242 7679 8332 9527 3919 8450 793 2822 3013 2103 8121 1102 2508 2811 890 4012 5359 392 1992 383 5464 9428 4664 8920 4751 6509 3641 7006 3391 5606 9433 7638 3145 1570 5724 4485 3819 1747 9905 5071 2861 5728 6722 2086 8073 3221 5056 2815 3453 44 7824 6701 8156 2247 5005 1027 8588 8360 9798 4724 3617 9761 7890 307 2918 9177 9867 3928 8431 7299 6738 3567 8957 7531 8585 5335 7869 8863 6346 7911 
16 3000 3955 6864 6711 5097 5379 2805 154 6505 6775 903 2082 6364 9456 3694 7118 455 4763 5531 6494 1167 519 4198 8587 683 628 666 2568 2287 7786 6954 5179 9798 9318 2133 635 5131 6148 6444 3653 3977 4887 3542 5603 9611 3047 872 3786 4831 7380 8160 3837 2013 5346 4037 5248 1292 9701 786 29 6875 6210 7210 4476 1475 4491 9630 4080 8865 1975 1006 1550 4565 1002 8182 7968 4650 9028 7261 7066 2683 1972 7094 2628 4775 677 907 9016 2766 501 6047 4824 5537 4032 1848 9656 8440 6926 5633 4026 859 
17 3000 6875 6832 2387 1894 5694 9227 9284 4167 4537 1328 8627 5759 2239 4862 6100 265 6774 1400 4685 4980 9855 7102 3312 7206 4640 5586 8640 8689 6575 8923 9958 8173 7361 6765 7212 2086 2041 3582 2158 3348 9215 4040 2638 8307 4382 6493 9986 1793 6402 4608 9551 305 7089 7107 4349 3320 3922 5639 1847 2722 5888 779 3856 368 2447 6145 9567 3764 5618 649 1697 9878 5199 8863 5770 7075 7103 9517 2518 5170 4824 2122 3407 3616 4028 1714 9293 7813 267 1724 2196 3537 9817 4979 204 9504 3646 2816 5499 8051 
18 3000 4502 2335 5510 3943 7128 1765 7193 1311 1602 3963 4428 8706 9804 8035 8550 2285 5000 9079 2002 7121 4564 6059 5109 6631 5813 7803 5984 142 4972 7118 3552 8570 9268 3043 3704 8228 2140 1212 8576 2763 1582 2361 8948 3211 1605 8938 9774 6185 6830 9855 8833 179 202 3361 8505 3 3826 8031 678 9343 2939 1894 4771 1444 2994 9677 8886 7919 9875 8172 4090 5679 3243 9739 1812 1997 2992 3922 4375 7690 8845 7198 8643 8423 3069 845 2804 4150 6309 6942 6269 6667 6561 2486 2701 5297 1254 1641 6163 701 
19 3000 2471 6110 404 6807 5286 3627 1251 874 9227 4581 2146 1672 2871 6761 2790 5789 1553 8229 926 2071 8212 8314 7240 4174 7351 6734 3387 1251 2126 841 3144 6759 4567 994 6688 5395 8912 4054 7998 8152 8075 5004 5383 5504 3233 6698 5130 8712 6545 7730 8290 9264 6987 8428 572 6426 9322 4981 5373 2929 6185 1680 9935 8781 3301 1291 4613 3192 7823 3550 5286 4642 9798 1785 8880 9059 6758 7665 2023 6128 1431 4064 2817 3727 2585 6063 5748 482 8989 69 9706 6455 6508 1063 9143 1950 8312 7966 8347 4445 
20 3000 8220 7143 8846 3655 7162 4016 9934 4711 2773 2815 2324 9472 2102 4448 4927 5957 7456 2497 4750 5903 5366 7340 9929 451 8671 8393 5877 3953 1739 4488 4562 5902 8803 2363 6911 1000 5429 3287 8338 7332 3103 7802 7392 2680 6944 8599 7539 8953 6553 1511 2062 4751 9965 4634 2088 6041 749 5576 7743 4974 8220 6823 2426 6812 775 9240 215 4990 2364 3691 6388 4296 2074 781 1084 2187 6849 8734 6074 8213 7325 9383 4664 1584 6800 2295 4728 6848 3320 7015 4850 7701 4894 3437 3611 8922 7836 303 1988 6433 
21 3000 8229 1819 8878 5476 6513 2406 9757 6929 5203 9570 8451 1736 9725 4893 2041 3465 2386 3164 8892 8994 9459 9615 9804 7317 1400 5298 2285 6481 6188 580 7963 8641 5789 6764 3104 3244 5746 5832 2269 8341 7895 8322 5090 18 6204 9321 6174 9953 5736 2582 8128 1102 4743 2780 7712 1509 9877 5872 5119 6236 4531 7602 6374 7424 307 116 8860 2474 1599 6712 9976 360 3315 4709 8911 6058 1712 6444 1545 3108 8363 8392 8478 4297 7247 8414 6183 463 4962 1127 1283 7436 4068 1398 7951 1093 9547 5969 8441 538 
22 3000 8399 3202 6738 9420 2351 947 5335 5355 3701 2544 5137 7493 4282 936 8489 2200 7548 922 5324 6863 3795 9528 2446 1829 8498 4496 5929 458 3772 913 6643 7311 2970 5955 8910 4457 8391 1753 2280 5905 2122 6398 6433 166 5 3054 9205 934 8722 7208 7742 5896 6015 2042 2779 3662 4023 1926 6038 8830 5747 4041 759 5164 4641 8125 5351 6906 7325 4344 168 8208 9427 9287 7415 689 4547 89 4171 9124 6345 6677 8545 5246 3760 2137 8951 9684 9344 1218 6512 2019 734 6944 586 8971 5236 5367 7417 704 
23 3000 7540 8435 1917 5261 566 4989 2564 1123 9421 9883 9432 7892 8494 1231 5340 5100 1668 5780 133 9142 5664 2401 8084 8336 6498 3714 8417 6105 9082 5836 8967 2285 9926 6245 2948 2562 2990 9784 8865 6027 8641 2777 3533 860 5744 5277 8234 8143 6879 1436 7994 3786 6681 8003 3984 8592 3303 943 9049 6439 3005 185 6357 586 7872 2490 1181 8110 6652 2452 5799 2462 8720 1614 7518 4153 1171 5718 9835 9560 9031 74 6704 7862 8599 3055 9947 6097 3911 7723 9775 2346 6331 1568 8446 7041 7265 4386 7036 2402 
24 3000 4001 4271 5348 9989 8673 1735 4934 6392 353 1958 5250 7037 263 5158 2933 8119 118 5086 4203 6661 3587 5645 391 8699 887 5641 6589 5587 6495 1651 3432 8436 9989 9020 1995 668 13 981 1824 8702 1365 5902 2087 760 5213 2658 5851 3805 2438 4124 7487 8596 94 8801 3192 2871 998 557 4646 2659 6450 6502 5790 1711 2068 2980 2723 9061 6753 9695 6734 4705 4782 1954 453 3415 1021 1038 7128 6669 9263 2700 3029 2711 3696 3784 2972 4735 3492 6971 8973 7192 520 3654 2029 225 188 4929 7013 2226 
25 3000 5408 719 708 524 3682 7019 2956 185 7324 1267 934 957 6791 5842 6563 2317 7156 9684 7026 6664 7693 8037 8428 622 4592 326 2569 4475 6801 6147 6849 9726 4990 9394 7292 4782 3641 500 4702 8759 6262 6810 3939 3418 3726 1081 6321 3226 5739 8094 5150 3532 5428 9409 4368 6884 7055 6233 331 7459 6857 413 6712 3620 7014 3562 2530 8602 2735 4301 3300 9320 2472 3636 5313 3301 1267 8444 3035 3746 7208 3105 9639 2711 1024 9242 651 2415 8798 3593 734 4677 7809 4006 3585 8470 5494 3564 4967 5608 
26 3000 1539 2829 8857 4554 3095 209 6725 2353 3116 462 9938 4689 1826 1310 5286 4074 1306 8190 3634 6149 3210 7122 1698 4125 9606 5706 6951 1335 6942 2244 5649 1922 3130 2985 3980 9647 7768 7498 2346 4822 5475 2163 2763 9366 2358 1800 9388 9995 5600 9407 2174 9523 6179 4037 3643 6302 4701 6791 8792 1776 373 4942 8119 6167 3085 4176 3776 2285 8630 8968 8845 7456 7044 1078 9741 3587 4066 6166 1739 5346 5734 8547 7629 6471 6094 4055 9489 4205 8045 1042 3590 1854 7300 9500 8424 9467 9479 8304 5854 2652 
27 3000 320 588 5393 9503 9025 7234 1605 5662 4716 8501 4634 7500 6032 3765 3856 3430 3844 9392 4656 3334 7088 4737 8328 6129 1737 6260 5108 5445 2888 9776 320 3435 9977 823 3659 2712 5118 3163 1587 6402 4569 5397 2868 6331 3322 5715 7213 9334 2817 4767 7063 1685 1781 6656 2488 1662 198 8064 9216 223 6390 5493 9782 9820 7239 641 7813 1331 1525 3892 5420 9118 6390 5945 3735 4212 6929 7551 6557 5619 8902 7394 7132 9758 4577 8078 8053 8013 1696 254 4292 2424 5559 4862 9348 9491 4244 3507 4525 2107 
28 3000 6947 6952 1337 9620 5443 1736 7032 6015 8679 4929 3246 6222 487 6992 7781 549 426 2782 9505 7243 7745 671 6382 3172 8472 9786 6624 2634 5633 5390 2966 4288 2586 2371 69 6219 9492 6864 5052 9114 2899 6001 1136 7577 8463 5776 4430 9558 6780 7048 3826 3913 2358 9657 4031 6090 5706 4670 1718 1934 8542 4756 4804 9623 2142 2679 4850 9725 8799 7919 2591 3382 6415 1422 6587 8620 6216 8465 5000 4781 3589 9655 499 5083 2050 54 8284 7301 335 6417 7238 2578 2611 2571 4211 2360 1817 2905 1411 3448 
29 3000 6129 3994 6943 1191 8553 4347 8453 786 9636 2273 9910 6718 3304 1883 1506 313 5834 7204 2684 5427 7938 4433 8292 2251 9979 2302 7855 9246 311 578 7985 3200 6746 6680 7904 7415 1140 430 8094 8012 7111 6919 2081 8366 878 7509 1330 1664 5224 8949 3279 1592 6589 621 2485 1138 5284 9917 4907 9530 8826 5728 5305 7291 8412 69 7768 9427 8500 7825 9367 6732 9530 4619 6932 5223 3760 2815 6954 3697 4233 5630 8612 9419 6866 9386 9926 1926 5664 3882 7037 4960 1064 884 6602 6531 1392 753 1331 7100 
30 3000 7461 7186 8629 5883 282 90 2383 5287 1903 6579 7858 3473 9375 89 9728 5031 1843 7633 3223 9798 760 5163 8414 9783 3224 1075 7610 4232 8449 7823 5886 2807 7349 1668 4737 6899 5255 549 8854 9057 7757 80 6027 551 9664 7668 172 7051 7098 4764 7482 2442 2708 7228 5709 749 4009 3831 6561 6203 4848 2872 1230 1421 9990 6925 9050 3716 2839 5712 9266 9530 6273 7098 5942 6992 6613 6210 5989 6602 706 2685 312 42 6149 6044 8092 7104 4620 9181 4186 754 8351 9991 9657 315 9709 1111 5423 2770 
31 3000 3921 7797 9037 2204 4904 3912 4586 7357 4236 6054 5724 7307 3244 5800 1819 5284 8220 76 7232 597 8758 9654 3719 8698 9222 5772 5962 9362 3334 4881 216 2997 1890 1519 6088 5078 3599 9301 1442 8706 9046 44 423 5290 7787 1014 4611 3354 8560 293 7299 5476 2623 279 892 3343 225 9306 7440 935 191 1389 2284 5831 2636 4097 839 8650 4810 4545 8491 601 58 3522 3629 9172 9913 7730 3795 1937 9308 160 4963 8490 4918 8586 3938 502 6625 2187 3886 9907 2105 6289 2986 5209 4546 5246 6209 5917 
32 3000 3488 3423 216 5101 8785 4328 1388 77 7697 7853 6980 1219 5103 5645 9395 8885 6843 4605 3588 8483 6183 8504 7594 3652 3402 7736 6180 7566 8510 7183 7619 2378 7085 2214 3599 6767 9241 2805 2245 1629 1715 5787 4271 3885 3083 5214 2263 8411 2100 863 3075 8099 9165 4851 3360 2041 910 6384 8221 1838 7916 4626 2989 6030 5552 9697 8124 2659 7939 1795 7244 9950 5043 8436 8277 5121 2886 9835 7739 1314 6889 2392 8132 2658 8333 319 8479 7449 3953 5386 7969 9460 8652 4791 2738 7372 1339 7153 5771 2339 
33 3000 3894 6639 9931 3664 3259 5206 4106 2612 6653 2973 2491 4344 9912 6719 6992 7973 8951 6500 2745 4749 4359 398 6780 4367 9108 7394 9786 9402 9398 8359 1025 7866 8617 5179 6350 3892 4437 7999 9363 6544 9021 596 5691 6748 2370 3874 385 2353 8784 7485 8454 1313 6453 9574 8511 2995 173 4653 9554 7618 7180 9596 867 3801 6125 7757 5047 4260 9154 1221 4158 9603 7128 1171 9007 275 7964 6387 1546 6609 8094 9866 400 7014 7062 3568 9521 4281 5233 1285 9961 17 4637 9642 4779 7206 2929 7215 7066 888 
34 3000 486 1775 1097 6974 615 5664 6610 9172 2895 9287 6206 4052 9646 2736 5879 4226 5512 5534 8666 9658 180 4506 1427 7098 4219 9778 4745 7639 8044 8894 5953 2401 4010 9066 5288 6342 1618 7542 5169 187 5866 103 2598 491 8703 7686 4684 7821 3629 1126 7305 3064 3400 4033 6873 1860 877 3782 5246 7163 2984 637 7751 9922 7801 4999 4338 7893 4778 2772 3855 2569 8075 8865 1453 4239 3029 8807 9112 5173 5738 8500 9293 932 5783 2083 1717 9799 2063 7933 3265 336 1762 2785 1007 7074 2435 3977 8355 4313 
35 3000 7232 9821 4338 8065 3226 8101 6006 6104 2887 2692 3957 6155 8667 8309 990 2200 718 3372 3880 8914 7729 1012 8284 4221 891 8180 6765 9979 990 2905 9946 788 8619 9655 787 924 7519 2841 1987 9398 1041 8433 6514 3139 1742 3707 1252 8302 4093 5118 3782 9704 324 4296 2286 8377 9386 2164 8569 7261 9041 1187 4218 5002 1079 5742 9872 7893 9654 615 7630 9932 2755 7620 6578 999 6788 349 1436 3175 4297 7037 4343 5165 4801 1566 9753 4865 8760 2578 2466 42 4664 727 8779 7141 9249 4048 763 8221 
36 3000 835 1451 3667 6015 5792 4347 6443 7108 8132 6389 5401 3252 2218 1347 982 797 8610 9101 7667 8246 3026 9765 6999 1947 8435 5930 3736 9891 268 3039 5131 3656 4760 7879 3330 8458 417 5204 905 1339 2599 2481 9503 7471 1245 2763 1620 4597 1702 5680 5512 5580 8699 6566 3214 9097 3431 3701 1697 8438 3775 3684 7144 8446 7633 4928 2352 573 9392 9284 7259 6064 9517 1780 2600 7267 7267 8502 6677 7063 6530 2582 5269 6428 4793 8322 4656 116 5228 3442 7770 466 1909 9448 3474 9338 8153 128 8965 8169 
37 3000 7982 8178 5300 6158 712 9940 6049 6575 8673 8282 9072 1193 8044 3587 1421 2850 2820 2877 7369 6127 1901 7059 9560 6162 9309 6298 3289 5581 7523 3508 3901 9557 3949 5978 7322 8992 509 5116 3708 1830 6350 4319 4225 2486 3694 4974 950 9406 6794 571 9899 753 4028 8956 7177 8211 3112 2701 8261 8923 9443 7597 394 5547 7559 9276 8121 4441 5734 7961 1935 1969 3689 1331 57 8939 3433 5522 3339 3158 3230 4246 3290 117 4684 6038 3228 1799 2958 9625 2558 3612 114 7424 4175 9451 1574 7164 4990 4876 
38 3000 5714 1629 9586 8427 6577 6533 6987 1051 9712 6510 570 3666 1140 9244 1087 2842 9445 7708 2819 4611 985 535 2850 6396 8237 519 3476 7078 1258 1233 7727 5172 2275 1776 8019 5139 3403 9642 7935 1819 7481 1719 7126 2991 2039 3408 9336 52 6388 5870 3558 6832 1833 1398 8309 6523 5015 6911 9031 6739 4375 5576 8624 2701 9744 6556 1091 8541 5056 2876 8321 6742 4192 7427 9988 5692 9940 7078 6581 5368 6088 4930 5553 1149 2639 682 602 5741 4147 9129 4072 9246 1189 6784 2477 7336 4946 6622 5160 7569 
39 3000 4925 951 6065 3817 9796 2413 8640 8830 1357 3097 3867 4915 1623 1791 1411 2746 3042 9353 3902 8298 1836 2203 4331 7907 4462 3949 6582 1450 7207 5129 9084 3657 8898 1085 1587 3543 6744 7957 5064 1967 5303 6805 4739 7315 8567 5858 6240 9310 5181 877 4876 943 6782 3662 8040 8534 9460 8662 732 9917 8354 7731 4220 742 5363 2993 7807 8918 9988 7838 3741 7163 3293 6046 5241 3692 4998 9034 7646 1025 3696 1223 2696 2922 186 3535 5932 9438 3945 5016 7224 109 2713 2583 4424 5260 5211 8892 144 5439 
40 3000 6978 8335 1656 8977 9339 1161 3920 7667 1492 5726 5738 578 5723 8856 9031 5985 5750 4351 1239 1428 8181 9603 851 1899 7110 340 6056 6145 1828 3500 6519 1106 7666 8228 8289 4471 9956 4992 1819 5366 1124 2835 3123 3154 903 4743 8052 4379 9674 1140 9695 7816 4932 1513 8909 7661 871 4154 7971 4833 1104 4033 7352 6415 4503 8795 5624 3206 4157 2880 2485 5409 9470 9768 4908 6439 1373 2351 6427 4853 661 1432 9530 4412 9461 2339 1193 2267 5822 9681 1527 5260 1428 208 5563 4365 2439 3818 8143 7241 
41 3000 3456 2668 1960 8921 4608 8427 8701 617 1773 7647 3327 6653 9910 5254 1478 9527 9533 6173 9997 3091 6290 5074 583 3861 3688 4242 6570 453 8927 9573 2829 1138 1866 4696 8792 9525 7113 3219 4609 8375 9240 9098 422 1530 1124 5137 8771 3971 5410 9607 116 5 9101 989 1495 9573 1273 852 8295 2679 3918 4842 9163 1956 5901 1808 4023 3343 61 1046 5239 4899 3415 7670 1882 3730 504 6111 7142 1054 9857 1732 8846 5383 3581 579 3120 3829 72 7253 1158 1540 9862 902 9128 9257 4576 9344 1201 8999 
42 3000 9029 1313 5699 7872 6435 6831 4377 1 6750 5703 4822 6588 8137 4140 5982 4098 1555 9499 6817 567 8473 3164 8077 34 1710 1534 7207 5101 9403 5146 6368 7616 2092 5924 3596 7483 2938 2547 7076 9592 1064 3945 2545 8882 8014 922 3818 3522 7351 5903 6442 6221 7365 801 4474 3659 6915 3017 381 4048 4396 9557 8071 2817 9827 9284 9038 6415 65 3284 1650 4250 7147 3364 3542 8748 9752 8672 7148 3530 7794 446 8353 9727 136 4881 8268 413 5426 4129 8135 3160 6069 5418 7353 724 5310 8297 4633 9854 
43 3000 7453 10 2269 8225 1200 8990 3547 9495 6114 6480 3269 6493 2211 6280 1407 2521 2675 2620 9878 794 9696 6151 2449 1996 3436 8071 7761 9961 4117 2368 5487 5486 7241 6192 5602 8263 1924 8352 791 6935 2364 5938 1975 7284 2428 9062 6963 8538 3372 3736 2226 7801 4675 2862 7806 2617 8009 5358 5339 1651 4325 3399 9208 3497 4068 7796 819 3612 521 1481 6007 9378 6265 1138 5561 3278 2771 6945 8876 4214 3114 445 730 6931 7815 540 1189 9584 3804 7620 8632 9417 6509 5797 5903 6571 5073 3288 9590 6022 
44 3000 692 904 2428 7634 8081 8672 8822 4347 65 584 3505 8483 5290 7463 3311 6182 9067 7966 2080 9957 7333 7699 8685 9382 3746 6465 8180 9895 9893 3637 6086 9739 8637 1652 5785 5014 577 7632 9053 2864 3638 3132 9707 2783 5790 2009 389 6053 881 6418 2462 3297 7611 937 9042 168 1611 4807 1147 1154 669 2308 6976 1513 3059 1253 4312 7329 9015 9609 6048 3702 5316 244 8840 1048 3001 3798 4883 9541 8210 9676 6817 1665 6150 5176 5749 2900 8182 2728 2410 534 2037 5269 1430 590 5157 9738 8740 2889 
45 3000 1159 8696 2103 4233 9424 75 4760 9714 7812 5047 2214 2144 8504 4019 2127 9620 6965 758 7351 1201 4034 4632 2077 720 1138 986 1117 8719 8635 9634 2303 2505 7273 1484 2013 4333 2788 3279 3826 7716 3612 473 301 1861 1714 8227 7875 4224 6569 524 4892 1192 2243 7424 2756 6898 7610 426 209 149 9691 5973 732 9487 121 7064 3072 6372 4736 3009 4895 6491 6290 7294 9565 9190 293 3578 6043 5036 3977 9817 1917 1497 8386 507 9554 6753 3591 7056 5375 1626 7028 6282 2260 9645 4966 7029 5075 5224 
46 3000 7093 4921 9324 9972 4234 5225 2925 7128 9189 3852 1114 4119 700 6478 4472 3240 538 5786 78 470 3720 6843 5784 2400 1848 591 7619 1291 9572 5471 318 8263 4185 7168 970 4597 8333 6483 5801 1174 5856 5329 70 6031 754 848 1102 43 9277 7665 4436 736 5136 8253 3107 4218 7850 1429 42 5235 4203 8981 3595 5361 2839 405 6192 9301 1976 5786 6113 9326 244 6787 2393 7834 652 5770 2850 8030 7677 3049 5235 2736 7478 2253 1513 1328 1236 3826 5262 4787 1621 6650 2201 8892 2380 7787 3846 5519 
47 3000 1051 350 4281 2082 4804 9505 67 9088 9408 6586 3263 5822 1316 1341 7583 4156 2884 2310 7673 478 708 5312 1509 5759 7092 72 5931 3728 4635 4967 5289 7186 3947 9892 3225 2439 4488 7264 7572 1854 8535 1137 8384 4545 8269 4447 9087 5180 5992 4391 756 917 7466 5914 9518 6459 8378 3337 7081 7242 3930 99 4380 739 1553 6629 8365 5896 6746 6343 1893 692 2047 9764 6760 7819 9113 6770 9855 8495 3942 6962 2433 4392 5212 8164 2521 7700 5744 3038 444 9308 7091 3839 7476 5112 7257 5277 7621 451 
48 3000 1531 5520 2510 2663 6457 5311 9435 1770 6923 5215 2493 9286 6372 991 6873 5151 148 7089 6249 2791 1953 8266 3316 2298 3445 9340 3434 1742 6948 3054 1412 6602 1292 6076 1408 7327 780 3118 9953 5019 7276 9186 2110 5238 5421 9945 746 9943 973 219 8936 7544 2268 613 5492 1086 4817 2257 3612 4564 9014 9675 2659 7347 981 1788 3067 6745 6529 1028 4360 8689 8249 587 6312 6538 5728 9789 3222 8016 8889 7584 1313 268 4454 4171 9266 3045 5534 743 1866 13 4345 7359 6782 8184 8050 8938 4471 5478 
49 3000 7717 9382 1201 6404 416 3823 5208 5871 4431 8991 5971 1117 7598 1712 6614 1774 8773 5531 9434 8048 2421 5454 4555 7025 6330 821 1700 7111 2449 6303 5101 586 859 1022 1520 4287 6855 5797 1404 8421 1168 8517 3163 3495 3300 7634 570 5374 7990 3786 3291 8467 4806 9543 535 7036 855 7279 7834 4627 6630 5163 6941 1629 4967 1290 8863 961 3142 5915 9 1876 8080 1835 1468 1897 4697 2878 1414 6876 7369 527 631 9176 4514 8666 1165 3981 6311 6449 8103 3728 5544 9298 4473 669 1557 8027 9274 7549 
50 3000 7352 6080 8628 6420 9803 4911 56 5572 2991 7474 9879 4592 4673 9846 3750 7548 5871 975 302 4295 3587 548 7927 9914 6641 4987 4678 2265 4640 1576 1299 7673 63 698 7371 4739 3477 6212 596 6268 1881 3951 9197 9333 165 8335 7442 3456 5703 7126 4302 6915 6070 4292 5226 1182 9874 1009 7041 3478 732 4778 5982 7457 4349 6671 8844 2018 8741 6705 7259 8233 7569 7338 5099 4409 6609 5086 9002 9272 3338 273 2024 3275 9649 4900 420 8030 7694 8644 3542 3869 8845 2975 6868 5525 5788 3404 8154 5943 
51 3000 7733 9857 6715 8214 8757 5165 5820 5630 9270 1690 8225 9871 600 6069 4825 7312 2713 2087 6430 3457 5051 1670 8665 5498 494 4008 2 2998 2455 2803 2910 6700 5092 1634 8133 5461 6646 7460 2090 1308 5910 2239 7407 2625 1816 2670 6563 5460 6151 8070 8674 2960 9396 6367 9391 2926 9692 8221 3929 3501 4927 9270 3219 6974 7956 503 3183 1720 4936 6754 7143 2252 6794 3325 1341 7407 3813 730 3594 6656 3352 7567 5073 4538 682 1515 5204 3213 2952 8454 9694 3155 6280 9710 1687 1951 5965 7431 6036 1240 
52 3000 9830 8075 6711 1773 4684 4040 7323 6590 5916 3402 4776 2335 203 7793 6047 8688 1358 8392 8085 5921 9289 48 842 585 2089 3528 3423 9316 1256 5884 3361 770 27 8953 9027 5681 4846 5975 5148 5047 9951 6342 1467 6432 5095 8466 4516 8408 6377 778 2518 3109 216 847 3418 6913 432 2628 6033 9254 8470 1831 4328 9556 6730 9417 4822 2288 5041 3223 7111 151 245 7703 7524 5383 8914 1802 5899 9198 3189 4952 5484 9338 9746 1192 5967 5762 1884 1414 9626 4452 4743 3736 608 9348 3639 1997 7330 2404 
53 3000 5535 2375 8007 1776 3625 8140 9305 8124 5051 2519 8117 9054 1746 9694 6466 1668 4394 3924 9533 3255 9522 6791 6808 95 9715 2568 6369 4393 6956 1721 2282 9340 9090 2523 5130 2294 9415 807 5666 6090 9394 7833 1589 8474 4499 6283 7446 9661 3173 4386 7662 8016 8921 8162 2688 3868 5525 1793 8282 1439 5382 6119 7911 8905 971 5259 8276 6578 9442 1359 7966 3217 331 7460 9236 458 6398 8498 2908 5376 7597 419 6398 1167 8159 7433 4872 5957 6811 7378 5517 9734 118 5220 4950 9410 8941 4674 9739 2002 
54 3000 8033 7949 61 5939 8751 3619 6477 502 4896 2618 9832 3374 1679 2365 4287 6332 7810 9006 3468 9047 713 7789 9744 1027 4865 1554 6630 1667 3264 7361 4314 8438 2014 1233 8310 3194 8043 1024 1232 6605 9942 7423 7702 717 1933 3065 2373 9633 951 9788 1083 8325 6867 3993 5133 9565 5825 150 8685 8985 6703 2411 9297 8260 710 4363 1569 6416 4095 6894 3921 9265 3990 4192 8500 6963 7373 7863 4201 9693 3159 9181 2825 1475 7414 9458 8353 2096 1697 8536 9347 7175 4522 1416 4482 6340 5948 2995 1196 9540 
55 3000 5296 945 7464 1480 1989 6704 6708 4174 9512 4598 5817 7636 2509 9091 6302 8683 6992 149 8574 7869 3685 6744 9348 4548 4485 8468 2164 52 2054 5283 1048 9003 2535 5394 7282 8748 1390 1238 9310 6911 2364 3614 5764 7085 9578 3921 1620 2635 2740 4534 7467 8631 5488 7301 1920 1913 6855 158 7139 9268 5855 1882 7483 3740 9201 4957 1293 9067 2146 6575 5786 2234 2443 7752 5089 4163 7442 576 1387 8516 4296 3580 9202 8631 3309 5237 2797 2583 4396 5578 6700 6362 6676 5944 9359 5187 1182 6852 9918 2935 
56 3000 6706 3993 8121 9703 8763 2353 7336 7492 1676 8460 710 4011 3799 753 448 4617 5848 8081 210 2367 2372 6321 643 6207 6343 3126 8032 7278 6866 795 6077 3350 23 7271 795 1379 2836 5260 8549 8196 358 9477 7198 9307 5887 2020 375 5836 4306 5863 4892 9576 8547 6478 1263 6176 9184 1580 7360 6450 7144 9003 5190 5810 9548 2689 793 1823 8678 6814 7274 9897 4064 8033 956 7089 7700 5849 653 4037 2384 1112 75 5020 3184 2640 3355 6141 2023 1962 3701 1638 5402 6193 5176 8314 5231 9026 7595 8095 
57 3000 2801 9858 4556 8720 5869 1030 4594 2543 8876 3204 5452 3468 6285 8857 1491 2010 9046 3900 4213 8477 4188 7426 5912 4278 7530 9582 6456 1358 9524 7562 3184 9756 4219 9732 3940 3287 1349 7873 3217 3353 1553 7555 1442 876 4708 6628 7374 6356 1398 1849 3633 8055 7504 3626 5350 8305 1916 8885 1949 7942 7378 2075 2044 8866 4445 4279 1470 4720 8582 468 4434 9705 371 4866 7793 5510 8855 4453 8456 6370 8003 580 3909 2250 6297 8716 5873 155 9450 6322 7075 3564 6244 8845 1155 9985 7494 3841 5691 6643 
58 3000 8143 3217 8352 4286 2468 3606 6175 9118 2428 4863 7968 2861 9125 6683 9837 933 7394 3350 3838 8763 3519 6607 9755 6221 6073 6652 2 175 9880 1259 7649 5180 3108 3025 7579 2281 7482 4741 758 5948 1627 2886 1644 9140 7527 9251 8712 6478 121 683 8103 5565 14 6958 408 6411 9317 6773 565 8996 615 1875 889 8953 9053 9297 7221 1374 7553 1737 8211 2749 5153 6052 7716 1017 8473 9876 327 3759 6304 6370 25 4496 7321 7091 1954 7133 926 2990 7328 8508 1213 3531 1454 9084 4055 3937 4887 1752 
59 3000 7319 562 7705 8767 4209 4390 6916 6804 9728 2649 6979 148 269 8564 3461 1993 6330 9224 9814 3884 8353 1581 7273 3272 5689 6569 7891 9198 8689 1348 683 6101 3918 9682 910 5751 2494 429 2477 7311 1553 4162 3462 5517 8842 7919 4769 6990 429 8073 1906 4663 1547 1326 9883 349 556 3830 1244 5417 6033 8436 7218 9605 6990 65 1995 7949 6210 9198 130 5848 6714 3507 7071 2242 1350 7591 2807 922 5508 855 8651 9968 2961 3503 7139 9299 4827 656 5058 6365 1662 4605 9598 9950 8673 5176 7630 2110 
60 3000 4059 8228 8109 8226 474 2275 7601 5193 9619 3233 8931 7727 9955 7287 2969 2796 7545 1892 3524 2182 16 4890 5377 3164 3652 1759 5430 7322 3606 983 6986 7480 7241 7546 7147 2755 596 4559 7346 1745 7974 3000 6999 3838 4658 9586 280 8646 2750 2773 6021 3560 137 6873 748 9437 2579 4302 4824 4407 8926 5952 1731 5809 9457 9684 474 246 7344 6951 1103 1770 3242 7545 3369 8193 3006 2468 8503 5516 8528 4924 4112 492 1703 9446 2214 1307 1520 9139 385 6390 4274 1051 6037 1344 6910 9669 3824 4009 
61 3000 3482 8542 6165 7642 4750 24 6898 2225 889 3150 8059 3903 7330 9625 9780 2539 3729 7952 3321 7398 6051 5674 7221 956 1788 9745 6573 834 8299 5031 5430 9856 4274 923 2328 4233 4323 6091 8944 9871 6693 1349 1867 6807 4107 655 7506 1763 7728 232 114 8833 4248 5810 2940 8291 6106 8003 2509 3526 4827 5799 6023 6096 7483 8187 1887 8917 6288 3899 3363 7567 1310 9282 5348 9724 6311 4294 4274 2722 7713 6628 1137 9234 6687 3954 7649 1081 4367 4290 5515 1168 194 4503 8836 3540 3372 6926 9636 1566 
62 3000 7470 4103 6514 4247 8125 1665 6421 654 3891 9321 9566 2479 198 9982 7436 4725 6444 7008 3955 4511 6210 9574 9761 8009 601 6172 9602 5499 4707 6231 2870 4554 7196 9858 7253 1348 3030 5716 5507 93 9301 7015 5363 593 4197 5636 2555 3928 9096 4377 6967 6267 3774 7321 1916 797 4750 8336 6552 7783 6749 7694 1385 2753 7292 6817 6938 2805 4412 1151 5525 1041 7490 1155 6150 9124 1224 1431 2539 7967 2718 7965 4290 6534 1696 3498 1151 8779 3842 1023 420 8703 7263 5407 7475 3538 2085 3136 9427 5054 
63 3000 3159 186 1894 8994 5909 8021 8907 2635 5292 7710 5934 465 7887 2177 6034 7997 7116 6572 9135 3703 1577 6763 4437 9069 6513 5962 5935 6780 8400 9468 1077 7029 2662 7540 2536 1952 4511 6392 3118 8184 2914 7314 3783 7544 7679 3917 4804 5843 9673 7509 40 9819 4158 585 4337 2192 7262 8450 4061 4852 5563 8967 745 167 8807 428 7870 412 5747 7547 764 5333 3106 5584 9633 7829 7671 2590 5710 7757 1504 9777 533 3873 286 18 8351 3882 4774 4463 1646 2629 5402 7289 9789 8403 9985 8568 816 7372 
64 3000 4566 5266 6329 6143 7379 363 9528 2441 5937 99 6357 3925 7250 9342 9786 5114 1160 5092 7212 2450 6813 8093 987 7483 2241 2586 2066 8173 7083 4175 6793 8331 8421 5828 6795 5173 9749 1993 2012 5004 3056 848 6853 7031 4048 4672 9468 5289 484 8336 4153 8707 3641 5933 6877 9286 2907 5514 3934 8412 3490 1968 3722 1286 7263 8012 1644 9484 6728 3315 8132 1642 2101 1743 9807 2262 1537 6732 3749 8648 4457 4780 4905 5963 8024 7073 6612 413 6727 9227 4250 556 5095 9162 2023 6735 3543 3097 2858 8637 
65 3000 7330 9671 1431 976 8651 2188 325 7303 1855 8990 9300 1937 1781 1952 7702 28 5224 3105 9987 5736 5526 9379 4372 8540 287 5475 4616 7677 2212 4864 4920 4692 3069 8903 7955 4130 781 4086 6014 2339 9643 7412 5289 4406 3658 9882 3275 9214 3006 8122 9296 2628 3630 4124 8156 8800 9954 3123 6920 9609 721 9590 4813 2210 7959 1352 6249 4728 9067 1842 6983 57 2037 465 3388 7801 3788 1100 4858 4330 1632 8715 9335 961 7866 4117 1961 272 7486 6824 6855 530 9022 6056 2018 8252 8512 9861 7357 8891 
66 3000 6585 2360 5838 5641 8677 9117 7765 6372 8372 634 8182 8687 3867 3975 7398 3111 7561 2512 4643 4391 8769 3793 4842 937 9566 5540 8519 2378 3744 9772 4824 5244 8912 5046 7687 6778 1702 6833 5091 6865 6112 6014 1480 8096 4974 5496 3281 3948 4539 4964 7561 5092 2194 3748 3800 3829 7303 1823 8797 6648 5168 8925 4696 4909 4124 1802 137 3652 5749 9581 4536 8530 8209 7269 5484 868 2717 7367 9278 847 3128 9625 4571 8811 8649 8906 9149 4703 9685 1183 9836 5623 6797 7663 5517 1510 2796 7033 3297 8950 
67 3000 7959 5827 7769 3114 8364 6928 3427 7812 7360 6182 185 3680 153 7152 2031 4484 1523 3983 8809 1559 6663 2399 1117 6364 5144 8828 8333 1168 8006 7644 9772 7857 7969 6539 8962 4865 2778 21 1042 2240 1666 1032 3295 4820 4941 698 8799 3546 6704 6196 3201 4893 689 6751 4622 8431 9224 7761 6687 2509 5328 3038 4671 8058 7918 5182 4782 532 153 4077 6560 9962 899 3509 8405 9141 9318 5918 6231 9932 2581 5261 5243 7704 6713 8018 4836 3885 551 2304 6626 6653 2840 5121 5602 9739 2445 7725 4401 9362 
68 3000 1689 9125 714 9288 2823 7705 7809 4015 7609 965 8186 79 43 3397 356 5489 2186 2480 8739 7286 3138 2800 6693 7225 1118 8296 2670 5585 8689 2633 9488 3103 1088 7695 6736 1029 7701 211 6301 9316 6642 6494 1021 2922 2478 5319 6460 6248 7061 8916 5814 5695 3498 2089 7935 348 3238 9468 8485 783 6287 873 4214 6003 4551 4816 360 8496 8296 119 1178 7416 5742 5659 3592 9896 5775 8244 3974 478 3787 8604 8043 8673 645 5514 3895 4644 4775 8041 8153 3018 7380 5913 5247 4811 779 8017 9816 7499 
69 3000 9874 9021 2233 3189 6736 4116 7259 4937 8322 1890 5820 1176 7317 5325 9910 8279 6094 917 619 1237 3806 5919 9282 2474 6605 3718 1759 8775 973 7328 5839 6348 197 1009 1762 4008 3949 17 5877 4480 1009 8472 7415 3842 5101 5358 8396 9075 3857 8638 6652 3750 908 7507 1979 1838 1101 2757 5419 9642 8835 5278 1659 5855 9528 2675 4559 9745 4208 4017 5804 7462 7225 2708 6682 6473 7091 7481 2985 8120 448 1521 3038 8305 9156 9708 8851 6296 507 3995 397 1661 565 6895 3011 9330 633 3110 7920 2774 
70 3000 6839 9271 5899 5317 2856 1815 4038 9567 5737 2975 5657 4977 4881 4906 3323 3526 4127 1928 5007 3532 6962 899 3362 1580 4865 9710 8125 2583 8774 3906 1640 7968 3669 1433 7517 1981 6293 5509 2405 6122 5991 5619 896 1704 8671 6636 3551 536 3896 6071 8053 3733 5103 9437 3486 8646 2936 3752 7734 3925 1714 9155 8013 2700 9023 8657 4518 3889 8425 6007 7203 1636 5304 1691 5684 2863 5829 7053 2267 2958 9041 6540 8097 9583 2071 8074 2437 4608 8479 1549 5072 4166 9719 5449 1834 6842 9727 1597 3257 9978 
71 3000 2638 8026 6350 4108 3627 9971 9504 5514 2870 8997 517 6915 2637 240 7746 6269 7503 7779 4386 3714 7696 8132 5870 6617 5551 1880 399 2769 5108 3409 2593 1683 4824 8782 268 4035 3412 1739 4338 9218 8808 7812 1845 1029 259 6576 2108 1476 3539 2017 6002 2711 9286 1030 8360 7089 4473 39 3502 5352 6992 9745 3883 2939 3369 7993 1875 4415 9609 773 4668 6035 5157 1338 2296 6425 9986 7451 8790 5390 4816 6755 6456 849 4453 271 3276 3892 4251 4018 3437 1966 9704 8760 984 182 9163 7875 6593 747 
72 3000 9670 3354 7477 526 5929 9918 415 6725 2392 7270 7899 696 8474 460 7417 9874 6896 8386 3849 7836 5147 410 5001 2483 73 1109 254 2347 5594 3146 2340 1028 3546 8260 2248 9752 7639 6394 7247 8052 553 2938 2044 2579 4151 4100 3055 4036 2817 403 5812 2233 9924 8305 5488 9276 7422 9947 550 870 8552 1021 9537 5757 3688 6770 962 3272 9301 6107 6337 9029 47 3858 6331 8726 3986 1140 41 81 918 3851 7397 2892 3848 9295 4692 7218 3579 926 3229 9686 6424 1218 1104 7931 5047 2665 8102 3148 
73 3000 2427 6898 3730 779 8949 1935 8368 9321 2618 7548 7544 7259 2398 8761 9338 8125 4681 7473 4909 3682 2870 2202 2150 5232 100 5953 2460 3049 5075 2222 650 3940 1032 9111 7971 6926 7835 1573 8262 7051 7185 1790 7234 7317 961 7661 4865 8741 2687 9431 934 8541 2121 4428 3669 6442 2968 9944 1526 9108 3722 4223 8090 2708 1630 5586 104 3591 9782 9677 8621 7100 7325 4833 3280 4502 2805 5581 9712 8052 629 4259 62 4169 657 760 6645 4752 916 406 8721 6608 3440 9944 2403 9014 3234 1665 3674 9399 
74 3000 365 5650 4551 7155 5179 144 2354 5565 6634 50 2111 1867 3772 3550 2087 5438 306 6851 2433 4098 2334 7058 6966 8545 9179 3167 8071 4917 7357 5190 4728 5473 7662 1398 3662 7400 5383 3690 3625 9751 3648 1097 2795 8498 9880 1395 9305 9722 5394 856 4892 915 8110 2115 1680 418 8392 171 2078 4979 8014 6504 1808 5435 2247 1323 6059 523 5078 3938 8762 8810 7548 1252 4996 8755 9214 4387 6510 6893 2746 3429 379 4138 1633 295 784 224 1029 9734 3906 6259 1718 8447 5961 5408 7197 2332 4351 1707 
75 3000 3901 1854 1937 6989 4535 5543 4446 5949 4541 1617 997 9324 1689 7724 7752 5204 8791 8813 4696 8463 9542 3136 5536 8318 7482 6362 731 4016 8089 3827 3644 8638 3992 905 9817 1036 3311 1501 9378 5890 1122 4677 2561 1890 4048 9395 8368 8048 7973 7388 6338 8131 8881 4157 1452 3218 6821 8090 2164 2382 2998 7714 1547 1503 9988 7057 1575 200 5076 9154 523 6888 6722 7659 3498 1961 4151 6598 6084 9105 69 8236 1128 4728 6498 9075 8636 5517 3748 3974 8803 4128 2501 8396 8166 2987 9029 8779 8878 6229 
76 3000 3532 1032 1116 9754 1604 7155 8601 9413 8823 9986 7258 7312 8465 6073 6988 6250 2344 6670 6570 2278 4777 6854 1695 5378 9674 2778 6109 8275 754 7036 5899 3370 4881 2164 6887 7799 8533 2255 5167 6617 7391 2713 748 4102 9052 8117 4336 3197 8870 8221 7237 3060 8921 2073 4383 4754 93 264 484 5052 7300 5296 9305 8372 7822 79 6070 6834 2771 4553 2990 8446 1680 434 7910 3413 218 4084 6093 8566 1027 7507 5119 9924 7694 7473 2914 3381 1834 2759 8897 3505 3307 9524 8268 482 3558 4807 9397 5168 
77 3000 2083 8140 4364 2275 6017 1303 2602 1679 2851 6191 7679 7855 6267 809 7199 7431 5111 3395 5831 4880 5474 4666 1457 6319 5913 8189 4456 1449 5789 8876 100 3613 6732 9608 4085 7975 7228 5975 1181 7837 340 9155 7013 9062 4541 6904 2959 2641 7683 2681 4179 5375 4088 2890 771 8679 4757 2256 2041 5521 718 7317 3912 5478 9482 8048 9448 7921 4639 7603 2506 3321 8574 192 4516 2685 8299 7073 4381 5115 4426 673 1505 3488 3252 6836 1946 8271 1978 5193 7692 9445 7044 7659 9065 6575 5596 5052 247 6984 
78 3000 77 1842 7933 2067 5941 9020 3107 1723 2493 5094 5948 6913 6852 5213 3852 344 1044 8407 2589 5280 2214 2966 579 2471 5969 9930 6292 5214 2838 4713 8778 2538 7867 6847 1319 511 3331 7855 8207 1673 4574 7248 4642 2595 8976 6642 9765 9565 8039 2008 2809 2393 2605 4042 2371 6345 1194 6661 8824 2205 1472 3621 9835 4456 4835 3271 9023 7588 4131 1414 7735 533 4494 2313 9946 9223 7311 7803 290 7274 7313 4544 5211 4794 2788 9388 7240 5316 8921 2879 2395 860 4261 869 714 5112 309 4268 9902 4735 
79 3000 4231 6914 2111 8802 4703 1568 3842 6357 871 4036 8971 2094 4442 5418 4905 169 4902 2471 1854 6132 7850 6116 5237 6988 6470 8049 1209 9377 6113 5494 5312 5885 2019 4072 4255 9478 153 8793 812 6057 1169 3185 1854 5148 7503 6534 9497 8704 3586 9258 5383 8041 9183 6399 8082 8900 5861 9252 3615 4626 6575 5103 9113 7476 8384 5103 9588 8058 8295 267 7840 2884 2220 5591 7482 59 7072 2298 9095 3084 5979 8214 9498 2792 6622 6259 4162 7408 2699 1071 2727 730 8520 3748 7659 8442 6715 4726 6028 2540 
80 3000 9079 4770 4407 3899 536 4094 6902 2951 6225 9613 6305 8495 1719 308 8369 4631 6366 725 9211 5820 9747 2596 5841 64 1274 4584 9811 219 2900 158 3996 3423 4958 3580 2495 8662 5132 4039 3658 2446 537 7884 6236 2622 2946 9005 8665 308 7117 7325 1460 9948 2269 5420 2750 7501 6664 3266 6924 6743 5327 1113 6412 3705 883 478 6588 9233 7520 3265 3794 9667 8087 9015 6496 5651 4297 274 9556 9069 77 6090 1643 8103 8028 3634 5750 412 9016 7947 2856 4448 4887 9811 8696 8884 4303 1742 3668 174 
81 3000 1716 2115 5857 8237 9448 7410 7190 267 2911 2580 2713 2664 8946 9548 2990 1094 7289 3831 9636 8672 5156 9282 3965 2272 4966 967 8768 6957 5172 6151 3216 8544 4232 3431 890 4280 7698 9974 927 1657 8428 6890 2304 5341 9927 2728 1235 2233 2814 5101 1703 4654 4411 426 9107 1649 1454 1798 7047 8424 5939 4986 7216 3904 4083 2555 2439 6418 8413 6111 2815 7505 2985 6671 5001 3846 1719 3161 4611 7330 9868 9038 1745 3230 8605 7032 9642 6514 2740 2020 6453 6281 1557 2024 150 8316 2781 7328 6549 5775 
82 3000 9669 7724 460 7997 1221 7890 9972 7430 5524 876 3849 4696 6214 9732 2058 1773 2066 7255 9425 3304 9712 3852 2407 6027 9475 3547 9001 6338 4341 8092 1764 5974 2042 9220 3970 5818 276 9013 8889 7838 5044 8400 2182 5141 2116 3776 7437 158 1620 1749 4814 954 5759 2010 2829 5660 9646 8332 3250 5033 5276 7688 9129 3137 8608 7501 5953 6155 9787 1008 5920 9320 6479 765 5343 1975 337 261 5175 755 6593 3668 4667 899 6769 3709 8137 5678 4521 7659 4880 3959 4600 1460 2190 5888 4944 1972 1516 6692 
83 3000 1894 7342 7736 8624 8531 5500 1563 1009 6142 780 5070 8440 8811 8667 341 7075 1132 8668 1253 9079 9050 5307 8374 5179 3826 7248 6991 5349 9125 4537 8266 7616 1235 3980 3507 4997 2401 2632 1576 555 7294 9423 9414 584 2600 4900 5694 5917 9736 9103 7596 1361 685 7557 714 3253 6969 5394 2078 5144 1729 9602 6310 1611 4948 9391 4902 188 1789 4693 8613 1421 4056 2783 3004 7061 4787 3021 7082 6362 5969 9730 5086 523 9378 3186 1382 5240 541 8740 8494 1396 5830 4069 8257 3864 2673 4540 6092 8444 
84 3000 2898 6711 8408 6920 9192 9951 3133 244 4697 6185 3364 9844 5720 7767 4143 7061 7578 3474 2361 702 3557 2629 9786 2728 7005 7343 9214 2060 6549 2894 3746 6514 4428 6215 9192 2861 7966 2519 9598 5005 4156 46 5897 300 7379 2931 7687 3975 238 2202 8134 1699 7530 4900 1998 263 3331 1329 6787 6384 1212 421 7034 3646 7581 3235 1698 7554 8142 4580 4693 8719 7492 2758 8538 4164 1833 7437 1138 6762 4809 5647 5682 2792 6474 5898 3674 7623 5383 431 1085 9522 3804 5586 7627 1588 6057 300 9159 1812 
85 3000 9983 2725 3213 1257 1530 4976 7645 372 2471 6004 2415 3421 1241 2589 4488 1042 6903 8462 5861 933 6238 1553 4715 6660 3961 9358 9694 4588 6058 2439 7307 8943 6252 6045 2452 4994 5596 9853 2074 360 5182 5847 1939 4448 1986 4308 6535 6008 7830 7936 2102 8814 1472 4099 2784 5482 3823 5202 9905 9393 6285 7182 4373 4759 2215 6132 2206 4801 1517 3045 3185 8064 8355 6684 2630 2844 1995 4582 6304 9751 769 2161 8443 2391 9161 9974 2900 6175 8029 9086 7430 5253 7939 4558 1092 7570 5634 7079 4770 8053 
86 3000 3618 2705 4833 9918 2878 731 9907 4105 8720 9692 780 6832 9733 1478 3428 5286 9881 3583 5169 1425 3717 9476 3939 3914 4722 7097 694 8186 6772 5477 4938 4622 8726 9487 3376 4859 2140 2706 1690 6229 2111 8416 9443 4312 1237 8729 8103 3622 6708 1828 2201 6416 525 7339 3602 9626 2834 9826 8913 9919 8394 418 6 6881 6167 6547 7672 4322 2030 9824 8400 9715 4620 2034 4276 1750 4293 9257 6012 6022 5219 4115 9101 8834 593 6141 3089 9136 977 277 3981 8579 5764 3493 9768 9703 7767 9538 9079 2242 
87 3000 936 1803 2956 7560 1197 4325 9762 1209 416 903 3201 3610 3490 2348 3478 8865 8560 1851 1570 1692 352 8478 6631 2476 6644 8795 6520 461 7852 6614 1453 5055 9747 859 778 5264 9295 1568 2883 7247 3620 4009 8214 7 2097 932 5438 9195 1563 2933 714 9042 4660 6958 94 2421 1299 2916 5056 9029 3249 8430 1152 1697 1852 1710 9787 822 8863 2542 3121 6926 417 1417 2097 1339 4115 6770 7590 5008 9241 356 4691 5434 102 747 103 1724 2492 4946 2671 7779 3283 8141 7033 3604 3139 1572 401 4735 
88 3000 2354 8528 2459 9806 9822 8468 8393 6226 5122 9266 5041 3991 3734 7586 172 7617 5379 7374 4891 6196 5487 6478 9160 1585 9781 1400 454 4710 1997 162 5542 0 4719 3303 5380 7948 3349 3004 3148 5793 3193 326 5397 6329 9679 590 6327 4837 1694 6868 5190 4148 8048 1603 6818 7819 7070 6361 5273 1451 9314 9696 628 2114 3408 3148 8866 5912 5010 5367 4908 3663 8905 4353 8767 4707 4216 7835 4825 8845 2745 1759 4233 6389 438 6915 440 6355 1974 3680 7846 2763 8480 4892 3580 9076 8372 6842 2398 759 
89 3000 1320 8399 4716 5958 5333 8252 7758 4312 6983 286 9836 3887 4736 7075 7751 6232 5421 1503 7321 9565 3821 6510 7032 81 5383 2966 4818 1385 2064 5664 7961 2049 1292 7441 6118 1301 8055 1427 7477 2828 119 1412 8030 6711 6367 347 3978 9485 8261 6960 7255 2323 4436 506 4187 7341 8412 3636 7261 2037 9434 3393 35 1844 6440 336 5159 817 5145 5782 5532 441 8263 7180 8578 6566 8839 1604 3645 4460 6721 7378 2539 2001 8146 3822 3169 979 8455 9117 6330 6531 7934 6309 5604 4702 778 7426 384 8127 
90 3000 7181 5722 2031 9837 8552 6054 3148 5199 5853 3374 9986 1968 1065 9349 7966 8473 1777 7112 335 9930 8901 4127 9944 2865 7514 3191 4149 7686 819 1551 2837 9354 7238 8151 9579 6201 627 9004 5912 6859 3611 687 8732 5318 4057 1964 831 4112 4654 3530 4543 5629 5639 5883 8524 1538 625 5318 7654 355 5577 8054 6063 3123 893 2473 3286 7219 6625 9495 3538 8293 814 1073 8116 321 960 6816 930 3791 8605 8732 7151 2012 7057 4101 4989 5547 2220 6470 601 4770 6566 4777 6108 555 6222 592 759 3077 
91 3000 1185 3494 5197 8751 8663 4560 8871 5289 9538 7995 557 4883 7956 870 2015 5515 4044 997 4760 390 9748 2926 9972 5492 7799 2061 1517 5274 3800 6913 2104 6459 1446 9468 2559 9979 859 3679 4228 1030 54 2095 4508 7260 9531 600 5493 5073 9989 1290 5755 4065 3162 3464 5249 9582 5790 2748 3334 3403 6705 8341 9929 2552 7047 8383 9793 6226 3603 3457 9921 857 5273 8205 77 3297 2659 1076 6442 2122 780 2196 8396 7070 4912 9365 8415 6599 9553 2181 5103 3565 512 4278 9342 9041 126 3708 3570 4239 
92 3000 5597 1426 4182 579 458 7920 7059 7865 9164 7952 6221 597 4806 3431 5602 2404 9949 4408 3953 8604 601 8200 2871 6883 3297 6631 7951 6111 5322 1407 3059 3268 8041 7613 7742 8508 3373 5329 7749 8339 3374 9382 8686 6934 2956 7212 2792 5565 5726 4872 8845 158 2948 1147 5182 6981 5637 9802 5862 6449 9773 9949 9931 5060 4637 4548 3835 5453 4281 7026 6942 4590 2114 6020 195 68 8618 8256 7888 4550 2192 9536 2572 8321 3108 3866 3081 9980 608 697 5682 5239 3119 300 8355 3862 1586 7261 8194 4725 
93 3000 5946 2101 1933 8993 4710 1022 9604 1436 7682 3780 1308 9857 1799 9680 7119 2655 94 1696 113 4504 3786 8719 2521 167 7497 5927 5002 6424 7589 3281 9049 2134 3632 2147 2517 6420 2988 41 8273 4971 8535 3501 5973 4485 9498 9083 6966 5218 5420 2480 2323 1677 3247 5773 3984 1419 7547 2796 9040 1993 3848 2636 7134 5992 5102 1255 989 4244 1276 1231 57 7111 2067 9635 7302 3931 2741 4024 9098 573 3100 6560 8255 5121 9567 6263 179 1680 408 9374 2141 2316 4063 7857 5682 7109 620 6017 2143 2338 
94 3000 6398 5247 1315 6790 1665 6900 3216 6195 1479 3282 2995 5780 9647 6778 8955 959 5823 7094 3714 6136 5717 6629 8473 1643 4436 3973 424 8795 2950 5526 3275 3076 7681 5244 904 5445 3220 2511 4135 1772 8162 8137 640 398 4076 8475 7968 7814 7591 7669 9696 2473 5614 8027 4708 6722 3667 8513 9593 6862 7355 1372 4180 1330 6952 6874 181 7010 5119 6187 2978 3663 7742 2369 6516 6490 7899 9493 1338 6810 2946 9894 5733 875 4737 9534 14 6799 2959 1506 3922 9618 1599 7648 7152 4473 8536 8294 3004 7921 
95 3000 8251 143 5165 7364 7670 2255 7606 8614 5130 174 7611 1569 2465 8171 1931 4029 225 9618 6062 3624 6011 5481 6643 7876 5946 945 6986 2379 9260 156 5730 7114 6004 9096 8617 875 7898 6577 3391 3832 2284 3360 7830 8215 9225 9407 899 7120 1716 9245 7022 1444 9026 5468 3488 4945 3160 355 978 7421 8449 5616 7217 6024 4269 264 3752 4692 876 6612 5854 1705 8373 4393 5543 5370 8801 3004 7744 7834 1350 1883 9563 7008 705 8997 2689 6636 8503 7470 8921 4471 7930 327 8822 8587 1432 3363 3492 1814 
96 3000 1555 6141 9477 4292 4912 1114 6792 4158 9269 868 73 6355 3765 3497 2856 9563 2248 6096 4980 1259 9740 6382 3112 902 2030 2444 4402 1239 8383 609 3256 7739 7387 1442 1244 6155 5913 3865 123 8202 1206 7402 7993 5370 6100 2555 8571 858 7357 9294 3593 9626 7135 3683 8345 6588 7573 2621 314 2914 8511 6721 963 465 8324 1296 635 4353 7892 5488 6582 3624 7688 9511 4113 65 7993 24 876 5140 2233 3622 4259 5047 3451 8464 1915 3902 3888 4013 5417 5049 7703 8913 7035 490 6815 6980 9635 8449 
97 3000 9861 1325 9712 9048 4291 6600 3539 8124 1582 9370 6443 9158 5578 6608 5212 3332 3951 2317 3617 7717 2798 2274 1068 1579 4350 6904 4390 813 7813 2275 2724 501 3334 9217 5559 5597 9091 571 3879 9734 1508 6560 4442 2159 8591 8281 7184 2791 6400 9334 5746 5405 8632 5558 1124 8940 9339 2910 8449 6930 8768 3459 6887 5071 2325 9506 2668 6893 2665 5830 5240 7579 4907 61 6541 5892 4976 1172 3407 4236 1061 6106 3097 6841 8215 4519 1942 6066 6059 1648 7131 6841 9631 9313 1604 9219 3347 5035 2084 9060 
98 3000 8088 9282 230 6846 1420 839 6912 4605 932 309 9614 977 698 1727 2964 4396 872 2311 2381 4394 399 334 857 1043 2855 1115 8858 2505 5414 1145 7351 722 937 330 3956 5220 3185 2363 2223 5046 5161 3221 4037 8825 574 7786 5143 2944 8431 4590 3796 7860 747 8686 2547 2534 3390 2645 3133 6991 40 5677 4515 3000 9287 878 4025 2886 4839 597 1646 6462 8864 9938 7409 6089 8454 8377 1928 9858 5218 9509 47 2898 7993 8920 7619 6813 8686 182 1410 7237 1239 8974 2120 9518 3716 5331 546 2530 
99 3000 3523 4010 6849 603 5742 2989 2961 3581 4600 91 8114 5011 8058 7723 7490 8445 5524 5753 3996 1877 8696 2505 3171 303 5524 3878 1212 6399 7299 593 6125 9338 8874 3567 2003 1715 1996 7404 6427 4611 1777 2019 998 776 6278 2385 4982 5935 9230 6402 2095 8225 5871 893 400 5749 1908 5729 5335 2267 5613 6069 5870 995 3032 2737 3777 6547 6329 711 6039 4990 5248 5754 372 2026 1704 9151 3881 9305 7499 583 4837 8854 5161 9127 7578 5638 1906 2371 535 8243 6733 3663 7388 7686 635 7484 1343 4347 
100 3000 9940 2941 2529 3028 2776 5387 8532 6135 8662 6174 8045 4990 1220 514 7643 9262 4018 3484 1688 4528 9531 4144 5355 7952 1236 7779 787 2098 8821 6277 6368 6864 6531 6621 9130 9535 4626 7511 274 2974 3979 4108 3831 1925 3782 911 8431 7449 2393 2745 2212 9480 1297 3890 842 7516 2198 5321 8674 9416 7230 82 3025 8344 2303 6783 1573 7823 3561 1216 2892 4918 6980 6109 96 1547 1073 8991 7623 3910 2737 8189 1133 56 6218 6952 539 5558 5194 5694 6157 7325 8000 2366 7981 5537 5957 954 8093 3702 
