FILE: 923UnifS.txt
100 100 0 
1 3000 3652 2103 3710 664 232 6147 1162 9275 7226 3486 7019 920 5582 5573 1933 328 3524 7073 8085 1643 5835 7793 7521 6916 6254 2744 3617 2727 3006 327 5673 4933 7453 8633 6622 1536 5874 9888 3875 3682 4364 3000 3281 4779 6864 4252 6221 7748 6311 6105 9823 387 8917 4134 296 8874 1571 2087 9402 9384 2366 5066 4041 7837 4253 838 8970 7768 1813 9267 2638 6322 1169 9875 6154 8380 3002 7521 5377 8798 8713 6216 6128 2785 9694 1052 2535 4392 9733 8260 8492 3140 543 3397 2252 8761 408 7653 4143 4074 
2 3000 5970 2284 7404 5976 7122 1172 2152 4564 5040 1506 2475 385 3337 2593 6641 9804 2335 2793 440 8500 6473 4572 3652 3087 4829 7691 9632 861 4778 513 8029 7673 8764 9436 623 3921 4206 6451 290 8672 6524 4828 3093 1912 5291 2921 3498 4912 3512 6105 2712 8727 23 6834 145 817 5021 2822 8008 9791 8719 3354 9018 8282 3115 3721 7247 3938 6904 7774 2079 8547 3498 8610 5307 5283 2183 7384 1340 4075 2393 237 551 5103 1114 3356 5735 422 3414 6162 1704 3705 6088 2612 7998 8116 4444 637 4727 2305 
3 3000 2198 9699 1536 4530 4508 6477 9692 4903 4119 8670 7305 5760 648 6936 7659 157 2981 4951 686 8493 4801 7585 7548 3257 3243 7222 8357 1893 669 8182 3014 7802 9571 9289 5171 9464 597 4550 9326 7676 3708 1963 1031 933 2449 452 238 8918 1355 4927 7760 4124 6479 9464 4865 1601 9042 8619 5984 6829 2211 6854 4559 1709 1004 6104 2001 8689 5312 1453 9783 3006 6056 4948 4657 3062 4463 7531 6987 8915 4468 9095 2223 8904 8242 6672 5482 4393 4841 739 9269 2642 1991 9652 4314 7805 980 2204 3538 47 
4 3000 4696 8309 9141 2798 8771 7812 2822 8113 5862 7421 9110 178 3053 5766 1837 6927 2384 6582 3725 9786 4499 19 9099 1548 5427 2073 9729 2368 6482 2149 3795 3882 7296 8741 7976 1455 1960 3240 2664 4553 8315 1872 306 5236 343 5751 6867 4783 3702 9067 6420 8434 4372 5392 8863 8264 439 2115 756 4178 6993 3001 9287 3033 4155 8872 9363 5883 8232 6418 3822 3349 5992 5131 6777 9119 2070 2360 75 1565 9489 6500 2893 3492 3318 8295 4450 7 7449 277 9846 4515 4494 4320 9028 2844 8819 7325 8879 5485 
5 3000 2692 5031 8436 7968 5564 3945 7224 9355 6466 1403 6726 8865 9541 3753 4971 614 2695 2664 4249 6493 9375 9556 1950 7158 3468 8165 4530 1155 7332 5223 4600 2166 2950 9264 1142 4376 6199 7563 2848 5974 4263 1192 4583 774 6152 8201 6979 7955 6360 4933 9148 9940 1637 5451 4519 8386 897 9099 9808 8309 8241 6189 7102 329 9111 1803 9081 1040 9569 7734 7350 1506 8695 2536 3910 3883 4119 9716 5745 6168 670 4039 2536 5063 2156 5959 7505 6978 6264 4181 1375 7148 2589 6346 9462 6881 3784 7835 1890 8927 
6 3000 9842 8704 6932 979 5493 8746 7471 7286 734 672 593 8408 4483 1417 302 9081 1351 1578 3359 4214 1551 2973 8245 3013 3921 4318 7255 1223 2076 5043 1710 1504 3689 7222 295 1922 2890 5634 528 2574 5794 5940 3350 330 9156 1002 834 1709 2143 5308 7031 3873 1241 7533 1932 3746 8282 1226 8558 5262 1594 3614 3177 4738 280 2537 8639 4366 1618 1508 847 3837 1594 2895 8342 87 8546 9231 5021 5165 9950 2645 5973 2234 2316 2424 6449 9688 4218 696 3947 3401 2447 6234 3431 7095 1284 6396 5667 840 
7 3000 4911 7180 8691 7669 2927 1409 2396 8334 9012 5038 6251 4165 2694 1587 136 8077 4259 4706 8310 3683 2773 8848 6498 2545 7240 8087 2110 9543 872 3047 7579 6372 8499 5961 6822 3162 7090 3856 4838 8225 9410 9859 414 5927 794 2634 1972 2680 9051 3938 6528 1071 7493 4307 1787 2097 1082 6860 1354 5547 5714 9238 3076 8492 616 3661 506 1906 3877 5108 7494 5415 1098 7630 5898 166 7170 8782 6431 9824 1176 2183 2618 9694 4421 8195 7890 3962 1580 2738 5800 1075 4979 4218 3360 7229 1994 8590 7505 7993 
8 3000 5583 2538 4689 8057 7933 4786 3592 9100 7241 5530 965 5788 7616 3999 592 9894 2103 4136 5384 2545 8842 8406 2588 4594 337 9734 2131 5113 5866 1559 8084 8016 7003 6020 3251 6806 6273 263 6884 7445 8929 876 5524 9350 7852 6449 6966 4513 1584 8252 7345 4750 5474 9051 1356 7070 5959 35 5592 7173 7963 5879 5005 1066 5432 7926 2505 4817 4975 5496 1663 2419 2652 5318 2561 1790 3869 9092 751 8892 6409 9167 9349 9980 6585 2357 4243 1971 8513 1868 2442 938 6519 7360 3534 8736 664 3130 4277 7744 
9 3000 5396 4422 6317 3738 1330 1855 7026 6887 147 3988 3463 874 2623 8004 9471 141 9782 8510 5888 5262 7171 4481 3884 6438 2266 4313 1432 5116 4995 9005 2894 3740 1395 3474 1736 3618 385 5983 6370 921 3670 5700 9114 800 8771 8385 8289 9637 5172 196 3428 5412 3602 9623 3618 6201 8436 7548 8965 6798 3220 5424 5182 3461 9328 1590 1308 6778 7734 5701 544 2671 3920 1286 4219 1512 5897 6434 8879 5371 5362 2600 6504 3385 1976 1542 7846 5257 761 375 8895 2876 2633 4759 467 60 8053 204 922 433 
10 3000 3800 1507 2001 3416 2879 308 7790 8352 7546 774 6816 6749 5460 3409 7253 2651 8962 6986 5268 1136 7474 8606 6486 4939 3030 1884 575 9192 8927 3253 8966 4300 1500 6400 5690 6936 5030 4826 1343 9162 9764 2527 177 5674 3074 2806 314 9174 3732 5202 7087 3867 9308 551 9503 7080 6706 4172 9833 9011 5807 7170 6329 596 6256 5876 9063 9510 7354 9400 8889 4283 1095 5318 9537 6551 8311 3478 2826 1422 7954 7939 7003 5978 9495 7021 8208 5891 8454 1496 5066 172 5052 894 6400 4039 5987 7935 2071 9917 
11 3000 9336 1092 6944 6557 2585 5268 7974 6284 3778 611 4428 363 5798 9444 1216 2500 3767 1325 5365 464 5571 6228 5601 5828 5518 5858 5067 1843 1113 3075 7166 9436 2956 9461 4520 1327 7777 1001 1064 4277 4583 1890 7258 9461 3936 6467 8430 962 356 9275 6238 2390 7851 3243 3263 1634 8564 5998 719 3728 4554 4292 9298 1847 2698 6569 3132 6433 2718 3641 6881 2435 8333 7500 5954 4685 1535 8254 9844 1392 9996 9180 8592 5762 7589 9913 2380 5745 8045 7750 4245 1908 1730 7087 5919 3429 5544 6976 6792 2217 
12 3000 5952 6809 6003 5162 5135 128 7657 4502 267 6555 9160 6321 5918 1853 2688 7170 9580 6111 9777 8814 320 49 9034 1102 560 9455 6980 2961 976 7742 2015 1522 8524 6630 1507 9362 7598 4958 2003 9877 4302 5616 2578 777 3855 603 1292 5707 1119 4210 4780 3997 4247 4331 973 8526 1466 1896 4932 1723 976 8428 7815 9690 3979 1725 8967 4440 828 9676 1133 4278 309 2186 8801 2289 2040 1240 9666 2965 2000 9083 9216 6946 1182 4532 8452 3896 7366 7408 4726 3494 28 1094 5705 4561 8361 3219 6460 2300 
13 3000 2432 4468 9684 3672 7457 5514 9030 888 1204 2075 5574 3035 4520 8103 7411 5817 4983 7087 2360 9429 3681 1488 3814 4553 5113 301 9698 6478 216 4734 4562 7346 2519 2020 4795 6524 7418 7347 6964 9102 4581 3920 9281 2509 3472 1144 6190 1264 2008 931 6085 9843 8331 2135 2146 3680 5714 3110 6309 8282 589 2394 6350 6482 3696 7516 6105 3804 4361 1932 8807 1961 7902 84 3549 480 6152 578 4881 6441 1113 7501 5515 2354 1735 9847 2174 2153 3814 9081 4551 5316 3025 4821 7400 9113 1070 8642 5753 8976 
14 3000 4956 6019 3258 6994 9400 6377 3643 8538 2354 1278 5309 7002 3657 731 9040 6679 6813 7621 8849 3753 3894 275 5937 5421 3568 3138 5788 7143 2248 5585 8377 8007 8373 8856 1519 4230 9808 1111 7326 775 4374 618 1800 1102 3496 7057 7548 5035 8985 957 9622 4758 2938 1252 4482 8940 763 968 2089 4977 7338 1029 1116 9366 6281 2189 7292 6199 2358 5096 4861 3784 7006 8470 1181 9395 6989 5415 4428 2138 6172 7851 4444 3947 427 9073 6699 8712 5656 4435 9381 9518 8947 160 3609 4017 2851 268 6776 7929 
15 3000 2782 1643 9013 6657 7546 7208 2777 5036 2992 7240 5568 5205 8793 8802 5767 2601 8344 3298 1602 82 1791 2162 3239 171 2184 663 7994 5429 4753 9841 8675 6951 9313 6561 5045 984 5787 1704 8416 3678 2863 6468 9357 3953 9768 6808 8541 4498 1172 5988 704 890 5213 5271 1739 8840 4654 2725 8910 9568 1156 155 4188 3293 2683 8163 721 858 4026 9332 2422 3475 460 9535 6684 599 4517 7366 218 5917 5892 1703 8019 1478 4467 7386 5459 9930 6466 9030 3495 4901 3731 2958 7016 9485 6125 7257 6304 2870 
16 3000 7057 9964 1623 5083 2139 5375 938 9860 960 8476 749 5639 1988 7504 61 4688 598 4630 7473 345 227 4765 1389 2394 6647 2499 3362 555 5370 7155 4558 6113 2175 5975 5345 1656 6759 5425 8006 8952 9517 635 2585 4941 1441 2952 5844 5861 7152 5625 3358 9489 1045 7614 4730 5514 6575 5526 1926 4034 8652 3668 747 2178 9175 2236 5413 8847 5676 3620 6279 7592 3107 6841 677 7604 8735 107 6880 2840 172 1495 1191 9266 6526 7764 8156 228 2683 1286 3910 9951 6703 5105 2635 5157 351 6120 6154 4812 
17 3000 2749 6396 6644 7997 7152 2593 2477 9907 851 3529 7185 5967 8204 5862 1546 4081 6779 7899 8807 5004 6643 1528 3014 835 2756 2277 484 1642 500 7502 4394 203 4334 2687 2490 4884 9570 5887 7936 629 7273 280 3270 8083 2292 4851 7502 838 4411 3206 6320 807 2624 499 5440 1715 2542 8496 7060 724 6915 8753 9458 8177 9289 3931 9706 5470 781 7223 9504 1049 9981 9919 4151 4529 5982 7084 4633 8941 4528 1370 2836 1105 7296 4949 9888 120 4294 9571 7624 3995 9391 4748 3175 4386 8971 4061 6680 9471 
18 3000 3706 9598 2133 4947 3460 4507 1341 3149 5319 3683 1016 295 4740 2576 2991 1863 9829 4124 7561 6081 8744 3813 9942 5548 224 2858 9868 6986 7238 9515 4302 9105 3764 8511 3275 8602 4691 8605 8853 4283 8847 8272 7227 9304 5152 9510 3926 1551 1892 9773 2159 2125 9126 2032 4277 1974 4209 2957 6366 6630 447 9226 5959 9087 8875 1959 2879 793 3156 9274 3201 773 7612 6975 6342 2872 8373 7358 5278 1132 7656 6144 9883 3283 1171 7540 3392 2364 8640 7419 1993 6473 7456 4632 7541 6635 9460 440 3399 2800 
19 3000 839 6073 3399 7961 5158 8414 3938 404 9509 3805 9187 4076 3791 9985 9435 7083 3112 6146 2551 8311 3312 1115 8576 2169 9622 9667 7436 1466 8438 6953 9784 8402 2221 1064 960 3689 7530 3711 8090 3803 6169 9037 291 6348 9467 545 2016 3556 5681 6162 9518 3906 520 1420 442 1873 803 766 6533 5796 1229 6995 9485 3877 4285 8806 9899 8300 3273 6491 9375 7475 8459 5739 5728 6416 6353 9570 1326 5230 2111 8397 4557 5741 5060 8206 4415 6238 7355 6867 8221 4343 5753 8565 2455 8007 6514 6362 6728 4633 
20 3000 3433 2876 869 8323 8988 9096 5138 5245 8620 1309 3568 7134 8133 6162 431 2908 4225 3846 9824 8420 8137 9403 8387 4322 2429 2161 1144 2069 889 3290 462 8032 1553 1490 8148 5751 2862 6795 659 6304 2937 2510 7442 6798 1982 5268 2403 6999 7812 3214 8493 4072 4505 2311 5422 5451 4179 780 503 9843 1894 1652 2614 6338 3680 3455 9289 1665 7689 9021 6929 5558 8474 2422 4150 4252 4388 4026 8238 2106 8114 3681 4749 1348 318 2026 213 9947 6421 9921 7984 7608 6510 6008 7198 9893 8357 2394 4866 468 
21 3000 3576 8459 1088 1474 6901 2792 7392 2024 8585 3246 8199 4820 9928 5123 5417 903 1932 7484 6149 2526 7076 7582 3538 4144 4220 3419 728 1538 6630 4430 7958 9064 3132 295 2774 5020 2389 7868 3369 5144 304 6238 5051 4232 547 9910 9825 5892 8205 120 9120 406 6564 4261 9615 730 7007 3445 2216 6616 2043 8187 4139 6859 1462 2215 4125 9662 1606 4399 784 1140 7779 8813 4055 1936 9766 2917 9799 1968 494 3870 7512 3302 7804 2955 1168 1145 9352 8146 3178 2969 643 4788 1486 5755 6175 4404 9781 1367 
22 3000 3724 1632 837 44 1741 9281 2977 2023 9881 1517 9664 7286 2658 5169 2216 3432 6216 9164 5646 1668 8239 2084 7626 937 972 7855 576 158 7378 9547 6881 8602 411 1315 7229 4382 5423 8454 2079 1084 5687 5582 6247 2500 1053 2953 6620 5513 9721 884 3002 1080 3150 2319 2074 3364 4078 3512 4483 6972 7679 2831 5061 2333 5839 7697 6162 9186 4558 9641 4127 8211 4478 7486 8873 765 4536 8657 6612 6761 8738 8614 5687 659 6067 8412 5536 5590 3503 381 8785 5601 2184 1940 6463 6027 6676 7526 6336 1985 
23 3000 7377 8654 4382 4996 6050 2102 9370 7734 4465 6218 582 6893 6188 5353 8651 4184 1472 2422 9525 5457 5294 9586 1558 7949 8502 7060 5723 5651 2092 49 8954 2806 4614 3802 609 5531 2696 6802 2063 1562 4698 2070 9418 8126 7489 6598 9347 7934 6349 8911 8056 3308 7996 4750 3378 8421 6740 878 9981 9672 3759 7014 7715 4181 9501 5897 3072 6408 9213 1460 3778 2904 1592 5148 6508 5177 563 346 7724 690 179 4939 7642 1984 2652 1996 7320 3921 9504 8577 8875 9057 5844 2671 8821 1138 7770 8248 4534 6719 
24 3000 2895 8449 3842 4913 4005 6890 7741 5262 5828 7097 6234 3730 4944 67 7296 6827 2808 9946 8962 3853 1904 7845 4545 7272 5019 3766 974 1206 7653 6667 259 8054 3537 2642 4080 3244 3293 1230 1507 8099 6205 9848 9829 834 5128 6354 8532 5678 4510 9724 6379 122 1545 8865 1628 285 454 9548 5374 4415 9883 9464 8010 4507 3434 1412 8820 6052 3314 4603 8692 5904 7115 4098 5960 8280 7713 8363 5365 8880 6301 4954 148 7131 8536 4325 7264 6561 3818 1765 5723 3294 7693 7449 8051 2669 7381 4631 4887 3989 
25 3000 426 5946 2688 3394 6475 7844 4577 4849 2181 3153 4307 9274 9227 1757 3344 1786 5483 9410 1091 7069 9281 4664 8221 2872 6815 3933 3147 1631 2673 4674 1607 212 3486 6693 9381 7785 4708 1584 8133 1819 514 284 4372 2203 6833 8757 1544 3490 7495 1804 5247 5274 3513 4995 1571 679 5481 4727 8560 2986 9104 6413 806 374 3852 781 7161 8796 4732 8317 1577 2970 7196 1818 7074 5507 5164 7078 2824 4148 2179 1694 4372 7143 5684 2004 6973 6744 4423 8141 2054 825 8970 7220 6811 2629 5380 4645 6916 8641 
26 3000 1968 3540 2362 4582 9208 2315 6426 9529 2764 341 7760 8164 9642 1765 5605 1144 7464 7440 8128 3596 6875 4986 3894 1740 7066 6970 6448 7632 4429 7220 2035 2039 4335 5252 438 5432 6032 8835 8943 7110 679 4671 9429 2442 2491 7203 8583 8243 3023 5552 1238 6265 8568 8572 6842 4823 686 8035 9042 8536 9856 9942 8406 6205 2253 3950 8257 6801 9652 939 3638 3592 2453 8690 3406 6387 5834 5693 5445 1906 9031 3087 5003 2279 7735 4710 6162 1665 9625 5289 6421 998 3018 6746 4419 857 8643 2633 769 2469 
27 3000 4549 688 2024 6818 4131 3521 7768 1903 7279 7421 831 8101 4657 9292 626 1669 5109 1710 9618 6359 6179 6103 2910 3169 7772 4069 962 8212 8923 6799 5427 8713 7707 2642 8116 7128 4259 2787 3091 3394 6932 5072 1878 5295 1572 5917 1806 6963 3921 382 7473 5496 5142 352 5336 5706 476 845 1424 2986 1015 4445 2180 4314 8607 3861 8426 7365 3881 2612 2451 7764 7402 3833 8226 4454 3946 7210 4746 3191 9904 4039 2492 8169 3809 409 3024 1761 9988 8511 1693 2397 5338 6070 3481 551 9232 3907 1970 2871 
28 3000 6542 1618 1424 4419 3795 1387 2013 9045 8448 9917 8146 7882 1291 8489 9938 5968 1976 1146 7801 6990 7665 1001 158 6160 4812 4672 4281 1203 4064 4839 259 1487 8287 929 8087 5261 3720 7922 7878 5034 4249 3288 3208 1065 8814 2044 7575 2986 1936 9936 3993 9547 7364 4751 7707 6493 4857 5749 2030 2550 86 1219 7308 3554 7662 4167 3015 4696 7282 6122 2959 890 3018 9070 3632 5270 5706 5513 5665 5814 8485 6653 8426 86 5442 8698 7730 8112 3392 7298 6680 3370 6781 106 9631 1916 5710 7456 9285 9628 
29 3000 7091 1173 6896 7577 8925 1512 5620 5526 7699 2209 6974 3544 8918 3669 427 1762 758 4275 6115 8235 839 9819 682 4943 6130 1062 6242 1913 5976 9418 2472 9460 8253 761 1826 8564 8640 7361 7874 9361 3025 7940 6764 7769 3030 5858 1821 228 4668 5420 1251 6577 116 6309 8987 1049 2616 6147 8653 1388 4507 1177 654 6098 8376 5071 2389 9817 1333 5866 1593 6807 2416 1018 2800 2579 3116 593 6935 3639 1031 8567 4026 5357 6643 2265 9046 7966 3221 9921 879 682 9846 6355 4406 3946 7567 6789 5723 9803 
30 3000 8675 8774 480 391 9106 2254 5345 4567 3970 7746 2594 2649 6202 2652 7828 9290 8341 5687 811 4475 7428 9445 9433 2636 3039 1077 6805 9907 8434 1100 1467 9488 4834 334 736 5143 8826 4957 7162 2824 2888 9691 8126 413 9041 9110 8548 5594 5629 7072 6733 1853 7220 4280 3330 2594 7631 3964 3426 3387 6084 5690 1760 2340 6482 7293 1061 8593 9810 4938 3516 8943 9664 1301 5355 2584 904 1878 4573 3985 1428 9418 1762 3882 7078 6486 4082 8396 9665 6140 2346 6289 8124 744 1240 4324 2787 8900 2658 769 
31 3000 2788 509 2169 7014 6594 9949 8610 7318 5648 7390 6792 6681 1157 8224 3351 6838 3985 623 5703 385 7689 1228 4141 3018 4662 8948 7045 3909 5419 6903 9226 4202 995 2478 3387 3630 8472 5507 4714 5268 9632 4582 8594 8397 2736 1486 1449 9504 7424 3753 4707 1402 2745 5350 1887 478 8305 5488 8815 2061 8550 5550 6968 3919 162 4158 9931 7883 2593 350 2996 9589 1712 4890 5867 6351 6585 9704 8509 3156 9377 5436 108 6789 8380 7131 1160 8073 4161 8048 8689 2246 8848 1589 4584 7452 8522 1359 7067 1365 
32 3000 8752 9350 5280 5935 3246 2250 7000 259 5624 5876 9482 1575 4327 7731 3419 4388 637 7693 37 7709 9838 6815 1304 432 5483 4267 3276 4828 6806 2390 2557 8166 9244 9879 5893 2460 8091 3096 2882 2338 5273 5498 1818 1041 9255 5201 8655 4540 8063 659 9093 3788 5441 4474 3800 5084 126 5334 6744 8577 8248 8063 6666 4880 8865 1812 1662 9819 2605 6365 6902 7306 3452 6571 5470 331 3644 4905 2328 88 1702 2151 1405 3215 3580 6211 5815 7171 6946 9036 1191 3729 8581 1688 2157 597 4908 7521 1911 1166 
33 3000 5645 3491 4947 2378 581 9590 2887 727 9477 6404 3452 6373 5098 795 2549 5395 9361 9711 9488 158 2613 2123 5317 7812 6035 9076 4293 6910 7169 1879 8469 2155 8569 8411 5407 7273 9579 7556 9021 6006 1237 1758 3541 1237 4298 7711 602 2232 392 5160 9457 13 6298 3841 323 857 1345 8537 839 7910 7943 2259 5660 941 5234 7560 9171 4205 5867 5965 1324 2448 5904 5529 6609 5021 7845 6523 6138 8129 6780 5243 2862 5203 9669 5940 9910 5392 7741 882 2058 190 2025 8535 311 8177 1997 9874 9626 7893 
34 3000 7365 2815 9747 8833 2963 4776 9170 568 6785 3355 2235 9993 1133 5146 9340 6693 6898 2667 281 6447 958 9421 713 2840 6709 3078 1748 7018 7717 6787 2663 5553 4492 8605 6740 6440 4395 9060 236 3220 4662 6829 4469 7226 8558 2554 1032 7952 4653 770 135 1550 9226 9965 2069 7454 1791 764 1798 3119 3749 2237 6668 6902 168 6333 7255 9048 4683 441 1323 818 7522 8069 916 1733 6663 7654 2574 4945 2105 9498 674 732 3279 824 3889 8121 9565 8963 4786 4634 3952 2657 2532 4156 9814 1497 8744 2936 
35 3000 809 3481 6442 3704 3909 697 2151 7919 5554 3129 1107 6140 925 597 5599 6522 6349 2810 6437 1436 4826 7550 7538 2216 4684 6984 3643 2033 1349 2095 1156 6884 2255 5240 2109 4719 4869 836 1252 2687 7840 4167 6268 2503 5280 8318 1112 3948 4168 9232 2476 6488 4870 8898 9381 9021 4801 6654 5889 7749 5193 8625 6944 2171 1005 5278 7337 9206 3946 7110 3794 5442 8627 8452 196 7501 1843 9406 5913 540 4969 5901 7270 4870 9491 7879 2141 703 5661 5601 7659 1021 4266 4084 1059 2576 1540 5656 3638 5007 
36 3000 7185 642 7854 8088 5524 6171 7531 7101 9782 3111 1204 6328 9484 1128 8583 674 985 1867 145 5415 1121 262 9842 4066 3988 3972 951 4379 843 934 5028 2462 3131 5054 4007 5030 8637 8 5409 9770 767 1181 685 3841 945 5723 6679 492 4145 734 217 3813 7539 9572 5827 1601 2280 6285 6572 6358 8397 8173 8020 4415 2829 6470 5331 3172 575 5149 3472 6475 8969 7863 559 8107 5086 2996 4320 3415 6267 6854 1685 9050 3773 4966 1502 842 9559 1523 374 9794 6183 6934 1627 6206 9824 3512 7400 1918 
37 3000 6444 9280 3856 681 1057 9905 9526 6657 138 8759 6771 1035 7146 5100 6375 6781 1179 380 5255 1506 8748 2682 7306 8466 8684 9277 7363 5678 161 7304 8291 3172 3851 2586 1201 8357 6201 6557 8787 9520 6834 1322 1796 7444 9077 2844 8612 5160 3615 2250 7976 5810 5266 5262 4821 8652 2883 9762 9242 3172 2385 1470 8581 1339 2905 7753 2645 7969 6072 9565 2044 9224 8406 1495 9658 9234 6855 9961 5224 4841 7439 9511 3053 8471 7032 7260 2870 9132 8262 5451 3778 1531 7540 2131 1346 3324 6213 9967 7827 484 
38 3000 4838 3177 5498 800 587 2589 3120 5496 7774 8822 5535 8979 1508 3598 6375 6706 4466 9175 3904 1185 6803 5903 9983 6095 9172 7910 2161 8529 8882 6912 8886 9368 9171 4143 7849 1776 1609 415 7447 7823 1630 4301 1373 3228 7179 8448 6330 231 489 4004 2873 8592 2989 3179 9373 4707 3326 9932 9103 8860 8520 8775 460 588 8239 1709 299 2182 2205 3282 402 306 718 3772 7063 5742 8309 496 3808 1263 520 7245 7230 7630 3802 1840 5959 7709 8546 1819 2748 8721 5233 8241 9688 2612 3713 7625 6550 4547 
39 3000 5607 2002 2249 9537 9832 7106 9432 7176 1257 8677 2196 4520 2480 6896 6925 7079 8725 8947 6257 7942 5878 9694 6172 5016 1630 496 6209 6405 9763 6137 2802 3901 7547 9885 5751 4607 6267 6677 7806 683 4880 4426 7384 7217 6788 3456 4410 8219 9741 4059 9280 748 8865 2180 4952 7150 2818 3225 2161 5435 3059 3994 7757 7772 6258 2742 6173 7109 9819 7359 4011 1919 535 1680 7760 9072 6364 9923 4635 4829 1330 9238 6541 3969 3555 400 7164 7026 6404 6613 2183 5669 2770 444 2616 6191 2472 8883 1277 1135 
40 3000 2782 6523 2373 9037 2079 6874 4213 2301 6628 1794 5052 3188 477 9043 2054 7946 8490 7977 3383 9050 2496 3347 3414 5573 567 7236 1079 1685 9421 9118 1328 3275 9950 4044 9718 2692 5870 8944 131 1621 5500 7067 5612 2076 6663 537 2334 5523 4716 1035 6686 125 3700 8611 5492 6114 619 8616 9349 9285 2839 6759 9089 2622 8620 2294 5373 6038 766 9325 1404 4249 3400 6241 8767 2771 1871 3278 6392 2039 5778 8196 2649 9655 5126 92 556 758 9597 1334 6126 6521 958 7616 9824 769 8586 6146 1164 4730 
41 3000 8123 1952 6420 9902 3247 2314 9466 9053 583 9328 5744 5338 7722 583 9348 9546 4379 7974 3245 5474 6669 4636 2611 3420 4509 9999 1296 1805 2143 2974 1416 6921 1799 3261 6067 797 463 784 5162 7202 9781 3247 4403 5760 9091 1819 7360 4201 1568 4944 698 8727 3508 272 2506 2513 6726 4719 3769 2324 4086 2650 2956 3266 8152 2188 3734 1650 2966 9648 5806 5996 8949 2096 8882 6149 931 8028 9761 524 9299 6187 2552 1484 4281 2490 2011 8828 3340 5087 7 1417 1709 7548 5111 6919 6039 168 5310 9678 
42 3000 1177 9406 3849 6715 68 5434 8195 1844 6786 7833 2126 7921 2681 9389 947 7213 5659 8036 9829 9896 2585 6912 5274 676 4808 2540 9706 3534 6817 1137 9184 4599 8015 3054 4242 3139 7621 5324 3856 689 2702 2356 2532 8294 9320 4734 521 1879 6812 6161 7160 5745 5192 8506 7333 4193 5678 4999 1068 1267 4344 1531 6244 8628 8900 6091 4436 1546 8591 6325 9879 3026 7224 5220 1556 6050 9325 4909 8414 3950 9410 8610 7705 8905 4394 679 6448 8559 9113 4799 6022 771 4978 284 9878 6482 1753 6515 4382 716 
43 3000 2459 5498 2777 1695 1396 2549 2272 8090 5302 5100 4263 4392 7623 9633 7665 4404 5924 6742 5382 2866 2408 4313 3895 5200 7575 8833 5977 5379 6994 4824 6532 1927 1208 2404 1563 2038 8764 2966 259 3821 2358 2991 208 6673 8121 5978 5742 9773 8014 2505 9400 8707 5359 8413 6513 209 3493 1112 2927 5035 7541 4016 5837 8961 9321 9102 7753 1899 5372 7593 3590 5147 8102 8768 887 6759 73 6892 3137 5041 1395 6279 6264 172 260 4474 8203 3951 6590 3558 1619 7667 8816 9589 9747 8095 3780 154 5358 1617 
44 3000 9765 54 2844 6471 2641 5117 3438 3116 5150 4124 3551 2736 9302 8874 6239 3854 1907 2367 5790 7083 3223 5107 5440 7992 8737 9542 8215 8109 4068 2620 893 4036 2988 6472 1096 4697 8582 7223 7501 6712 7521 1921 3186 7889 7466 3601 2088 8845 7593 4465 8600 2756 2249 7192 279 3226 7726 4371 3691 282 2166 6060 3372 4496 8586 5470 3922 9232 1033 2772 5214 1014 3857 7032 741 8028 4119 6271 9075 6736 7114 5643 8460 6627 5026 3751 4526 3087 8702 7076 1126 8394 2558 2536 4308 840 2605 8171 9398 1977 
45 3000 7600 1950 1216 1988 3327 8705 7419 3182 9995 5193 4964 1619 2766 3272 9696 6849 5411 1219 9068 9791 7084 3154 7972 8724 2225 6608 7715 3410 3588 8198 8100 7339 8392 7441 2645 8101 7602 8688 6921 5882 8324 1179 18 85 9342 7227 9135 4076 9762 8531 7294 8055 793 604 4180 51 650 5335 107 5047 2581 1673 3106 2221 6016 4432 9140 320 850 1229 5447 1156 4841 7538 7000 1228 4138 9879 6101 1463 6936 7122 5093 5095 249 9923 2201 3655 9816 8280 497 1093 3129 7221 9990 6027 5580 608 2840 2111 
46 3000 9743 3075 1700 6534 7777 83 1176 6638 6949 6103 2422 4665 8290 929 854 629 8371 4109 6985 3314 4205 7502 398 9390 1276 5963 6829 662 4689 6155 8384 9442 3450 3476 6879 2045 7864 7122 307 407 69 3271 2424 1834 7682 6387 5465 6874 580 8661 5985 5309 799 7561 3826 279 5568 1524 4200 530 3453 3758 2910 779 3641 4179 4688 218 8336 9467 4659 9127 8294 1255 2932 3627 1470 2432 2315 8545 4795 1576 9152 8417 9082 5520 7292 6603 7050 26 5177 2535 4479 8603 6056 7090 4485 9431 1325 6082 
47 3000 4924 429 6994 1890 8919 2430 3273 3196 8510 498 7292 2861 1436 3353 8936 3920 1034 937 9812 3703 9266 93 5339 6082 2873 8375 9962 1839 2654 5982 5493 7168 5861 5817 2576 288 1738 1669 5274 6197 161 4522 8786 9537 3424 6990 289 5595 1139 5874 2898 9421 8261 2846 2760 3075 6244 3259 9266 996 7316 3079 8394 3503 1880 3942 9169 8412 9046 6343 3259 783 279 939 7685 791 6178 7984 662 9723 6379 4890 564 4099 2581 1910 8017 7918 4699 5942 1107 3026 141 2470 3727 7618 6212 5616 7037 2854 
48 3000 5638 6327 4057 7609 5222 8684 7377 1339 7618 4334 6 5083 6237 5048 9324 579 3270 3407 4186 7515 845 1609 5123 8896 5301 8403 7694 4542 4591 4147 8943 2707 8810 3993 6991 9829 3847 9194 3752 8398 8164 6537 772 2953 2694 5907 8192 4202 3873 5961 6843 1272 9790 7946 3454 2074 9464 7627 8997 1803 5248 5348 151 9561 8355 4215 3890 3098 7513 6403 5198 1685 736 7593 7912 7113 234 9527 8681 2811 435 694 4064 1091 9140 5137 737 8525 1800 9389 8837 9432 8916 7528 8425 7509 6570 4365 9079 5569 
49 3000 76 6748 2604 3417 754 2998 8876 3843 5839 470 4806 6746 1501 1229 6427 1378 9004 5869 4112 6716 3979 5437 914 9958 8828 1499 4028 3143 8249 4317 9383 7898 7893 9163 9358 8310 6138 752 3616 1922 8990 5795 3078 8850 8116 3690 7005 9037 1989 5327 3217 7616 172 20 1430 8409 715 569 9724 5553 686 6443 4130 3238 9823 5085 1348 3582 7307 1351 4584 2628 1672 5064 2513 4465 3825 6700 1377 3472 3203 1196 191 4689 7048 9885 9086 2316 2811 551 777 6333 3678 5617 5146 7243 7222 8449 6965 8948 
50 3000 7182 7794 6729 9742 8365 337 4624 1433 4672 1381 7618 6587 252 3663 9672 3903 3777 4281 5084 1707 5848 9755 4949 9573 9518 9211 6756 8069 3948 5690 7096 6627 1183 5580 7504 9543 6053 6174 3425 94 9203 1357 6304 2786 3244 5413 8800 3725 2029 4955 3124 9112 3057 8991 2506 1866 3001 7100 5787 6368 6358 5744 5130 1334 7229 2705 6859 810 4218 9636 5429 3292 8463 2751 512 8975 4787 1630 7212 5122 5974 6156 9407 9560 173 1570 6211 2304 1423 1654 1566 5297 3311 47 6955 287 5740 9668 7246 4822 
51 3000 4842 284 9650 6367 5997 4185 5817 4556 9988 2 7048 1560 2282 4632 2635 581 5426 3302 1327 2477 4579 7749 5917 508 6162 2534 961 3202 9637 9468 3616 5358 2408 178 7602 7162 7848 6784 296 1436 6455 713 2946 9006 123 9630 4009 2203 9550 2497 5618 6479 4763 2757 3168 156 8770 9640 8036 2296 4339 7602 3420 8698 3898 3878 3298 6018 2563 4169 4525 4017 4294 6449 2045 5927 1166 2899 7231 6956 5777 9968 9347 901 6770 6550 144 4896 7493 302 1569 2286 7766 2068 6609 3622 8794 8446 3252 5778 
52 3000 1187 2464 1580 9204 6114 2395 3984 3290 9582 8687 8500 9870 9839 9023 5279 4834 7896 1503 6172 7881 1186 5954 7448 389 338 3365 5634 1408 9080 3441 6477 1783 7263 292 7038 6401 7021 6237 901 4562 2041 3742 6519 8473 9968 5474 8677 9870 7935 2487 3078 4767 1209 533 4062 6321 4976 4490 5447 5835 9236 925 4488 1874 6838 8776 8973 7513 4623 8161 7434 5709 7712 7312 2489 2795 6898 7631 7304 102 9181 6877 5187 3707 1418 473 2300 2300 7098 941 3499 3184 6247 5457 1298 6394 8455 1539 7964 6944 
53 3000 9028 852 724 5198 8265 1144 110 5365 3860 6304 1425 2121 6431 4544 9328 5355 8171 4711 5550 3041 4625 717 9740 2233 9594 4099 3421 8184 3161 4704 7085 1599 2843 9496 407 3996 7871 9488 5585 1212 6587 4805 3803 5018 6979 7863 4824 2866 325 4682 9702 5763 7977 4315 6623 4261 1260 6411 9870 2587 4500 6895 1913 881 1176 1778 8624 5570 3199 9090 7613 7867 3312 8943 9702 386 619 1706 3503 1895 9238 4321 3143 181 73 4734 9098 3049 5726 4454 2159 7444 8516 9233 525 6694 1633 7883 12 5887 
54 3000 3419 9200 7397 5357 4766 7029 6885 2317 9648 3446 9691 595 8766 64 6762 8512 6335 7472 4616 4874 9977 2787 4302 3096 3755 5343 3495 3444 4322 498 1710 3412 201 1565 8638 6213 4183 9875 5616 7401 8859 2956 213 9621 5268 847 3949 5474 4680 526 3129 8518 3493 8472 2812 2386 1262 1347 3902 8035 1852 4808 3357 9114 7715 433 7536 5463 7294 789 8659 4732 5547 2610 4397 2127 7601 8105 591 8283 5531 4395 7087 5258 8257 1069 6703 655 4581 5869 7319 9870 9328 8498 7092 6459 2631 2552 2793 638 
55 3000 2333 5584 1277 5901 9508 7280 4068 3767 7123 5774 5078 6655 1805 2077 1443 8874 8753 2639 7489 5746 9758 31 1825 854 4359 1754 7553 1414 4119 7171 5610 1766 31 2569 1234 4999 3037 4340 3553 2697 7690 288 8298 2809 8924 9069 3646 5645 1961 7742 9184 7999 5337 7456 7995 5392 7051 7261 1879 2445 3849 6037 9688 1376 3620 2555 8794 8618 928 3662 9677 9569 5660 585 3640 1459 4807 3370 3649 4351 7365 3438 8300 257 2363 4268 8905 387 13 205 9708 520 5991 3398 1228 4498 8835 8853 6720 5850 
56 3000 476 7619 1766 7538 9891 8099 6992 9824 9874 5479 3903 6272 6948 9289 3852 7862 4382 9089 131 5244 8352 8272 3180 9104 7214 6003 8932 8661 3905 7272 276 8288 1477 1085 1648 2259 1739 6765 6743 7621 7046 8392 9357 5185 5190 7355 7354 8655 7438 3043 9750 1868 9675 1648 6933 4166 6688 3099 4001 3895 9566 6124 7227 22 6224 1433 3648 1886 5063 3020 3782 7064 1741 7608 7465 7371 9076 2197 2818 2979 76 9753 8337 4662 4090 3016 8105 4171 6084 6434 135 2728 9047 6220 7834 7645 9514 8535 4592 7073 
57 3000 6220 5799 1497 2873 1880 1125 8177 1609 8087 874 6760 3674 3341 5341 8969 531 4203 7564 6336 87 9572 258 3537 190 8083 869 4863 248 8641 4765 3807 975 4068 6538 5778 2263 7883 9441 3943 9178 4205 2947 8192 6083 778 8431 7223 8879 5124 2977 3763 5380 3820 1316 2906 3811 4905 5882 3576 9423 3399 4995 3118 9245 9963 9171 5012 4951 2670 5555 9717 3858 1914 478 8628 8047 8432 146 1173 1610 4458 9440 5027 6018 8000 8859 9446 3620 246 9571 1738 9263 6085 6600 6852 39 7763 135 89 3154 
58 3000 1661 4963 2947 1927 8195 8026 2081 9909 4847 4108 1397 3129 2313 9639 7264 466 3781 4633 6855 2145 7338 2744 9612 6358 1492 9451 1835 4010 3825 8365 4397 1589 2775 5665 3586 2166 2532 2653 5066 4510 1070 6441 971 340 1297 8759 115 9692 5334 2887 1337 4416 1914 8714 9962 9800 6915 5922 7393 4312 7008 5297 3825 7473 6432 8158 4085 5853 6906 3918 6597 7192 644 5769 5470 2648 6517 4487 5717 7162 9327 369 1591 7963 2206 3290 8051 1182 2151 886 5352 6601 8667 4866 6761 522 5553 5440 9395 6767 
59 3000 5799 3882 8186 5797 9614 3213 2971 1956 5581 7006 8710 8844 4931 6326 8819 2815 8947 4782 1643 4595 9493 1716 39 9029 2662 3508 4095 2953 5558 3010 6967 1189 6195 7107 3847 666 6526 2397 4050 2669 8596 9004 6231 3204 3816 2507 6723 1501 5369 4003 1002 6631 3736 8286 8280 2253 5349 158 9214 9483 4366 8865 6753 7897 7576 651 95 4642 2425 9444 1784 1691 8169 5665 7921 1209 151 3161 1503 9051 7204 4261 8892 6382 2176 2967 9400 9425 5585 6252 8008 7329 2397 3504 1202 8170 1923 4076 5942 3066 
60 3000 854 2978 1748 8427 9408 4676 5916 6325 608 5034 1861 2993 2685 1369 576 5439 4607 633 5227 6200 4729 5725 8865 6208 2571 9924 5268 5788 3720 9443 2903 3779 7860 4120 2018 4780 9920 6221 4857 4520 4354 7375 8997 3357 2544 3635 3817 7895 3324 8657 85 733 6637 5014 2674 8336 308 3623 6400 7031 9950 1312 4991 7125 1988 6495 3171 5156 9813 2986 1881 4261 3062 1933 6613 2672 14 1871 8880 340 3122 6913 802 3677 7667 3052 2823 8430 3528 2600 4551 676 93 6743 8720 5944 4281 6225 8284 6458 
61 3000 1694 157 6628 6513 900 2954 911 5968 826 9388 8528 1868 1297 7773 6704 8188 6676 1277 5202 3708 2651 7353 2171 8005 6133 5297 3103 5578 8285 1933 2931 8090 671 5420 1235 4744 4538 7188 590 774 3215 1995 8025 4069 7642 6110 9616 9919 5022 3624 8198 3885 597 880 4210 2795 2553 9035 9655 3869 45 4742 5189 1958 4351 8959 343 4921 3146 3882 6853 7119 7911 8003 5135 1036 4453 9298 3865 7024 6562 6527 2701 1178 2786 8678 8122 1327 6334 2517 2388 1159 8106 8276 5635 2465 2841 3461 1088 5511 
62 3000 8395 4784 3401 7533 8148 8224 120 9360 6525 7209 6277 159 7653 8924 2100 305 7137 8746 3856 2380 6959 2804 7817 290 3513 8657 7345 6516 8748 4111 3111 7479 4454 4142 6435 7044 9657 5967 5746 8133 1153 2216 6178 2477 7154 2248 2282 8482 4071 1582 3864 7232 6411 9456 4955 6604 9810 4509 5894 3514 7181 8594 8550 4294 7993 8705 4655 3183 672 7043 7275 8947 8131 9193 5394 9632 6421 436 1636 5427 6507 184 3097 9664 9172 4533 5316 7941 3043 6954 9360 5365 5747 7096 2043 1922 8182 7720 9264 5977 
63 3000 1924 9763 2471 5894 9755 5512 8253 9779 9312 9924 1052 3354 9866 49 9007 5954 2224 2597 2913 4645 1757 9616 8317 6472 4552 2303 729 8829 6690 2936 3961 7958 6646 4936 1598 5565 820 1047 1578 3572 2184 9646 3918 6983 2067 9177 1543 4882 5049 708 4261 9557 6996 8618 5843 3740 6206 9400 4246 5983 7689 8600 4950 4153 571 5875 7419 7053 8620 8171 4698 4166 3895 1039 6122 3529 3530 8065 3159 7728 9631 8427 8372 8018 2306 2582 7513 6573 5814 6072 4735 6850 7847 1461 930 2093 1931 8388 5199 1949 
64 3000 2950 1756 9438 7214 5802 8038 6054 2709 7176 9711 8804 8269 452 7813 6761 7871 3730 2632 1404 6875 984 2506 6832 7397 6335 766 3103 1807 1458 787 2701 4344 6105 9176 124 872 1763 7078 4601 6740 8424 9612 5930 2787 4493 3428 3441 9457 9815 2390 8092 9051 1824 1387 7677 6091 4823 8264 5169 5823 2384 3883 188 832 2881 304 3583 5792 8134 7096 5153 339 5194 5768 4488 59 1238 2332 4926 5619 1605 7980 653 5 941 7900 6908 3899 7480 8203 3331 9171 443 985 424 502 572 7513 9140 5131 
65 3000 3774 9526 3599 722 7905 8677 6929 1366 2669 4086 230 1697 2646 8026 4662 9141 3443 9731 6664 4287 976 7330 6290 9381 3867 7905 8673 4948 8973 5675 8621 4541 40 8304 8326 7606 9479 1335 8205 486 3268 749 866 5534 8981 3649 8198 8364 6937 7065 1585 3223 4482 4894 5246 6481 3387 2953 2699 8261 379 2165 6354 2177 789 9866 224 3209 5334 9242 5766 3699 18 6884 847 7471 9156 8473 1834 2078 1530 2589 8807 9172 9667 2643 3900 3002 2237 6939 2765 7033 9584 6854 9164 8694 2378 3147 2681 2247 
66 3000 3392 395 9564 9784 2401 9549 6689 351 4216 8621 8649 7186 9831 1486 7971 3102 701 4825 8454 3972 6148 3175 1635 356 3885 2116 6377 7246 3666 9583 1586 1936 4070 5292 2050 21 2399 8307 7403 9514 7706 2716 4217 3095 6945 1444 1215 8480 4255 8188 7610 6921 3354 7469 4573 9821 3075 2825 9820 3487 6009 3109 5328 1994 291 6932 8175 8189 4496 5217 4505 2804 5670 1881 6615 1707 481 2648 3177 1272 9497 1979 2567 1877 4587 8134 9341 9520 9450 6352 3818 5571 3265 161 4795 4638 7473 813 5390 567 
67 3000 5673 4839 2007 561 6654 9739 6420 7427 546 7782 996 9946 8098 7948 7028 1371 3079 5980 6205 6046 7804 2572 5198 4153 1791 9675 3376 4583 3536 4932 3647 5934 5412 4236 6423 5627 1702 2413 6707 7159 9748 2034 4311 5468 4229 342 7194 431 4562 4317 7927 8489 5433 3857 3285 2387 446 3085 6959 9048 8901 9787 5396 5570 5697 2966 6767 3345 4360 8527 3052 308 3194 3087 5260 1304 4558 5909 1765 6587 7269 8956 9772 8442 2131 5080 9907 5927 585 4328 3934 7748 6487 8377 5590 3253 1010 3091 4553 1556 
68 3000 673 9203 3532 8778 8491 1129 8483 3422 8255 3897 1943 9869 1932 8207 9502 9996 194 3614 9390 2928 6067 9840 5189 2900 1714 6200 1678 5265 8332 9170 3794 602 9184 8064 8723 6973 5747 8843 1117 288 6992 6054 1429 2804 1785 2880 7382 9744 4415 9333 8558 4043 3249 8554 4112 9222 2502 1254 3612 382 7147 8266 1004 3324 940 1233 1701 1798 7569 1417 2802 2870 4937 6628 6424 424 2558 6288 6176 6776 2091 4609 6740 2428 988 1908 6593 3931 9271 4036 3844 9886 9437 9937 5196 5065 9485 7334 8043 2656 
69 3000 9065 6535 5676 4634 8760 2368 5630 256 2485 4239 1146 2686 3017 4316 5760 3736 642 3837 1020 6742 4941 7545 7324 7554 9685 6246 7885 3666 864 7490 5823 1453 7842 4383 4378 1546 7632 2521 247 2331 2299 5044 57 1564 9486 5826 9945 6122 6069 776 8281 9872 4932 7279 1504 9668 4872 1751 3084 9469 3622 5323 5620 2592 4007 7647 6046 2074 3222 8835 3977 9177 5230 9515 3172 3 6294 9012 6122 240 3625 1661 1766 8039 7164 1236 6334 5005 4481 3515 7307 5316 8804 6956 508 2977 169 1512 319 7185 
70 3000 9701 5559 3021 5825 7013 961 3255 7093 736 6248 3615 9245 2168 7927 7363 8460 2057 9914 4267 4845 495 1097 9566 6549 9954 1013 6064 2014 1433 3663 9337 345 3737 9441 6080 9802 5879 5194 5570 4428 2606 2407 4252 8790 3056 3510 3461 851 2530 6311 252 2967 7396 6557 1377 1009 3119 8617 364 1606 5409 4286 7736 7520 4502 9728 4355 1139 2560 523 7880 6099 4201 4861 2359 7030 146 4845 947 7428 4003 5925 1743 5651 2166 4458 6752 9038 6842 3390 3984 6158 2203 6068 2658 7179 3665 8168 1548 2365 
71 3000 290 7759 449 8697 314 3484 4762 4619 9795 868 3212 2909 4398 6754 8688 1676 4289 1858 2206 3478 2168 1456 0 2573 4422 4192 3738 287 5395 9010 3859 8509 4801 214 6041 1315 8240 649 787 4712 861 3015 6144 4511 4132 9296 3540 2321 5745 8319 6752 9671 2644 1438 3990 257 7174 6346 3118 311 6364 9002 9991 7100 4324 3696 9919 5544 7775 1229 2260 2963 4702 5221 8131 1950 6127 6549 1251 1366 1019 5900 1903 5459 4312 4459 4028 1113 8067 2713 5434 3219 5740 7391 1143 8168 9593 6517 9847 5475 
72 3000 1214 2596 3507 7526 5174 3922 62 7443 5802 4012 9270 5089 7091 9164 1674 1183 5719 4141 691 9546 7207 5981 7827 7477 5194 5927 1017 4242 3839 9488 6089 7702 3350 4625 1355 9055 8635 8053 5325 5707 1078 9682 7549 2271 3445 5170 2577 9685 7909 6609 7055 2461 7203 1334 9934 4051 8896 8856 5814 351 2796 5919 1408 1315 1480 9687 5129 705 3942 9050 9810 3959 2373 4057 8540 4190 2063 3478 3628 6307 4428 484 8696 9260 3162 6458 3894 6409 3515 2926 4236 4025 4696 1620 1068 7907 5398 2656 6657 8130 
73 3000 2454 847 1906 1915 2609 136 7193 4626 7427 6150 6339 8892 1319 6891 3691 1849 2691 1538 4346 518 8222 7387 7483 5293 271 4902 2833 1569 7400 906 263 9484 8026 9882 2499 1792 7204 3416 960 9858 6521 7745 4723 7779 7129 9451 2616 4632 5897 9261 8429 4843 4686 3986 9258 6684 2753 6576 6966 8893 2279 4308 2775 5422 7018 5089 4981 8308 4079 1895 9792 8665 8825 5325 5296 5812 2901 4289 8546 4514 5388 4812 5781 353 7077 6971 5760 3227 7875 9952 6231 8971 7331 5237 3518 9098 8286 7904 5238 8678 
74 3000 3654 6072 6140 2327 6323 8450 7069 8333 2182 26 7058 898 6272 5875 8541 513 2066 3089 5691 2452 3870 841 5892 3394 2351 8564 4318 6166 3187 2263 1660 2620 8849 8944 4955 4623 3498 9180 1558 3182 1015 7787 6229 5689 6155 2637 1347 1291 8822 1590 253 4389 1469 7553 3712 6255 9633 1664 9503 4781 5580 4600 5135 2350 5083 6011 3689 1832 7330 2077 2776 702 7946 1195 6634 3291 5146 7784 1339 1153 9014 4221 3146 1565 3906 899 9955 4144 3974 4410 5897 5596 1821 3852 9053 2586 277 5268 2292 2733 
75 3000 7304 4200 7236 3734 4020 6371 1349 608 5851 6500 8154 1067 6814 5230 572 9011 6912 4189 7385 6155 2667 9173 2827 1767 767 1454 9301 544 4850 7216 3216 8607 5401 5110 3952 7621 2781 1940 5951 7045 3379 6472 3933 4498 8891 1366 1232 4257 8721 3234 1265 3879 5507 828 2120 8947 3777 1342 4269 5940 1723 4851 1412 3231 6104 6868 4437 205 274 9024 8516 4507 5336 7885 3312 7414 4415 1875 6327 7330 64 6345 9360 1407 4790 6747 8101 5291 4708 9951 4845 993 6315 3672 4331 2886 6395 4033 2706 1826 
76 3000 5045 1247 9619 7396 1830 3424 3432 8282 5055 8507 9558 761 4174 4331 1932 5332 5311 6804 7597 1452 9917 6217 4417 417 6546 1677 1924 6350 5757 3668 5272 5327 8139 4731 2338 2619 5468 8275 3929 8068 4982 5510 7126 9579 6783 504 1745 4744 4363 3371 9933 586 8262 1575 8876 1431 2837 9364 6642 4904 6171 5332 1149 6049 3099 8100 2249 9578 1358 124 6945 239 866 9630 7733 1313 6124 674 4064 1237 1743 1322 6936 8347 1099 9961 6608 3751 8106 9731 3438 2326 2122 1086 1851 1835 5972 2476 7427 178 
77 3000 7107 9156 7116 762 1876 118 2579 5992 2929 3152 6651 8901 9745 8030 2933 2888 2287 7810 8503 9594 7775 8275 9761 4895 590 5490 1390 3026 5302 1483 8448 8824 2823 8056 1582 8103 9683 8719 5366 6147 430 8748 9771 4329 3164 3367 4748 4865 8183 4058 7949 3676 9762 2996 5563 1391 1058 5605 6281 2464 2134 1244 8390 2420 1113 2011 9981 3231 8456 9684 2296 6805 4361 773 6187 6613 9295 9707 1709 7431 7644 141 836 3215 4488 4391 3295 3094 5509 992 5538 5490 13 381 2827 370 7085 8705 4452 9610 
78 3000 4865 9759 2068 5496 2953 5037 1163 7343 7933 1922 5642 6241 2027 9993 5551 7927 4873 5458 7908 3782 8425 3711 673 9948 4984 18 9837 4579 8345 8325 9634 3209 8081 8192 5885 2251 6939 9850 2462 613 1373 7386 873 9449 5191 52 2984 30 6337 1695 6854 9734 6789 8322 5702 6177 5591 3778 9995 9450 5002 3556 2665 2494 9772 6732 7448 9597 9552 6024 348 3013 4410 5973 4227 7710 3493 9251 6523 4238 6799 1101 83 9731 83 1887 7136 7021 2880 7783 6377 1888 9662 9583 3184 8431 4110 9627 2957 2564 
79 3000 6523 6869 7585 3635 4338 54 5032 4177 5789 9027 2057 7771 6680 4172 48 5051 289 3965 3991 7821 396 658 4561 1298 7433 4092 3330 4488 7764 3625 1114 8682 6085 8196 9436 4073 953 4503 5113 4505 3437 3315 7974 344 8899 3908 1698 9474 1891 6617 7780 6418 4184 3525 2621 9583 5923 7268 7741 6631 9904 7974 3120 7979 8970 8314 3666 8416 6549 6692 8797 6848 296 8551 5163 4174 8877 5806 2485 9279 1869 4404 2516 3155 2788 6 1134 1148 5240 1798 3556 3328 2199 4421 2677 2986 8412 8035 537 3257 
80 3000 5922 6496 2909 1861 2721 3671 7014 3978 4533 7865 2361 3245 9707 4387 4714 873 7253 6226 3177 2897 7989 2866 413 5544 8820 7216 5985 8731 142 669 2814 7688 6366 6287 6776 2697 9572 109 9413 6973 6287 582 3776 2652 7387 6125 3386 4915 1125 806 4325 4235 9279 8158 453 6747 6437 3105 1745 2744 2393 2027 5760 3300 7676 939 2224 5012 2204 1802 751 2876 7059 6956 1682 1278 9392 1680 46 3121 447 4871 2654 7065 6718 7860 8312 2903 4220 1338 1159 5054 5897 419 7138 4186 2148 7823 3579 6960 
81 3000 4476 5184 1916 3903 2269 2484 3530 5404 2704 5611 8709 5834 3766 2043 8741 5793 412 4657 1129 2480 3838 3661 7928 8190 3887 6655 7213 6937 4575 6813 7667 9194 2744 9192 6297 4771 9838 5165 9271 3808 6805 4980 5888 5896 2127 8446 5663 7322 2969 3735 8544 6444 9461 4324 8254 7182 2095 4047 8749 644 2254 283 3815 4869 5867 5261 9781 2697 184 5496 1356 7770 3677 9348 596 8648 9073 2701 8994 1057 9497 2779 2696 8261 7760 74 836 9559 8753 8405 7008 6901 4979 3105 3849 9639 5202 7327 758 7398 
82 3000 6228 6477 4736 1069 7805 774 4347 1932 650 5933 6812 8902 7603 1975 8221 3900 7904 159 6877 5350 4595 8039 9755 9798 5044 2653 2095 1659 4606 1825 117 1091 3390 3604 6863 9984 6168 3818 1155 6089 5403 1764 9692 5261 7394 4009 2261 1826 1564 6327 78 7084 2851 3760 7252 5927 7246 8798 5378 1583 436 7690 1247 8492 9589 4875 7687 3295 8251 5543 7533 3963 4376 6318 710 7038 1478 4065 4452 3006 2908 2826 6639 9791 9256 8879 2265 4381 8878 3916 3026 2566 1551 6359 35 6818 5246 790 9661 2281 
83 3000 6035 5508 2496 894 1116 8217 5444 3639 4963 9830 6934 907 8608 6405 5262 1001 2040 9205 56 6750 9736 2877 6864 261 9306 1766 4870 5786 3280 4345 7734 721 4003 5774 7557 4725 1666 8585 1968 6966 5455 1489 4345 1496 7832 6312 7149 741 1938 3050 8390 7127 2114 3057 1219 2822 7561 348 6642 7613 9112 1039 9359 4894 9138 901 6729 5796 4571 1044 860 1426 3061 1727 3825 3240 2252 4293 5999 1543 2180 1224 7529 2103 808 4327 2916 905 2672 1040 8739 7015 662 8871 4486 3581 921 7950 6526 6950 
84 3000 877 1718 5195 3921 391 5731 5011 7105 6036 4599 8016 8434 8500 7038 238 771 3112 9060 1283 7663 3497 5277 7049 1210 8348 8337 5567 8059 1336 6481 5962 3530 4128 9229 549 3856 2550 1185 42 6559 5855 3976 1898 8944 9129 6302 1779 4722 8822 2130 8144 8751 1393 6995 9962 9914 5092 2436 7552 2109 4864 8556 6551 3375 370 4701 4999 3135 7147 8276 3558 7567 878 1672 8849 3104 4801 7327 9918 8048 232 910 7827 2323 217 2630 8365 5344 6313 6667 7893 2010 8488 8733 2306 6829 8147 1757 9121 6163 
85 3000 4288 9689 2696 8598 2777 9436 2569 3441 8748 923 4918 7340 2137 5273 7157 9033 6327 1116 5648 2216 9931 9026 6541 6540 1690 4075 9740 6733 8504 6520 5991 9844 6582 608 7096 617 5719 1516 9258 4985 6702 401 9541 1691 1832 7591 5460 2036 8581 3891 7699 7749 6366 13 5948 6980 6453 4142 7869 8429 4986 7612 1185 3582 9135 8721 8896 7091 6376 4659 7620 5265 6895 1571 9053 2692 9112 2739 4564 6986 8335 4888 2907 1657 8538 2625 1064 7109 7260 994 8204 9758 3638 6158 2779 9282 9555 4212 2735 3988 
86 3000 3918 8114 8853 4312 61 2745 1216 4435 6272 8088 8793 2037 9448 544 2161 6159 1866 2361 9341 3205 1092 9191 4761 1063 3005 5779 1350 1348 7950 9767 5751 9774 13 3629 6661 4653 9431 4731 6294 3513 8108 3512 4974 7843 8276 9794 8849 5970 4271 7217 729 4049 7433 5795 4052 5185 4132 2599 9973 6684 6926 572 7583 5416 8833 5452 7243 1319 737 842 7051 9015 1912 1384 2434 7560 3678 4075 8860 8309 6173 7693 7680 919 8264 365 5091 7467 564 5242 4226 4694 1592 4311 370 4380 7047 331 9301 1838 
87 3000 2213 6887 8751 2536 7482 6578 2998 6840 7010 7320 583 2891 492 6787 5146 7595 8068 4963 9392 5749 8345 4829 2183 7283 9554 1171 8751 2634 3825 7514 4036 6241 4591 1178 9157 8165 7111 6465 993 3839 2129 5966 4906 1933 2647 9996 576 356 3827 4149 969 374 6021 4985 4422 8855 921 3838 9863 8644 837 8749 5150 7055 1102 4524 8533 2496 5595 920 3244 9210 5394 8949 5218 152 558 5319 3923 7982 5024 4983 6335 4183 4636 1832 4018 6314 8299 7496 3347 3377 2253 8284 8843 9311 7481 236 9642 4619 
88 3000 228 2314 9079 6109 5662 7704 7407 4766 4646 3253 7638 1751 3642 7026 4503 2519 7736 3992 6547 9065 6796 9831 1339 300 4743 2867 3817 538 1958 4125 7749 6127 806 5522 322 188 4290 6166 9863 5490 7830 6797 6672 5443 4162 2339 6989 3222 1365 2591 86 9012 4019 1029 8480 5379 7476 1746 1273 765 5266 4502 616 1112 9623 7916 1301 9604 5136 772 3474 4541 5531 1448 8475 5337 3567 5482 7805 6636 4069 1249 5211 559 76 3776 1908 7082 2123 6669 4912 2522 639 2176 8509 6164 1474 9370 8842 5009 
89 3000 4557 456 1628 6637 5667 5205 3000 213 1339 3515 3464 5601 6891 6091 4998 611 7575 3256 1262 6375 2854 1884 935 837 3807 459 4189 377 3654 2256 2270 9558 1410 6654 215 8994 8659 8566 2697 1350 9462 6000 2982 5459 3378 5739 5024 8572 1622 7156 8679 6725 6338 4140 8044 3240 3004 5161 2922 5342 5959 1447 3411 8906 7053 3302 7623 1329 7428 4529 2517 2527 2417 4996 7870 4053 9574 1317 3364 6345 9825 5661 8799 4099 1746 2684 7439 9761 8963 4592 2470 5150 682 4317 6593 1206 5343 6835 4740 5859 
90 3000 7392 8591 9912 23 7186 5065 2144 1724 4024 6447 594 8336 2292 1456 8761 6964 746 9265 2822 2928 4914 9563 3097 6394 2620 739 8641 7114 2638 6189 4956 7300 6472 8752 4833 2619 3253 3266 2316 1313 7773 7253 9791 1449 1629 9728 8203 6286 7511 8130 394 7771 6592 3385 7568 8165 9066 3085 8881 9783 7795 2799 4159 2869 5087 5508 9731 1592 2600 9161 7400 8163 4365 2358 6531 5088 2945 8161 9264 5532 8708 6027 8855 1819 2228 1868 1145 2055 9816 6228 9140 4868 2172 601 737 2284 6159 1859 9557 723 
91 3000 9708 4810 8911 116 9846 2884 8890 1157 3847 6941 6582 669 3508 2205 9409 5102 2554 3322 1592 2156 7165 7542 3744 522 9625 6031 5580 7760 5106 3301 1763 6290 1561 4773 861 7513 2761 2454 7444 4061 4442 8754 7296 164 3582 8412 5754 149 804 8559 9173 5059 5907 6900 9518 7401 6513 8024 2076 4016 9848 7834 6299 7073 7641 6111 9764 3196 4155 7193 5270 703 7338 8785 1046 4983 3098 8895 4093 1989 2710 889 6652 9857 3338 6675 5789 8659 1693 8015 6114 8266 806 5955 5616 4352 9930 8385 4635 2507 
92 3000 7572 5722 7944 489 7641 4720 9969 8594 8727 403 3127 8151 6503 6122 9292 8141 9253 1739 4384 9949 6522 9940 6081 229 899 662 4667 1905 2911 3654 6986 3287 9058 9165 3541 5322 2960 6745 8704 6963 9639 2184 4057 8664 2917 2569 4858 4003 5945 9467 9628 9426 4858 235 2868 2121 5547 7453 901 6012 3566 6481 831 5879 7156 1145 2638 9607 3402 7544 4390 8557 7504 5985 584 6059 5184 1040 3611 4035 8212 9730 8347 7745 3058 7835 9863 8659 2671 4326 4271 5452 1377 3925 2685 3124 2913 7785 8311 249 
93 3000 1574 2304 6665 4343 6491 6055 8909 5364 9036 4846 8318 7328 3346 4902 9868 8060 9979 4176 2954 7060 2689 1780 7227 1504 8328 5546 1560 364 9874 7708 6137 6650 2584 8710 7669 7788 3271 9142 7734 4109 2705 9798 4240 5475 1143 9856 6017 6024 6979 3193 530 7040 8523 2812 4721 7948 8900 3406 8970 5440 4082 2036 4191 716 4039 6947 2039 4858 7013 4494 8259 2322 6925 4206 9142 2567 3899 1966 1120 9793 7916 1322 3480 816 5591 2921 4203 1063 75 2064 8929 8696 4084 4394 3049 6852 6046 9701 6916 4020 
94 3000 9388 3859 4186 2534 4927 8880 3287 5196 6408 1103 2003 21 9146 7498 5192 3105 1815 104 5625 9629 1337 8582 7952 2971 923 904 5789 1960 1214 2158 1936 6241 4565 1485 1716 9773 2445 7132 9440 2454 5964 9641 7993 9861 9528 3158 1555 1125 7613 4860 1438 4924 4668 2520 5050 3609 8145 189 7985 5446 4649 2004 9239 4987 9214 4120 9551 1569 7709 4771 2863 5933 2363 2454 915 4969 418 2235 958 4590 5906 186 6594 728 4550 5938 1739 8451 1795 3373 7714 9214 3959 9423 3464 6227 2505 1011 8890 7951 
95 3000 1454 108 1320 9724 7900 6914 5096 3498 5674 1167 4290 5720 2113 1581 8543 3320 7965 3398 2031 7839 418 4077 5553 7668 9251 7101 1749 8425 6109 3909 3436 1449 6910 3955 5076 419 7370 2894 7362 6103 1654 8888 4938 9229 4155 7042 7236 1480 4396 1959 2440 4614 5059 8426 4578 7713 3132 224 3733 2550 4194 7059 9390 7091 9812 9620 6893 7110 8068 2767 7039 5938 7215 6835 8793 2336 2452 7068 5126 6487 5826 1182 1981 4119 9262 5042 364 8752 711 6478 1555 2068 3432 7210 5453 2407 8390 2916 2035 1388 
96 3000 9788 1407 5953 8658 3713 8942 4241 4757 9922 4657 7162 2120 6736 3127 2166 4195 9072 5049 988 2690 9594 6047 9853 2945 2991 3611 2825 7426 3378 2152 8267 7347 4825 6186 8430 2416 5008 1645 2173 8708 1988 5307 796 4658 4110 2356 7010 5184 3035 2069 7025 3932 9890 1618 5766 3649 4542 8009 5209 4678 8008 8139 5851 1576 7975 6978 1298 7867 7456 3880 5977 8906 6567 7015 5979 2881 7429 5929 3026 9927 2196 2225 1553 9381 4204 8376 8932 5147 2255 4653 8805 9191 8012 4187 7552 3169 6532 6155 3881 8166 
97 3000 9914 7082 1541 2569 4080 281 5163 8067 8676 3406 9228 3767 98 4142 148 8443 7646 4006 1491 904 2799 290 2315 8496 1623 6108 8633 3717 291 8591 8005 8966 3740 5187 7254 9413 7448 8101 3299 3997 2334 6848 7129 4546 2788 8940 885 3020 7821 8695 8081 6889 5345 4168 6939 2621 9573 2211 6857 7312 1547 1658 7998 8422 2792 4631 4005 1655 2090 5974 7837 6950 5385 815 743 2604 8810 244 4340 7518 4838 5127 5840 1567 1562 8036 6379 4096 5095 3308 2489 545 5096 5230 686 7188 3426 4348 5182 4011 
98 3000 5925 1899 8730 5705 7311 2368 6583 785 9208 4177 3591 8841 1304 8489 4408 5906 5621 6141 6836 7950 3920 2708 8292 2508 8231 1680 5393 8419 4501 5775 6674 3699 9375 6372 8427 1540 94 1068 3665 4429 7529 9362 4212 6393 2327 6465 5922 3372 4191 5232 7012 1713 4283 6222 9530 4794 749 5880 3948 7768 7374 2847 6871 435 5358 2393 1881 8237 8218 8975 3500 1379 9817 6921 4281 2079 5514 9241 5022 9932 6442 4557 8106 5413 6914 2161 3966 1494 4943 5204 675 3391 5901 2000 6660 6436 9294 5459 6542 2073 
99 3000 8664 649 103 1977 4616 479 4373 302 972 9504 8847 4053 4045 5863 3822 1580 5046 1336 1865 9199 5609 9525 2401 5941 6441 2168 9430 6419 9105 3567 2362 1828 916 3151 9988 9063 2972 6157 7565 7967 1308 2438 7034 6702 1168 3399 359 5243 4412 7056 5989 7002 41 1216 8452 8572 7851 4788 1069 7600 5209 7218 1791 8781 6955 6042 2167 7980 8430 2579 9432 4479 1631 5728 1724 1345 4483 3913 6419 3931 3244 5133 1602 6494 8035 5150 655 6940 1489 3796 9968 9697 526 9407 9782 6713 1263 1383 8156 6570 
100 3000 7035 868 8052 1741 9547 9562 7553 3950 3158 6653 3203 7675 2275 3877 6469 1768 1886 8700 3335 9198 1211 5626 7013 4926 477 5634 3785 1901 824 3733 1967 5175 7330 4646 3999 4158 5165 6623 1661 2983 8864 3367 4412 9003 4737 4099 853 9414 6388 1739 3319 6000 3375 9215 5594 8005 2981 3897 3751 3125 5120 153 114 6636 363 38 351 8634 1090 2098 3688 9410 5771 8302 6248 2944 6362 9108 7517 8525 8837 6640 9932 501 6839 5997 1600 6148 8458 4692 2131 1665 6132 205 1610 6295 9676 5667 2683 4574 
