FILE: D61.01
30 80 0
1 6000 439 622 191 636 412 206 629 740 526 339 422 363 958 973 921 344 517 243 700 178 660 522 676 544 672 147 239 155 96 30 264 941 20 882 320 992 303 263 932 259 338 169 247 473 448 394 934 242 507 364 670 811 873 681 51 436 242 79 281 861 505 27 470 842 199 681 892 211 658 416 51 437 452 658 884 146 197 218 963 584 
2 6000 353 871 27 486 79 375 692 306 759 670 684 305 275 457 433 437 639 892 383 519 60 599 847 651 54 734 766 349 682 309 202 365 513 497 917 662 407 147 881 514 704 207 53 189 931 291 271 206 596 110 607 609 182 964 24 247 925 46 673 518 477 747 692 546 43 696 829 268 77 760 744 389 156 698 339 682 94 721 946 594 
3 6000 922 646 727 642 792 882 128 539 437 961 725 556 249 833 317 59 588 640 596 699 406 192 250 230 784 870 836 422 478 156 264 19 59 531 248 249 753 941 552 809 559 564 388 837 758 87 802 804 390 218 394 819 801 644 213 306 853 168 180 517 889 226 873 865 47 516 16 529 21 952 530 310 853 660 472 202 859 247 721 651 
4 6000 284 39 744 964 766 532 289 850 221 755 354 542 228 777 267 484 516 69 226 52 645 940 141 263 472 772 129 962 499 269 487 436 697 432 509 935 897 494 979 70 341 514 682 543 491 876 782 199 692 377 411 852 768 151 309 855 165 142 857 895 720 329 358 966 653 444 898 4 885 384 628 137 257 47 832 32 767 808 599 301 
5 6000 394 346 453 437 628 51 799 246 276 730 496 249 657 821 438 17 767 839 461 911 512 276 423 195 609 674 818 993 236 77 741 49 35 600 575 780 555 322 221 561 741 217 230 741 541 359 672 332 249 102 95 864 657 464 398 355 631 433 995 875 177 404 77 671 621 484 343 324 974 867 29 897 89 0 587 555 694 773 851 623 
6 6000 902 435 37 541 292 459 427 695 149 81 63 598 958 731 318 365 753 60 668 982 403 806 521 317 445 196 440 347 532 116 607 573 123 761 872 87 481 990 230 266 584 96 67 552 43 218 20 296 624 108 806 134 455 479 839 855 525 641 3 239 566 655 417 831 904 719 525 119 384 7 371 84 950 672 393 592 990 244 582 599 
7 6000 24 129 355 630 834 445 966 513 641 889 837 823 401 879 604 17 830 669 267 720 252 678 256 136 856 724 772 46 450 405 247 377 332 341 256 787 341 480 733 259 699 214 844 158 734 494 331 717 78 689 711 442 434 389 135 375 502 883 280 707 167 519 102 701 525 680 795 392 869 581 812 35 196 608 271 774 357 427 608 489 
8 6000 421 575 816 307 368 746 105 727 686 501 336 840 980 619 76 614 172 804 603 701 405 962 719 748 226 780 708 668 156 822 286 857 224 843 883 805 588 571 102 82 797 648 702 176 822 961 945 124 435 87 653 439 30 55 814 274 475 161 91 308 109 41 62 316 449 726 557 893 723 909 908 303 816 113 483 916 718 15 326 209 
9 6000 72 622 261 798 918 515 301 459 223 899 696 628 291 666 475 328 647 179 827 1 494 20 151 219 323 403 130 730 789 474 680 817 432 222 89 440 337 210 228 118 343 861 146 33 867 498 910 324 967 871 27 23 715 385 298 628 486 745 437 756 248 247 313 864 459 417 141 497 651 231 486 32 303 633 407 395 98 557 592 704 
10 6000 149 194 832 326 297 702 663 298 71 84 542 602 403 463 375 233 692 458 766 566 314 887 811 955 165 518 787 56 339 79 594 838 528 257 262 742 241 890 403 966 435 84 924 343 654 469 858 779 262 313 656 717 876 704 780 606 583 540 941 826 37 523 830 63 33 888 683 574 644 85 520 335 532 127 410 524 497 832 599 323 
11 6000 894 669 847 487 980 428 817 674 806 441 864 985 734 563 58 686 185 633 801 594 697 642 856 80 905 314 168 159 520 336 278 655 907 932 718 880 364 23 188 818 677 682 897 279 66 94 882 981 100 758 668 42 682 134 101 842 695 466 710 730 405 985 420 536 215 227 992 371 858 674 3 664 632 443 724 926 762 229 746 193 
12 6000 489 247 679 626 979 356 787 233 635 122 892 187 929 1 392 694 324 397 738 904 387 782 216 808 701 620 375 611 644 300 941 534 655 802 574 523 57 318 289 833 51 538 916 951 962 826 406 826 333 5 365 890 969 968 624 814 507 832 219 488 630 856 601 185 495 846 435 380 483 251 827 191 865 692 323 909 467 119 518 597 
13 6000 939 332 628 210 716 72 870 215 269 414 974 180 731 669 702 297 500 518 688 313 916 603 464 823 591 278 2 419 501 760 626 643 427 377 627 213 835 152 437 512 798 420 698 778 49 724 66 989 754 678 104 904 107 42 107 215 336 710 185 308 216 845 474 566 680 860 802 718 623 485 656 176 498 624 795 842 784 230 357 348 
14 6000 937 904 798 206 904 455 507 824 803 122 445 868 856 691 648 938 173 216 940 11 476 566 698 647 369 518 10 402 227 612 84 431 320 493 226 741 247 947 258 71 288 363 701 865 761 832 579 300 975 603 171 847 880 112 580 332 3 312 436 956 764 514 600 263 770 459 190 498 169 841 798 350 680 4 217 530 362 23 541 162 
15 6000 749 895 968 452 415 54 161 607 586 936 506 470 874 799 99 837 745 537 836 936 799 681 410 21 461 335 598 564 186 235 651 2 752 685 147 518 757 545 147 819 898 37 998 379 129 550 623 117 300 180 652 983 357 229 219 415 710 361 794 137 852 661 872 266 833 286 870 207 673 956 84 282 313 984 34 587 197 65 55 33 
16 6000 82 559 471 35 159 463 194 830 96 811 99 886 74 709 9 372 438 728 642 150 26 876 364 278 799 860 80 468 838 865 122 486 331 565 470 956 615 584 150 533 884 129 150 921 660 9 710 703 604 762 311 446 772 115 222 59 916 472 944 862 907 689 394 345 883 807 169 81 225 9 742 760 932 478 929 815 511 407 470 612 
17 6000 962 857 69 664 959 698 736 847 820 343 781 81 350 491 288 448 166 613 432 213 588 375 472 717 693 742 760 615 621 970 624 422 737 198 451 839 732 872 830 829 261 713 87 902 211 449 60 600 202 29 467 621 393 536 684 576 211 522 313 833 79 984 354 423 750 693 339 479 328 101 270 163 579 544 702 575 625 957 815 578 
18 6000 607 821 825 47 424 566 566 481 126 137 599 451 67 951 682 875 412 966 954 556 76 69 665 978 712 515 810 814 820 626 497 124 591 473 402 699 559 760 151 541 671 627 975 921 863 594 478 6 731 360 864 515 403 678 470 367 189 25 941 807 120 290 897 952 957 188 436 255 769 627 313 838 674 748 141 162 834 854 452 13 
19 6000 306 938 981 266 825 48 983 396 134 190 965 206 942 999 647 742 103 887 510 861 119 898 773 420 554 978 140 563 446 891 161 62 332 481 558 192 956 520 344 97 265 847 99 135 795 22 226 146 19 211 552 131 769 522 94 303 326 512 360 980 255 84 3 288 597 488 194 140 500 651 539 472 894 549 901 185 286 847 955 782 
20 6000 290 519 830 149 971 667 683 474 599 263 532 741 913 30 221 793 482 179 831 430 259 219 396 491 924 569 274 417 110 181 997 237 95 889 960 469 71 719 790 889 574 864 732 638 165 546 903 650 962 490 755 848 124 219 589 94 856 901 467 359 60 949 362 68 205 117 899 111 510 284 510 470 48 666 377 937 848 666 977 899 
21 6000 607 77 596 649 83 867 633 189 780 253 68 9 23 296 903 801 988 719 948 566 822 185 781 109 408 739 230 368 896 643 220 551 580 315 327 558 216 595 889 651 385 57 13 834 975 585 314 928 402 929 752 791 634 465 385 669 639 872 398 133 335 951 247 583 636 298 265 769 699 55 561 327 949 459 579 770 992 397 136 913 
22 6000 1 700 301 215 667 386 948 978 317 573 330 902 284 280 522 942 127 837 71 942 800 119 695 32 347 328 388 219 239 534 753 187 932 704 928 733 738 428 940 836 614 68 821 813 957 541 350 544 997 465 750 210 880 876 185 547 45 248 406 56 978 13 391 151 937 330 309 711 754 290 673 9 293 302 6 474 662 862 879 273 
23 6000 782 430 650 170 395 635 763 625 106 524 943 621 561 75 122 173 349 689 464 983 719 890 305 234 712 939 369 959 799 590 103 984 616 701 463 891 896 922 11 985 185 180 650 725 438 174 860 590 98 607 757 851 729 363 836 215 824 361 733 814 863 292 858 497 223 966 226 910 25 483 349 319 529 956 526 647 150 987 365 710 
24 6000 705 632 896 85 974 66 110 627 174 670 268 52 444 753 825 604 922 629 317 233 519 284 45 282 982 315 910 135 333 408 238 807 287 28 933 927 738 572 817 111 902 686 486 156 223 975 528 65 627 817 460 334 210 506 208 502 980 435 488 405 715 550 925 125 553 781 262 85 398 674 488 279 740 947 242 76 977 182 335 606 
25 6000 843 373 723 156 21 553 793 575 553 215 286 143 121 745 717 877 807 593 624 737 427 384 499 710 16 712 738 232 576 815 457 926 671 859 516 111 972 45 597 64 325 271 677 502 465 544 746 244 946 885 99 528 390 931 69 953 650 956 516 513 982 534 950 691 806 555 594 79 173 822 261 502 513 939 377 106 760 715 990 377 
26 6000 461 798 116 573 945 765 261 525 157 375 465 275 254 217 714 534 534 462 55 410 832 942 271 392 929 274 445 45 109 246 271 394 436 191 444 457 844 553 983 913 645 382 815 345 542 962 490 59 739 298 341 923 247 683 955 204 977 49 283 882 711 346 252 383 551 642 198 232 935 182 984 571 816 110 141 17 92 84 866 838 
27 6000 894 501 239 903 812 539 485 377 656 755 639 643 856 438 443 400 77 448 835 419 158 757 861 922 965 410 362 55 242 120 272 413 69 226 877 106 13 227 880 318 559 604 604 827 931 168 195 471 880 623 156 8 546 602 50 360 982 852 741 690 424 822 982 291 928 348 730 758 433 678 997 405 873 525 610 402 415 397 706 589 
28 6000 420 903 307 458 228 261 835 246 349 726 883 624 165 162 115 952 726 461 614 551 744 46 542 984 377 166 438 801 880 209 13 717 751 740 777 696 424 493 340 908 145 39 739 27 84 333 631 843 313 877 691 646 717 700 62 367 444 894 208 929 994 904 2 787 519 305 399 119 450 280 535 646 39 516 602 537 896 744 337 379 
29 6000 135 627 464 675 211 232 948 839 44 795 386 159 517 1 400 698 966 489 349 591 715 820 233 727 296 604 110 260 407 24 881 945 228 460 783 736 185 448 435 650 735 673 782 333 304 238 777 320 926 901 147 447 722 531 91 387 774 466 244 774 518 19 757 894 225 846 840 399 686 376 603 22 675 52 548 760 301 571 548 489 
30 6000 828 870 658 488 66 50 611 830 925 984 329 122 225 797 301 549 351 971 169 700 858 262 373 144 612 172 181 220 552 177 971 14 694 441 89 987 439 233 136 232 795 760 34 819 616 642 693 199 424 741 652 144 939 571 513 173 887 996 523 961 191 449 150 668 141 380 992 682 623 151 855 733 23 114 370 845 873 57 958 105 
