FILE: D31.01
30 80 0
1 3000 10 225 233 381 740 749 831 122 593 382 2 223 257 698 51 864 444 247 725 940 690 760 366 988 810 538 574 955 117 215 249 774 986 644 327 221 860 94 80 24 297 502 311 683 147 987 280 976 453 340 730 622 165 728 824 69 279 300 365 867 468 952 128 606 822 931 647 884 777 530 311 273 831 564 103 745 144 876 830 546 
2 3000 610 556 186 963 497 131 494 969 252 410 470 211 558 224 850 303 244 774 228 908 135 802 944 555 443 310 375 687 788 41 458 881 439 441 800 734 878 327 221 362 277 970 58 0 978 818 97 657 571 579 451 298 671 877 248 531 977 201 469 257 715 376 767 256 54 260 624 174 589 888 692 889 491 798 642 718 408 736 392 426 
3 3000 715 471 38 528 215 936 332 826 868 415 69 672 655 996 203 914 166 997 54 992 10 608 439 163 629 435 77 314 625 202 104 339 184 293 57 541 693 381 149 35 147 851 201 617 430 230 55 69 79 356 828 367 612 497 839 763 17 138 563 209 499 656 443 94 77 607 919 751 122 835 499 724 436 127 240 247 956 631 458 902 
4 3000 689 758 29 943 960 787 110 236 576 882 644 291 994 758 466 355 89 694 378 36 616 136 21 425 955 577 899 183 246 966 388 562 488 344 83 837 712 926 317 102 819 364 209 917 166 386 72 757 508 555 533 747 378 342 201 640 514 256 238 518 402 225 667 170 559 972 761 632 622 582 365 846 857 996 487 913 168 639 3 904 
5 3000 214 907 825 701 710 732 368 839 517 937 661 811 623 614 960 811 582 220 177 380 536 641 6 922 389 912 54 574 244 833 846 367 685 189 42 185 3 800 694 461 965 113 914 93 201 558 774 544 829 386 789 602 394 209 834 755 712 963 828 663 732 502 32 688 987 555 312 956 747 261 196 915 449 994 88 860 520 702 463 393 
6 3000 166 484 398 289 230 610 288 737 716 719 72 412 65 399 835 375 786 881 108 237 520 49 734 577 155 509 617 79 61 909 221 351 52 248 149 900 172 386 649 228 883 468 393 523 770 498 372 908 336 760 249 721 998 315 12 792 865 307 279 186 396 261 90 382 542 132 532 361 441 298 43 558 290 219 740 164 465 990 606 733 
7 3000 488 504 894 571 949 431 577 875 950 754 196 84 192 57 953 417 281 307 379 70 352 328 440 27 609 697 406 975 865 284 342 265 688 145 549 417 236 987 821 109 380 937 834 147 210 819 536 356 512 664 866 890 315 673 652 902 103 347 30 62 776 10 228 891 971 432 62 358 813 789 979 745 715 659 2 215 304 282 411 68 
8 3000 68 811 515 156 832 752 337 417 630 334 592 2 101 13 758 961 970 834 625 963 731 867 129 5 110 444 852 600 421 405 994 391 379 77 188 671 499 201 996 780 643 541 418 839 834 362 269 800 911 537 773 267 132 464 195 76 315 534 883 80 604 363 541 130 467 508 94 705 7 876 973 162 187 567 175 87 63 340 941 697 
9 3000 612 449 387 778 254 47 942 117 671 889 933 903 988 550 156 62 947 869 784 999 139 850 456 707 902 734 878 727 971 452 798 912 486 193 690 469 429 298 982 255 115 190 189 786 802 579 785 930 29 645 154 760 773 416 477 525 20 80 881 211 835 419 708 674 539 114 249 784 79 119 766 586 177 833 177 914 369 282 217 447 
10 3000 517 38 443 668 882 86 913 696 369 363 885 459 23 183 383 178 373 273 975 634 724 632 594 173 980 937 770 941 107 710 86 294 807 971 232 868 529 589 481 269 369 59 933 858 0 904 378 592 181 452 122 399 975 176 607 49 243 337 183 989 524 131 869 121 892 83 450 974 873 876 747 261 35 363 413 266 322 960 93 49 
11 3000 751 149 290 930 539 309 789 216 276 586 975 651 227 34 887 547 355 733 365 71 169 112 116 659 974 189 56 9 642 949 769 654 465 585 419 544 215 809 970 645 985 959 50 986 913 126 306 160 376 0 593 712 761 686 839 416 390 169 937 882 704 687 495 477 297 696 797 29 896 670 822 275 868 448 655 525 373 331 133 516 
12 3000 725 681 90 917 90 202 11 457 76 656 475 147 346 209 199 560 818 137 52 639 569 109 862 13 18 762 379 263 493 796 222 140 770 290 159 176 691 484 571 675 424 718 432 538 501 769 658 912 190 284 158 100 316 558 449 737 121 332 158 669 252 881 267 527 470 61 444 449 190 575 299 929 415 146 915 255 195 838 487 511 
13 3000 169 231 432 604 310 669 788 291 458 306 269 677 723 170 809 138 379 949 935 162 309 736 823 50 627 445 373 968 548 109 150 305 106 789 535 813 821 313 926 491 901 551 335 692 74 463 231 406 643 623 964 212 863 448 610 837 231 843 599 815 774 491 951 210 944 490 472 858 209 579 754 119 919 651 320 585 564 778 761 731 
14 3000 3 475 208 965 762 409 975 56 991 285 733 403 179 112 40 109 223 583 591 338 932 777 8 927 572 913 534 700 547 355 470 480 795 613 688 252 8 538 75 445 264 435 254 809 166 321 410 856 73 36 584 322 537 433 266 635 517 358 631 845 473 650 272 993 947 867 766 378 697 970 910 707 4 674 987 577 228 683 897 273 
15 3000 220 538 488 345 670 294 951 932 0 730 606 301 882 338 926 575 981 781 151 113 20 62 324 516 755 105 102 720 955 983 181 151 982 494 681 415 66 322 330 477 866 488 801 814 410 313 35 501 13 622 895 698 260 386 7 516 657 548 111 720 29 225 788 249 273 29 887 4 557 703 512 896 550 812 900 602 786 690 44 16 
16 3000 752 374 393 841 796 736 490 316 443 540 870 530 226 631 84 296 599 986 173 57 68 838 451 784 83 600 931 350 834 799 243 332 503 739 383 719 98 123 148 496 441 341 579 567 415 643 282 989 61 927 951 985 615 347 946 706 88 470 266 212 469 191 765 630 162 139 949 979 732 778 201 606 570 926 781 721 562 920 436 993 
17 3000 353 134 974 668 313 71 636 195 782 756 620 810 703 635 589 61 220 715 517 736 356 149 713 162 345 990 365 349 722 341 447 943 762 607 341 457 366 69 8 753 978 514 53 237 640 120 535 744 763 326 857 573 724 904 590 651 875 947 560 277 47 4 56 442 170 63 495 169 73 616 391 849 79 516 968 52 477 852 267 765 
18 3000 468 550 83 544 683 929 584 527 861 930 943 799 782 224 851 63 52 940 221 91 829 208 956 923 86 255 111 284 507 257 295 182 607 683 654 169 171 331 287 214 598 790 432 679 266 537 262 345 478 395 649 979 120 562 721 384 589 941 574 432 115 978 971 20 48 740 370 438 223 432 140 104 977 96 290 148 930 696 564 799 
19 3000 111 301 252 56 528 609 545 607 777 503 790 462 780 880 490 273 249 456 377 810 966 775 424 559 480 139 121 909 301 673 873 903 206 253 847 17 726 502 132 939 428 590 538 809 75 44 893 902 264 284 163 213 623 123 264 909 185 925 878 131 0 661 153 104 615 562 596 23 483 611 29 693 916 569 939 377 667 770 62 840 
20 3000 740 395 563 42 509 454 630 451 761 181 853 451 739 67 207 817 781 260 2 705 661 527 630 152 209 526 459 539 317 577 726 988 918 680 751 164 31 969 335 453 474 352 683 978 325 523 686 428 742 96 915 162 216 58 167 569 868 264 908 137 879 204 456 212 633 747 249 910 693 85 37 151 181 601 351 287 661 874 83 288 
21 3000 130 539 526 962 197 230 720 163 49 307 438 481 300 608 666 352 313 925 920 85 92 438 235 751 335 811 180 423 741 187 733 722 171 777 372 141 748 290 213 124 500 898 546 349 623 964 614 214 981 261 972 959 917 884 275 425 981 584 840 899 653 746 818 18 682 714 331 207 106 703 410 609 563 996 73 991 982 666 404 572 
22 3000 252 519 957 272 953 496 345 316 758 240 342 698 580 56 361 437 78 977 628 132 602 150 922 746 175 281 203 122 608 327 980 172 336 184 770 233 77 567 476 536 900 817 44 269 798 839 231 207 364 907 829 361 660 536 204 630 866 152 464 927 823 780 134 724 37 459 650 519 261 609 545 163 233 73 645 534 676 36 138 526 
23 3000 142 569 846 804 798 980 552 326 760 724 729 61 44 74 497 912 752 265 179 277 569 352 270 247 179 484 189 881 680 807 640 557 604 742 932 843 629 822 108 865 573 835 212 647 781 479 549 384 471 242 285 122 161 746 216 804 751 245 64 166 365 531 134 438 539 927 687 327 858 620 858 250 619 39 473 275 640 483 609 761 
24 3000 781 751 237 137 290 956 789 822 558 271 0 715 383 805 864 269 329 341 53 574 285 152 629 451 800 607 415 7 316 793 843 628 858 868 650 876 301 371 240 254 802 194 72 324 479 445 916 125 949 923 315 371 803 414 95 408 617 534 284 371 604 334 259 544 475 391 481 358 635 596 663 25 278 364 699 256 491 486 222 44 
25 3000 968 328 103 974 399 620 772 28 162 528 673 366 387 251 709 33 999 834 32 74 827 453 996 26 375 853 644 243 353 181 554 38 549 930 390 106 155 202 20 188 121 21 514 457 645 906 890 588 388 432 948 983 503 987 22 119 78 448 13 485 89 4 530 84 448 825 494 962 244 815 43 734 774 159 85 580 452 882 341 673 
26 3000 197 138 217 513 385 458 366 134 962 659 256 653 820 645 614 129 16 823 76 202 935 327 889 480 995 810 10 140 974 979 445 719 573 623 174 559 288 347 498 869 199 710 166 884 760 15 109 88 197 455 139 958 591 830 448 208 251 560 253 8 471 215 431 127 256 279 494 487 122 353 731 91 552 546 881 787 215 241 166 848 
27 3000 528 973 33 829 666 631 457 671 604 712 123 527 297 831 369 264 581 212 198 130 888 393 222 537 381 833 882 437 588 672 776 260 142 343 450 882 710 257 493 589 708 291 274 506 902 281 174 469 477 253 649 791 684 604 972 911 636 952 995 378 372 873 777 147 764 253 425 656 367 455 979 651 813 38 702 225 825 242 604 48 
28 3000 466 947 556 241 699 342 825 888 864 4 387 625 157 630 850 299 712 110 339 155 374 188 183 515 761 414 748 432 704 608 262 276 664 560 969 720 218 179 469 109 204 810 571 658 624 946 517 476 900 37 914 853 562 640 213 808 989 597 97 343 267 491 594 397 781 76 285 937 618 909 437 185 389 909 404 431 551 43 148 407 
29 3000 833 880 217 695 855 214 25 125 526 488 776 644 337 225 889 624 120 198 242 69 370 544 103 696 746 558 85 360 806 363 954 788 614 199 661 92 271 530 414 30 995 701 158 488 831 359 282 138 578 346 922 763 41 313 689 192 195 733 158 337 354 565 990 285 935 275 998 924 922 427 23 57 616 574 957 498 760 662 748 90 
30 3000 646 663 754 133 288 666 256 188 252 129 511 717 252 529 155 533 84 109 328 541 15 965 338 707 198 160 233 766 227 123 111 597 409 7 506 763 864 270 712 172 24 161 374 326 650 351 193 135 944 420 93 760 849 419 686 451 148 233 390 853 431 948 33 749 546 956 292 707 616 12 807 598 213 961 323 459 795 348 690 663 
