FILE: D81.01
30 80 0
1 8000 211 508 275 836 104 355 753 567 482 496 568 236 649 230 656 630 781 13 194 326 753 69 31 269 128 687 140 699 407 391 930 383 124 726 775 632 881 871 591 56 930 790 805 551 380 153 577 457 625 736 592 376 99 527 288 618 935 243 853 729 634 495 842 87 335 303 740 27 775 195 344 456 537 594 280 447 678 721 518 760 
2 8000 338 729 210 767 405 295 721 757 856 372 167 76 842 336 328 81 132 239 267 371 993 387 497 268 113 964 53 15 648 923 299 658 3 851 820 81 423 41 238 172 1 489 312 567 185 13 133 968 398 253 799 482 836 721 379 963 63 672 526 815 487 966 586 239 300 678 534 373 0 652 591 319 70 724 863 496 906 842 842 320 
3 8000 606 781 123 647 695 696 163 979 388 210 447 876 487 276 887 559 500 509 811 163 76 231 373 620 360 930 738 627 344 356 886 677 827 980 367 621 58 24 864 726 678 790 905 697 34 496 555 643 469 358 453 440 685 105 22 468 760 677 200 191 932 311 538 550 723 725 5 630 506 641 344 579 121 339 336 243 607 491 785 486 
4 8000 668 960 604 665 954 814 821 224 753 254 856 890 196 678 918 416 550 609 854 365 714 696 306 884 497 507 517 950 779 341 617 50 150 767 753 764 104 121 895 219 416 668 656 894 756 648 986 723 160 945 75 989 449 563 298 955 178 661 570 722 217 347 935 267 561 951 735 133 452 7 214 750 420 645 892 840 324 632 548 886 
5 8000 995 763 172 132 574 829 710 75 133 886 961 932 681 28 466 35 143 402 723 638 406 669 591 85 29 631 203 836 710 258 254 290 95 813 995 894 45 304 778 496 923 986 499 421 26 123 781 226 731 730 240 612 469 525 683 460 102 789 569 458 813 373 595 289 90 563 735 843 911 14 581 439 703 485 338 500 198 588 295 675 
6 8000 752 263 150 857 236 213 991 80 89 2 316 751 628 44 909 203 207 202 928 16 315 205 42 92 222 625 973 947 241 598 267 190 230 46 659 646 399 587 858 118 37 871 112 228 245 556 376 325 263 634 453 918 495 343 927 613 822 366 246 12 290 549 798 545 781 846 319 718 741 721 475 717 586 717 970 871 846 412 21 912 
7 8000 672 485 535 524 781 110 845 130 440 389 340 409 574 53 835 485 613 147 26 281 140 909 871 988 968 578 246 131 706 334 711 195 440 98 740 276 599 408 252 737 605 90 785 324 416 942 168 722 530 151 19 13 568 661 924 10 10 212 640 928 196 264 157 369 169 536 979 88 465 359 443 500 442 587 452 412 232 266 430 938 
8 8000 930 780 880 61 89 707 353 833 133 94 195 650 779 362 917 601 51 579 507 338 993 301 562 450 667 717 555 795 534 295 99 782 804 674 537 40 862 998 720 473 352 421 300 155 13 7 387 25 875 727 922 878 888 794 592 589 593 32 656 65 925 516 495 874 736 193 258 32 141 699 433 917 274 106 685 768 548 795 812 744 
9 8000 22 199 166 24 949 614 363 889 124 807 656 282 104 637 783 801 905 415 659 591 271 199 743 120 101 781 425 284 130 543 278 831 468 932 525 564 71 757 548 288 759 32 803 975 861 584 972 119 82 135 697 738 693 102 744 5 629 798 939 966 598 285 716 325 782 581 629 753 239 438 662 694 591 420 687 142 84 499 914 355 
10 8000 635 870 673 963 941 232 374 464 248 227 989 547 883 277 899 238 126 523 452 316 536 90 66 984 305 400 243 250 750 747 306 1 522 854 233 225 642 631 415 358 941 856 682 227 11 989 446 546 257 849 309 446 134 365 964 3 183 119 748 233 934 909 686 521 298 39 366 951 518 562 494 518 284 194 467 677 103 114 818 197 
11 8000 526 374 863 804 304 134 403 566 96 445 825 497 801 786 439 345 109 97 405 37 384 505 79 742 448 466 139 34 373 560 321 107 876 626 118 521 406 487 275 455 514 963 438 912 612 397 792 874 696 419 25 848 149 158 483 797 198 618 834 907 127 457 104 160 846 857 422 197 897 732 314 423 498 977 898 823 721 979 815 477 
12 8000 394 114 248 218 816 439 865 420 891 314 34 370 767 152 160 209 567 34 467 900 326 396 100 189 702 512 857 37 578 991 424 491 132 9 438 450 480 485 223 315 480 936 564 968 787 212 325 77 765 846 290 167 336 225 55 443 375 308 313 835 722 107 378 223 431 651 301 315 333 651 404 155 511 584 593 715 777 420 280 555 
13 8000 757 697 269 2 665 184 446 843 360 827 605 965 790 221 278 948 408 305 890 53 658 510 95 584 122 81 632 94 418 782 548 401 459 714 129 882 144 455 382 15 93 248 418 642 511 448 570 910 772 957 600 372 834 857 828 211 47 963 539 54 487 518 499 344 375 738 937 748 696 442 818 556 604 469 781 553 707 117 545 321 
14 8000 828 307 170 450 330 701 979 618 612 490 513 16 853 71 344 81 606 333 102 12 340 764 551 28 517 107 64 851 297 781 336 363 471 779 682 933 713 274 767 352 740 636 97 868 481 100 138 278 847 780 381 556 189 262 223 966 50 498 984 158 290 208 920 186 194 513 564 937 641 24 256 932 942 98 180 967 427 485 779 570 
15 8000 384 78 871 728 448 993 318 871 13 697 600 568 790 387 118 910 80 367 585 45 868 619 352 842 329 289 993 140 843 321 12 559 101 945 14 347 416 236 166 213 811 476 315 640 995 523 595 620 808 920 860 309 239 945 807 538 602 341 109 680 973 927 423 818 472 820 597 699 487 485 939 432 445 327 876 402 198 43 859 375 
16 8000 651 468 846 251 695 108 214 444 56 106 449 351 157 835 442 887 566 857 749 541 149 456 653 935 505 461 373 353 783 591 264 199 474 26 344 861 269 432 13 951 582 154 275 386 826 801 344 277 46 933 943 96 981 81 168 99 178 808 241 460 230 30 4 86 738 330 501 597 90 460 484 421 661 774 192 486 507 796 245 464 
17 8000 168 640 997 57 658 513 189 270 245 15 258 157 113 442 120 998 495 831 805 387 379 952 754 184 371 974 151 819 820 12 109 897 784 290 71 587 949 123 264 762 79 451 545 349 96 127 495 868 392 701 88 627 450 889 793 539 383 479 446 25 478 859 740 991 337 915 670 317 716 500 782 858 647 199 569 408 942 605 857 595 
18 8000 672 830 528 183 714 471 412 751 961 735 713 211 288 964 788 130 865 264 643 344 915 453 980 810 512 66 138 177 505 613 777 47 168 829 644 387 672 114 271 59 963 905 935 952 152 177 745 669 999 806 181 238 594 8 936 837 827 573 405 964 732 109 668 64 309 24 301 43 921 455 868 666 841 872 435 294 64 562 949 928 
19 8000 965 728 821 36 898 412 573 130 342 963 869 551 664 267 791 451 117 462 706 421 152 350 549 746 642 238 884 749 114 405 579 198 582 936 442 243 64 129 658 845 400 197 368 183 439 483 247 983 209 909 411 262 147 873 502 442 3 323 292 300 483 210 660 740 262 55 268 833 422 843 800 111 936 954 87 578 285 369 982 404 
20 8000 793 848 312 775 786 316 759 864 158 165 17 398 448 698 59 782 13 429 865 250 396 455 453 22 480 633 555 921 524 758 786 427 674 483 646 636 39 190 195 92 935 521 758 963 379 811 489 519 435 119 145 405 506 87 915 643 157 349 643 867 574 698 293 734 248 736 997 993 971 226 531 176 754 869 559 382 739 709 504 119 
21 8000 722 906 362 679 363 78 327 6 683 940 567 537 945 461 980 973 506 246 292 459 742 374 328 132 628 403 808 513 85 771 505 716 661 291 114 921 673 986 674 113 371 959 886 524 242 534 168 765 34 373 800 120 604 799 995 946 168 38 236 683 69 594 733 413 635 492 344 450 236 588 786 935 125 679 503 887 162 623 21 697 
22 8000 10 194 136 526 903 890 782 573 573 405 917 685 435 994 276 281 618 446 338 53 944 881 335 411 444 93 665 156 497 654 549 325 205 507 258 701 80 251 784 937 641 856 270 783 23 5 64 363 180 809 725 984 786 79 836 449 420 911 963 329 132 773 603 175 987 827 466 133 669 707 938 930 760 461 59 710 764 883 871 667 
23 8000 483 956 479 969 841 615 651 925 740 563 331 872 48 340 880 740 314 387 407 781 297 299 27 414 914 9 388 666 685 99 315 171 285 980 916 200 285 142 983 686 684 196 47 721 317 939 919 483 740 141 69 73 686 290 676 217 679 7 708 321 905 344 858 823 934 694 698 339 385 530 880 544 125 679 732 279 105 370 104 836 
24 8000 412 760 785 905 651 160 356 139 226 682 813 813 639 528 805 538 377 629 830 518 504 869 232 284 532 596 353 419 673 652 663 198 71 635 231 642 100 607 378 947 320 979 840 749 193 780 305 202 150 34 659 334 98 466 776 657 965 251 219 483 376 23 665 938 53 875 428 118 38 550 901 377 318 562 270 206 968 447 352 666 
25 8000 385 878 878 857 716 851 90 383 79 669 983 282 661 941 27 395 285 307 740 635 559 125 924 134 173 813 929 729 460 96 781 754 807 848 522 624 1 767 597 152 124 591 641 94 70 80 507 874 290 479 875 964 855 686 293 892 430 833 984 329 258 511 274 256 735 350 972 639 690 180 563 621 941 477 534 666 238 334 706 650 
26 8000 183 656 884 346 208 809 696 292 229 443 949 491 43 696 354 931 83 510 951 378 615 273 97 417 967 508 347 217 896 818 71 968 674 821 162 490 998 286 664 946 302 182 680 164 591 873 390 508 357 169 526 782 700 449 155 136 232 581 108 430 865 862 893 41 68 678 448 572 694 128 573 434 978 306 376 768 773 484 592 683 
27 8000 657 892 107 266 962 327 533 342 360 314 188 460 63 17 303 49 260 649 826 239 864 565 643 304 175 793 582 192 553 189 17 124 677 958 450 708 515 748 874 568 569 41 303 930 501 53 280 142 743 873 721 606 164 47 937 73 410 337 184 794 986 866 564 463 705 367 652 458 564 770 661 316 668 818 513 932 281 958 645 441 
28 8000 600 210 904 256 349 241 362 229 789 353 414 398 226 612 976 305 623 839 157 335 409 671 224 55 65 417 220 24 603 937 62 31 510 238 489 243 264 34 669 225 15 972 847 299 515 744 838 221 906 810 749 624 442 945 736 226 757 332 171 238 758 418 40 971 745 253 933 87 850 530 452 485 384 46 401 262 194 796 583 752 
29 8000 623 436 559 83 151 307 212 236 337 771 457 70 132 43 932 284 172 271 39 779 140 55 150 401 784 145 340 517 695 523 483 408 437 592 59 935 117 692 514 462 991 665 512 487 203 677 933 964 250 26 951 777 263 150 44 335 699 559 268 767 543 897 657 667 605 871 68 873 15 250 344 249 499 662 114 925 545 401 83 975 
30 8000 33 970 159 8 440 577 260 617 207 294 137 181 359 108 66 975 977 586 745 59 612 354 251 912 236 129 386 286 825 515 265 248 167 276 495 870 985 317 768 544 977 76 240 396 856 568 516 750 997 768 596 124 771 592 626 733 168 152 792 945 803 539 208 683 894 834 135 226 309 568 380 385 273 352 214 521 841 903 656 374 
