FILE: E01.01
50 100 0
1 10000 997 417 727 996 215 687 798 918 802 940 524 775 311 729 747 563 194 381 45 676 959 249 943 243 297 635 988 610 864 748 181 93 960 517 705 569 812 615 443 19 686 534 234 604 541 67 358 370 447 14 196 184 488 484 548 981 362 620 577 926 407 99 839 587 258 239 378 697 870 77 350 621 106 240 143 98 633 964 464 378 323 112 362 318 887 511 658 561 963 479 745 365 374 870 228 197 772 481 379 670 
2 10000 388 173 871 930 119 540 754 70 642 479 155 690 810 496 662 163 16 99 856 736 769 117 978 34 180 292 174 73 596 986 313 368 86 344 823 245 2 765 536 925 341 15 993 504 114 831 184 396 454 362 196 352 666 284 732 637 957 940 973 461 49 340 750 268 400 376 492 960 251 87 930 661 221 318 6 112 662 625 984 291 496 758 197 351 759 577 429 467 556 734 388 698 665 975 233 437 486 400 636 562 
3 10000 581 522 342 871 494 480 693 900 96 231 88 714 158 89 851 764 372 432 463 416 548 935 651 219 197 164 269 540 220 887 477 632 925 931 150 741 89 934 19 347 281 845 490 123 174 500 615 721 47 133 194 965 220 149 462 547 617 25 338 832 194 656 709 844 435 17 699 52 653 459 420 25 298 506 151 573 997 480 418 443 547 804 952 192 582 327 991 305 118 520 887 164 721 868 493 967 482 328 303 176 
4 10000 555 176 801 602 448 99 4 710 798 862 655 244 851 415 35 768 358 763 878 204 109 454 332 979 832 26 462 862 656 255 245 82 880 552 533 838 250 350 948 776 469 821 192 535 159 779 712 957 994 93 229 53 219 477 56 317 277 980 713 485 765 33 777 331 432 395 458 588 442 830 853 606 618 879 362 817 888 554 218 616 655 299 619 752 295 81 413 808 524 921 815 887 836 742 120 77 734 858 887 798 
5 10000 980 955 556 627 572 900 968 686 675 239 757 199 222 706 94 297 402 603 726 678 760 385 805 210 114 303 462 70 28 439 600 512 41 982 864 862 379 91 280 834 375 180 504 751 297 983 168 775 827 224 285 745 892 253 188 691 66 484 962 652 276 977 842 864 19 14 551 928 805 3 40 44 61 565 601 910 199 142 821 371 73 967 349 423 544 746 940 662 373 893 746 760 156 658 332 84 526 998 362 33 
6 10000 332 533 456 194 27 426 159 911 969 539 506 358 862 701 147 719 60 434 502 546 938 986 910 922 67 9 254 494 394 722 9 981 164 918 205 255 784 638 257 579 362 875 141 109 135 137 876 232 502 226 786 862 882 60 518 265 125 902 263 512 675 821 174 170 223 742 433 292 63 921 945 337 857 192 116 85 53 831 701 156 650 376 175 222 545 256 603 503 167 553 481 649 637 772 506 590 149 932 756 464 
7 10000 811 838 240 197 647 878 288 845 993 181 758 281 6 485 516 333 484 559 166 950 746 521 499 507 768 896 625 826 301 757 257 25 198 797 127 769 646 666 981 39 554 431 149 986 787 493 127 992 477 798 178 510 136 709 379 786 775 357 118 57 758 832 489 319 609 47 562 254 487 628 992 412 552 668 946 248 930 686 797 95 520 645 579 682 329 363 649 277 584 164 542 55 314 114 473 789 650 684 468 448 
8 10000 522 185 584 804 20 822 190 635 92 695 780 627 827 618 276 558 36 76 308 865 338 170 422 185 487 905 699 967 144 645 737 741 821 99 488 146 214 666 892 311 647 492 801 670 832 76 146 825 685 780 820 530 402 70 252 408 510 850 125 481 135 713 231 114 171 476 905 465 606 820 28 32 689 394 52 399 186 223 34 762 426 754 123 345 356 405 494 277 337 938 180 53 883 513 780 146 82 765 506 880 
9 10000 886 744 546 148 29 63 196 80 762 106 755 244 125 619 619 476 2 557 579 939 637 502 759 498 870 515 181 7 778 761 429 605 964 744 362 603 200 504 364 78 647 617 91 738 368 342 182 184 358 755 909 135 803 218 227 724 794 32 203 462 206 601 280 948 970 969 360 936 451 64 154 846 151 492 795 305 459 232 154 824 663 68 851 200 943 107 419 735 573 221 581 868 29 766 137 308 250 412 394 278 
10 10000 750 435 635 936 801 308 586 600 422 941 344 842 373 413 744 62 885 533 636 627 342 83 20 177 629 81 543 183 372 910 285 354 784 654 344 990 342 489 154 873 998 467 31 782 164 547 894 243 176 203 650 590 459 462 195 936 108 715 511 159 118 144 824 483 960 101 286 745 739 301 158 965 648 150 964 278 930 73 576 861 81 169 701 908 495 46 746 283 287 180 525 920 495 636 772 578 403 498 935 33 
11 10000 176 853 223 312 552 674 359 60 785 437 34 623 584 826 497 958 245 368 286 951 703 333 535 242 723 756 856 146 955 913 236 777 55 101 945 946 607 68 901 951 59 928 480 834 389 914 217 213 720 803 393 268 614 373 961 993 244 715 772 287 179 756 599 996 996 841 888 490 431 703 745 867 304 681 96 391 916 514 506 237 149 571 618 155 997 845 691 139 718 568 188 695 356 783 905 802 838 715 585 160 
12 10000 360 295 513 819 289 672 33 785 306 54 479 689 983 734 476 125 547 635 82 736 23 215 737 659 487 91 503 401 642 207 539 769 447 903 296 912 2 723 408 101 418 304 720 323 888 201 455 287 678 975 960 936 258 398 23 58 288 123 213 93 682 648 218 722 466 931 656 342 650 498 310 16 830 377 282 983 751 721 8 342 521 439 620 983 737 705 618 370 198 665 320 270 456 209 64 17 909 125 620 403 
13 10000 657 505 795 804 840 732 686 612 677 889 560 587 929 947 826 216 997 564 62 663 373 846 580 420 678 906 483 246 987 575 687 479 669 98 888 330 461 171 921 241 990 144 503 911 472 761 809 68 790 252 865 599 687 140 218 124 281 601 852 597 629 717 824 50 549 473 583 54 428 837 447 0 234 767 198 796 438 487 270 64 89 885 506 436 734 364 927 56 418 996 517 849 484 327 465 689 378 668 843 29 
14 10000 195 221 191 110 169 884 974 321 835 75 380 824 86 426 430 24 826 679 868 985 459 640 792 376 917 529 515 62 457 568 599 903 933 155 549 885 775 464 131 154 389 819 776 62 189 679 55 807 994 588 672 772 993 923 960 145 16 786 347 930 305 899 752 916 531 815 387 735 252 321 935 562 546 356 566 586 29 294 765 823 988 942 439 373 830 81 272 718 584 910 802 147 661 234 169 904 600 723 37 163 
15 10000 18 112 623 402 468 667 326 296 452 764 912 702 276 932 736 838 996 192 950 250 144 53 190 661 480 986 690 295 468 741 303 764 708 337 400 125 39 78 100 188 524 426 820 672 46 93 601 311 737 180 182 489 939 711 291 515 939 414 119 111 180 78 456 229 179 342 439 778 861 257 402 349 530 459 778 550 204 306 539 27 518 810 126 779 929 726 351 843 431 621 233 967 502 285 235 343 504 313 883 0 
16 10000 252 216 213 963 975 889 46 750 374 794 524 319 22 694 909 54 794 282 89 874 570 553 775 74 918 258 850 982 975 284 842 25 252 312 986 306 579 582 853 278 900 123 0 611 151 283 627 846 932 906 689 933 188 999 458 236 632 235 978 118 104 130 396 678 619 245 639 747 286 251 395 735 844 206 879 421 26 877 343 278 459 470 805 434 336 593 964 849 564 799 765 817 622 570 595 381 829 58 561 749 
17 10000 254 452 839 314 988 296 540 360 987 616 91 68 212 191 560 890 281 812 941 904 356 877 826 236 478 167 455 148 76 139 609 872 861 582 318 803 830 992 835 136 592 486 872 527 745 627 546 904 513 977 11 986 366 739 245 630 839 329 962 587 275 219 110 764 707 886 936 585 590 236 79 547 618 316 656 560 331 682 822 174 739 253 759 273 672 999 575 344 91 307 71 901 59 372 857 172 606 449 766 634 
18 10000 204 314 61 486 60 778 384 665 962 602 918 492 883 649 742 539 71 614 836 818 840 194 707 884 777 19 114 934 594 203 847 520 329 855 36 942 134 388 963 936 349 978 832 744 90 17 486 148 78 887 518 587 910 929 760 926 502 921 614 983 924 921 190 405 340 833 729 994 273 506 269 59 921 745 30 908 723 52 485 60 928 463 581 279 344 295 93 11 21 184 557 343 69 222 772 46 329 566 332 817 
19 10000 129 337 148 313 826 179 448 58 365 296 200 830 573 330 452 613 402 916 535 715 842 258 613 137 719 567 541 793 110 713 507 679 573 928 415 572 932 904 489 360 815 130 64 603 685 821 27 407 566 262 885 209 191 937 920 576 785 261 413 590 213 280 386 943 695 171 852 304 823 884 27 75 92 784 477 122 654 613 671 568 535 647 909 258 14 359 86 968 396 453 271 976 888 615 566 65 802 800 211 571 
20 10000 806 430 402 558 435 327 807 720 589 727 218 100 225 228 345 218 974 4 186 715 899 138 970 82 103 410 118 593 421 394 212 26 901 194 426 255 301 674 392 326 319 525 971 98 773 4 897 44 453 698 766 311 859 150 331 632 546 701 576 172 300 376 545 920 853 172 378 710 365 584 539 463 389 716 699 753 535 821 238 279 554 609 838 346 63 171 145 947 623 868 948 538 402 13 867 94 120 706 4 557 
21 10000 521 659 523 247 66 352 645 350 85 367 11 64 96 249 885 500 513 725 171 939 458 634 707 522 910 414 806 985 884 480 522 526 883 346 587 386 334 827 515 265 216 174 827 131 618 476 858 551 432 180 138 115 896 66 796 48 228 533 957 623 41 522 617 439 782 934 944 186 894 881 489 970 938 618 266 808 378 489 176 369 261 747 744 574 497 575 627 136 975 169 883 631 210 204 443 214 769 556 776 542 
22 10000 170 597 211 30 482 918 876 15 351 831 728 916 660 481 653 12 544 916 82 896 991 961 119 228 724 241 622 860 613 191 233 945 300 400 798 105 297 136 175 266 234 390 871 251 508 283 499 715 36 187 509 535 334 396 165 224 640 693 248 483 301 658 433 482 145 62 832 947 51 182 648 670 439 398 431 524 902 895 888 567 692 830 726 353 283 802 492 24 730 962 878 280 42 623 465 829 283 695 367 401 
23 10000 630 804 751 929 99 428 702 980 158 903 390 41 948 632 21 743 332 352 540 628 487 796 544 543 260 595 384 260 9 759 923 410 140 598 908 338 66 401 449 959 811 738 546 207 961 721 148 191 196 62 715 627 120 285 742 658 600 925 217 639 340 54 490 5 904 2 509 787 910 578 903 891 616 674 865 727 605 571 333 278 808 792 396 209 559 864 439 103 925 809 956 428 9 726 528 316 465 297 918 759 
24 10000 920 565 764 304 543 830 827 860 475 999 268 680 321 247 927 152 453 310 71 452 316 288 565 679 470 264 963 564 585 610 463 330 102 313 204 818 786 166 878 453 882 167 115 165 105 973 623 832 168 746 541 371 74 246 974 39 893 501 192 63 244 910 443 172 184 115 860 145 752 488 433 953 857 579 505 593 751 362 767 214 791 636 222 621 718 408 84 750 170 612 80 223 640 10 125 548 610 609 839 94 
25 10000 71 446 878 397 150 82 537 922 65 650 609 862 124 791 956 56 987 347 764 646 910 119 961 546 193 567 746 318 545 775 718 565 591 532 566 415 230 871 780 201 77 914 372 929 693 363 53 624 837 476 852 156 439 885 637 629 537 82 510 932 871 940 541 554 378 83 818 235 284 479 270 573 30 78 243 165 739 849 292 367 443 56 154 302 806 118 380 162 528 900 591 437 189 771 821 148 716 279 925 674 
26 10000 217 787 512 276 391 909 382 911 221 90 921 421 201 187 444 700 775 370 929 929 241 208 131 472 819 280 541 531 109 145 147 145 655 19 482 639 841 15 914 105 821 271 657 14 723 817 468 559 831 535 493 807 968 39 241 270 800 825 151 978 279 548 713 656 942 741 622 88 284 852 935 276 936 918 685 470 840 734 937 684 175 854 749 769 220 268 2 658 890 105 572 859 169 200 818 806 138 864 844 141 
27 10000 840 716 509 548 682 904 658 206 604 573 533 471 731 908 845 879 727 615 461 56 565 164 191 639 937 657 630 790 26 643 529 410 849 749 670 639 896 445 700 731 283 810 906 911 139 624 394 296 440 642 636 479 19 389 866 873 962 317 282 395 105 677 526 601 870 936 419 860 133 100 402 650 366 767 676 589 757 273 481 272 524 758 514 536 168 512 923 214 842 424 878 3 594 907 154 513 678 106 726 115 
28 10000 665 771 825 662 560 608 429 683 663 468 658 155 368 213 48 428 643 607 157 407 393 65 490 589 429 619 198 40 271 931 531 905 483 707 497 557 790 343 722 966 654 167 946 385 576 101 163 950 796 93 830 289 650 169 158 723 268 443 916 168 862 929 741 320 300 496 417 222 199 822 80 804 246 672 836 495 971 361 750 493 697 732 675 794 866 511 892 567 484 353 30 979 885 458 234 48 545 75 51 635 
29 10000 153 744 997 156 672 628 286 113 598 774 672 39 134 632 894 947 514 709 671 878 171 665 734 647 993 724 855 369 364 720 334 870 231 646 936 576 886 24 723 961 716 966 757 165 616 241 155 868 285 224 441 6 142 41 691 440 55 772 417 156 627 54 670 94 235 913 328 211 558 193 44 853 807 406 805 42 368 353 597 771 89 362 118 896 927 484 30 721 162 496 704 876 917 42 932 566 183 772 574 802 
30 10000 81 811 614 699 570 409 583 434 336 107 827 963 55 272 586 84 776 344 352 946 622 630 469 592 541 993 462 641 315 294 42 684 561 899 266 501 922 131 826 700 183 982 921 846 529 947 700 704 658 313 723 663 962 752 430 958 520 561 70 768 87 394 69 785 829 820 304 356 999 572 240 791 292 804 425 915 79 224 281 479 259 426 682 516 928 286 277 223 596 743 34 487 174 830 963 627 429 283 497 454 
31 10000 157 577 498 253 764 743 350 757 489 783 119 730 987 63 233 242 484 497 669 229 232 878 104 435 470 205 998 326 628 338 87 79 970 835 243 225 420 309 181 55 763 148 975 368 965 948 851 672 815 497 232 414 605 652 495 341 89 965 419 593 409 381 782 609 231 877 85 441 798 359 866 586 123 687 576 901 38 147 479 731 321 238 561 806 614 92 893 27 363 399 437 730 476 152 759 514 950 79 605 228 
32 10000 155 94 827 219 10 612 619 430 767 72 530 437 624 518 221 29 877 570 451 410 841 641 235 635 250 732 665 361 359 661 350 505 469 57 951 917 84 978 771 647 433 477 882 902 563 979 744 301 728 802 793 501 293 669 962 799 871 549 615 808 906 685 840 788 434 136 596 740 224 685 666 841 37 461 887 332 197 106 633 434 222 848 10 405 708 303 738 306 199 372 192 607 259 59 558 185 464 561 587 836 
33 10000 528 475 907 893 296 465 362 25 803 228 358 833 133 109 662 318 292 208 649 836 812 316 449 606 305 534 961 397 691 908 220 452 311 935 66 280 649 276 594 377 877 516 357 495 952 333 778 533 471 893 753 659 5 839 907 745 148 703 472 720 967 95 258 926 109 496 684 69 250 23 339 873 133 989 40 14 891 611 857 436 888 710 75 642 796 741 557 56 112 6 483 44 862 385 932 690 674 431 270 924 
34 10000 975 179 820 95 505 505 782 576 877 377 865 505 407 855 608 245 916 169 856 669 741 724 355 852 665 383 944 270 980 858 303 101 417 563 732 717 144 769 930 961 561 409 237 314 110 368 315 522 821 610 733 805 796 983 419 220 383 41 464 286 218 740 229 451 889 333 235 507 422 327 796 543 308 828 877 529 298 132 128 119 680 899 583 778 257 752 972 820 743 652 130 453 797 881 466 418 421 997 961 327 
35 10000 928 573 665 290 204 101 157 911 488 876 946 277 385 211 272 997 323 845 282 916 189 852 48 577 346 932 396 39 764 401 9 134 471 740 788 761 54 37 921 314 421 168 639 832 545 67 133 966 412 919 585 365 886 624 796 559 713 383 373 947 385 737 947 977 77 908 385 114 381 788 477 687 51 426 44 211 487 331 969 281 160 473 86 620 716 292 418 394 964 573 720 366 472 543 812 998 993 998 647 96 
36 10000 427 853 604 70 556 906 968 437 258 211 52 631 422 854 959 727 280 525 426 171 383 682 727 115 932 696 109 436 683 779 729 49 152 70 552 599 328 712 185 126 624 257 120 802 273 249 346 324 899 335 804 73 475 734 653 608 388 422 813 621 830 858 760 911 236 625 36 504 982 790 440 488 69 366 383 670 5 690 358 646 611 79 2 374 962 597 727 852 184 286 367 978 337 691 835 212 78 45 241 108 
37 10000 349 928 445 325 795 776 518 207 130 52 74 518 174 456 941 447 784 983 146 445 383 200 683 24 324 576 18 74 794 203 821 827 480 762 882 36 725 70 672 478 377 56 544 362 64 511 7 752 102 446 76 584 766 418 141 372 132 652 342 216 219 314 901 171 643 767 401 611 498 174 460 642 696 264 785 192 476 630 59 850 295 386 651 54 832 539 591 728 317 907 808 948 909 937 70 746 327 266 620 635 
38 10000 473 360 965 952 255 84 782 616 325 545 423 389 960 47 974 238 799 505 352 891 658 167 388 177 137 975 389 249 239 422 128 286 730 240 740 754 440 766 491 836 242 331 892 116 912 514 118 112 606 602 208 755 151 107 19 400 894 676 387 472 304 245 480 337 63 773 805 489 856 405 835 648 579 407 732 868 188 718 123 244 907 459 418 306 9 241 612 710 891 630 63 300 666 587 203 154 989 260 652 690 
39 10000 327 938 707 440 406 534 672 579 40 434 999 797 79 50 704 626 667 932 41 794 557 770 882 712 689 144 789 695 742 347 238 985 897 149 968 198 511 820 916 274 942 279 724 529 214 692 260 889 775 381 152 931 41 376 780 783 954 455 702 516 275 22 992 95 825 662 446 496 403 714 132 74 583 715 244 788 124 46 748 364 206 638 761 995 211 69 161 677 262 904 372 762 258 618 809 836 593 947 942 506 
40 10000 308 10 459 191 875 47 477 519 341 116 298 411 49 593 649 454 650 815 898 656 632 719 200 176 84 812 54 117 900 318 223 992 171 845 504 933 946 425 306 261 115 251 510 488 612 981 568 370 664 922 332 75 303 970 556 91 860 624 562 940 664 931 24 313 655 700 342 702 142 841 585 144 413 143 451 144 422 381 239 396 277 44 273 380 730 573 776 436 414 418 635 402 20 787 50 419 144 401 519 992 
41 10000 32 132 135 894 923 829 660 22 226 216 351 782 229 179 2 114 590 285 167 733 294 902 43 692 324 730 975 858 737 117 48 392 398 978 748 831 52 686 141 859 987 753 562 371 982 665 265 913 776 709 4 99 765 127 27 96 150 449 441 768 257 358 412 584 245 905 182 866 923 440 368 485 889 100 499 598 715 189 279 505 402 292 530 243 811 488 296 990 291 476 60 883 241 983 560 344 796 278 167 507 
42 10000 381 156 286 827 334 213 757 494 326 777 729 714 800 323 960 468 134 725 27 846 758 187 410 529 946 190 913 543 491 312 399 853 987 247 305 901 943 889 900 682 433 802 770 456 520 935 473 673 156 920 867 229 781 800 42 627 350 524 360 144 991 59 544 600 23 466 306 820 555 769 462 381 370 979 24 741 332 106 221 346 18 500 930 798 810 380 471 691 148 872 256 203 174 421 237 34 489 912 639 790 
43 10000 230 338 943 401 193 367 582 675 223 656 322 574 579 236 800 306 512 833 185 830 752 465 429 873 137 139 80 38 102 27 122 110 244 925 815 147 675 371 6 455 400 252 863 35 417 240 530 599 774 910 638 745 296 877 173 398 197 801 646 87 301 597 41 173 92 702 517 618 307 735 324 373 289 400 902 1 827 971 640 617 701 205 253 733 631 29 252 117 888 837 476 249 240 752 153 468 490 687 456 407 
44 10000 300 552 33 814 534 454 463 338 827 230 121 395 616 157 423 682 328 182 897 462 965 521 79 188 796 965 681 573 371 739 10 700 584 255 101 257 998 610 539 506 149 164 432 59 63 48 509 76 674 942 809 960 399 971 933 161 561 53 319 165 887 562 523 276 807 622 963 276 763 907 95 558 248 259 500 833 803 2 841 991 677 260 159 230 382 148 485 17 847 178 229 11 408 704 311 511 336 776 523 537 
45 10000 129 228 61 142 293 351 722 29 816 991 717 99 65 428 584 985 324 858 152 200 687 842 40 973 525 555 655 371 256 182 153 802 616 302 337 498 176 614 961 59 301 827 405 664 281 85 193 34 853 751 318 750 829 896 854 8 46 352 809 417 372 648 696 923 962 699 793 461 506 569 553 423 676 167 141 543 490 212 560 277 817 319 335 296 741 532 237 164 998 173 991 804 207 329 461 849 123 834 265 459 
46 10000 611 80 299 720 578 511 130 189 575 134 730 709 282 898 526 65 612 284 227 585 626 940 392 283 3 721 227 622 276 966 561 516 537 356 471 638 861 205 545 647 135 519 217 419 533 670 182 875 347 33 328 509 395 420 168 194 721 665 243 377 813 196 455 246 50 947 809 962 600 436 528 557 493 380 3 589 74 658 563 140 572 2 517 265 989 223 448 474 40 344 225 344 349 472 691 859 634 749 521 569 
47 10000 88 237 191 152 686 72 539 496 626 731 896 866 628 759 235 279 310 803 327 653 359 288 357 845 716 582 982 160 491 0 286 431 835 483 613 259 472 297 745 508 132 599 378 653 579 213 395 69 478 457 868 855 794 367 295 297 963 160 10 545 544 284 248 614 572 894 844 299 327 97 8 91 750 819 176 696 206 621 376 246 834 328 105 798 181 798 162 212 360 684 424 5 433 527 24 275 248 33 900 285 
48 10000 447 861 187 800 860 789 424 782 9 579 29 517 935 399 39 792 75 139 547 192 395 474 844 125 516 1000 697 669 31 306 767 827 745 319 607 288 60 753 225 293 206 31 672 682 559 500 641 744 748 295 513 936 775 696 856 83 873 315 819 140 307 965 401 125 854 546 63 299 164 797 651 204 733 263 92 633 701 303 850 151 192 511 588 236 425 357 18 651 298 432 412 130 681 105 725 976 125 961 819 672 
49 10000 209 852 742 84 248 903 543 357 576 326 574 105 120 378 769 977 490 311 855 196 309 651 966 172 978 662 631 769 628 327 605 339 447 691 510 96 125 925 751 936 618 927 690 295 958 831 523 139 333 253 860 678 138 618 439 894 240 420 980 487 152 749 624 327 352 933 931 998 458 647 909 544 478 311 42 999 857 147 787 795 535 723 496 649 740 322 259 17 729 5 602 707 205 678 545 754 614 40 953 138 
50 10000 58 729 678 449 28 525 446 91 683 949 963 110 897 105 195 257 784 96 322 357 924 884 297 600 12 907 507 835 144 316 491 461 457 176 189 13 356 461 685 38 21 202 924 346 439 625 356 243 663 616 993 822 526 373 830 930 520 573 116 878 69 911 430 506 905 336 41 693 772 853 509 903 177 216 12 858 398 355 349 941 484 902 106 416 450 627 938 56 391 159 448 283 738 818 624 403 370 902 303 37 
