FILE: E41.01
50 100 0
1 4000 824 172 41 811 175 871 756 854 286 120 171 145 782 304 497 281 557 852 451 959 172 30 80 723 962 171 196 633 553 672 912 930 30 605 235 302 449 289 190 850 935 664 439 332 70 814 872 795 797 477 126 178 558 890 517 983 875 809 336 612 110 60 997 456 614 441 984 333 973 347 88 374 591 936 885 942 313 200 935 683 312 772 662 303 963 819 393 158 906 860 518 267 45 857 241 818 674 423 891 784 
2 4000 465 488 268 725 531 265 979 380 284 864 246 144 309 400 147 12 964 932 762 95 942 73 197 300 490 638 938 263 526 138 529 132 363 499 18 295 252 823 161 644 477 553 834 469 212 871 636 578 860 685 145 734 88 44 796 6 296 321 853 127 705 15 438 445 822 508 93 573 467 628 838 328 101 359 196 44 667 536 155 866 664 881 531 108 669 211 708 276 33 170 218 845 964 329 129 386 718 989 718 139 
3 4000 111 540 388 617 86 715 300 348 537 592 698 337 111 664 380 347 226 855 294 592 990 791 732 941 277 199 78 213 643 760 585 668 335 261 155 292 81 400 581 955 902 78 228 44 655 525 618 670 522 102 883 32 176 132 567 37 833 585 734 774 910 980 856 927 510 340 453 726 451 535 942 530 65 878 676 633 466 294 643 393 536 923 775 265 315 489 360 844 44 293 511 515 550 156 163 779 225 168 567 887 
4 4000 284 586 756 834 543 719 942 347 435 150 319 926 467 130 236 556 854 499 219 172 537 973 795 472 313 134 604 180 290 980 747 336 382 362 866 722 75 173 895 19 172 612 979 770 734 379 502 764 956 142 719 920 160 117 939 279 667 108 747 180 731 855 214 227 270 16 580 142 619 654 373 79 3 544 427 523 973 173 780 339 503 744 905 84 980 61 265 159 800 613 630 921 794 716 157 311 189 46 679 135 
5 4000 348 420 182 548 976 155 934 874 39 855 241 329 97 974 291 752 280 987 63 933 617 529 758 640 943 328 735 930 101 291 410 836 659 574 97 42 856 994 239 607 5 613 28 373 58 843 859 107 566 918 594 13 744 79 105 669 862 303 73 19 684 936 490 476 163 62 862 771 127 959 551 601 165 480 253 702 425 708 60 425 559 723 84 405 523 831 115 432 454 94 267 108 336 509 104 377 692 674 190 539 
6 4000 993 287 549 826 31 332 996 146 955 270 813 76 200 113 732 710 18 694 699 448 838 998 382 323 176 882 906 956 298 43 762 742 374 562 377 347 331 887 304 123 125 571 507 523 650 643 704 122 8 925 238 328 355 157 450 379 37 271 19 723 248 646 229 372 911 711 651 325 16 709 195 649 130 999 999 323 286 713 133 429 994 121 581 778 562 556 474 589 476 234 34 283 33 806 208 14 963 2 455 10 
7 4000 253 205 656 331 883 286 615 129 707 565 122 12 195 224 46 598 238 25 423 857 764 676 12 333 357 685 289 845 609 51 342 750 429 626 641 372 17 506 150 684 729 287 745 847 547 520 421 681 377 234 237 682 895 842 482 666 147 294 27 639 644 815 332 985 148 66 74 567 884 79 866 828 386 808 42 503 706 640 961 14 195 701 824 157 578 323 441 166 547 484 947 761 584 596 915 249 235 463 846 305 
8 4000 553 765 497 492 932 903 21 143 48 555 391 678 124 787 60 967 243 54 356 814 920 951 543 170 664 38 51 170 733 600 820 571 814 673 243 704 840 190 663 523 666 585 902 848 818 694 792 394 38 313 163 681 848 235 279 421 835 132 166 468 902 102 825 940 173 251 774 582 800 130 913 994 372 388 158 792 146 470 832 310 831 721 265 935 131 720 584 660 771 209 158 960 223 438 659 583 858 293 228 340 
9 4000 724 29 687 499 697 971 289 871 198 8 965 184 206 244 536 837 789 633 861 628 860 946 390 554 396 922 91 265 813 937 213 286 738 36 870 577 891 680 894 542 283 41 941 76 469 192 316 740 59 45 476 661 213 364 697 252 338 712 855 344 701 664 804 821 191 144 315 359 922 210 41 355 928 149 482 642 642 217 416 93 399 871 769 686 657 826 382 152 184 806 657 772 907 299 546 440 649 190 844 571 
10 4000 478 595 267 952 878 754 276 131 468 317 116 437 484 869 45 227 739 41 214 443 292 51 170 94 531 11 453 731 897 853 249 531 964 214 579 70 98 123 982 384 407 831 162 408 208 641 580 398 723 59 435 409 234 134 37 449 392 312 6 376 938 659 287 153 506 793 449 541 772 366 226 838 639 445 773 735 684 634 617 909 596 277 754 429 803 588 869 572 31 58 157 153 995 975 688 942 947 396 822 290 
11 4000 302 436 603 524 61 186 632 241 245 138 369 65 58 432 347 973 10 787 246 789 704 449 325 930 509 12 149 1 848 437 109 333 308 131 678 64 291 426 893 843 440 286 18 761 532 608 860 606 87 952 716 20 388 30 399 672 140 827 336 21 492 668 191 784 630 94 985 677 665 881 181 551 39 55 713 490 158 232 410 988 482 145 796 780 777 687 735 435 767 318 883 292 878 189 417 848 327 808 23 174 
12 4000 237 610 586 470 30 266 574 336 796 73 580 872 862 274 973 178 287 651 161 371 486 228 392 695 724 441 606 825 675 602 265 960 779 16 668 797 619 585 688 977 22 246 421 103 114 90 702 914 48 498 970 725 615 145 438 705 468 211 43 107 170 650 149 33 785 846 457 824 233 519 112 686 135 208 456 622 344 186 405 285 913 146 926 835 688 497 559 391 266 628 485 183 528 967 83 986 464 191 450 938 
13 4000 516 421 871 328 149 761 674 462 875 2 476 180 452 858 261 134 458 560 265 417 992 166 157 633 681 414 443 6 747 484 615 616 330 487 958 364 798 50 534 752 250 819 276 82 953 240 676 147 899 452 36 38 240 641 750 132 781 695 577 873 280 504 385 432 758 757 336 846 535 564 964 714 231 762 134 68 423 241 340 495 201 134 318 105 322 215 428 447 199 356 796 959 433 373 666 54 99 115 938 422 
14 4000 532 136 360 661 797 802 348 809 591 157 893 892 774 411 526 63 269 392 820 441 526 791 385 233 289 557 830 240 874 287 662 333 679 943 586 3 148 752 187 569 899 623 441 144 247 933 45 949 831 21 27 70 568 232 596 256 653 864 719 846 820 844 377 414 586 504 977 243 702 268 887 207 513 621 560 153 468 193 229 394 477 293 615 383 354 760 648 184 49 447 642 819 894 203 922 92 580 684 335 978 
15 4000 94 851 651 174 315 477 296 914 501 527 400 624 393 745 623 523 129 298 730 764 719 805 380 202 271 620 103 392 708 691 932 896 181 846 654 515 905 858 160 515 634 115 847 459 486 256 556 728 358 610 2 339 623 776 180 130 346 198 695 927 735 75 506 783 36 442 38 871 605 778 136 139 368 983 832 310 381 50 387 329 724 308 589 847 441 546 758 831 733 884 441 908 145 733 268 516 951 669 915 475 
16 4000 453 593 675 62 427 997 581 185 420 694 561 750 130 846 587 815 571 642 299 630 262 468 56 139 142 903 894 66 439 403 363 153 206 1 695 653 751 870 293 683 667 98 988 508 695 520 60 370 129 937 458 942 984 581 218 17 646 168 531 499 229 365 432 325 341 48 587 377 501 157 132 0 902 518 51 218 760 473 42 227 952 645 358 279 169 703 580 532 299 454 794 974 271 118 139 7 53 121 205 790 
17 4000 55 256 234 922 625 551 597 583 883 689 533 699 594 327 590 244 304 154 760 269 460 32 766 742 732 68 470 807 256 951 878 544 10 412 701 832 54 141 945 404 841 998 505 689 328 886 214 536 96 99 345 407 205 516 0 152 999 466 379 926 582 612 399 384 184 711 606 704 127 572 883 574 631 71 896 698 147 567 760 946 472 546 893 719 332 864 517 642 677 406 791 161 383 523 31 148 610 82 989 109 
18 4000 500 474 665 80 465 426 614 818 760 962 225 359 574 348 927 569 357 377 807 747 589 828 598 899 728 448 508 768 542 301 861 207 548 821 16 4 779 422 537 734 597 5 76 756 767 201 942 918 513 700 830 94 779 512 661 126 407 492 29 272 453 985 198 758 363 930 129 518 224 264 510 728 807 975 248 209 632 644 401 319 754 823 11 406 509 85 809 417 927 105 265 778 34 596 949 109 759 462 666 893 
19 4000 670 998 346 671 256 492 145 884 969 61 735 920 750 77 249 496 258 16 842 943 515 80 354 500 195 439 29 207 266 421 758 489 208 516 829 34 531 523 640 43 798 680 345 461 893 140 907 275 725 618 526 469 115 556 903 746 65 663 322 588 134 156 3 763 146 554 711 875 935 376 74 39 357 571 598 277 291 33 819 744 828 48 598 353 391 14 988 917 990 262 682 383 332 359 471 264 11 690 711 852 
20 4000 491 706 259 321 103 649 833 297 772 118 289 0 703 308 762 546 726 277 154 508 537 72 931 320 546 65 697 635 549 347 520 211 942 509 472 430 710 673 356 42 884 103 86 234 706 241 692 595 221 516 414 106 491 773 860 716 183 656 688 615 724 790 795 797 749 124 462 1 74 245 442 630 890 41 452 729 411 536 31 639 696 242 251 396 856 890 227 484 368 853 918 32 719 131 163 44 90 238 445 765 
21 4000 308 812 336 768 777 327 94 862 611 724 389 410 691 312 614 152 854 791 762 132 944 724 330 813 938 324 219 984 865 877 107 544 743 662 249 762 245 699 191 107 316 182 347 236 462 926 925 245 926 686 162 758 473 680 336 974 0 164 528 239 689 414 601 254 930 929 364 508 718 240 388 27 757 128 452 38 986 627 71 638 732 633 91 58 237 475 816 630 745 295 622 28 899 564 550 907 638 591 830 496 
22 4000 334 377 801 281 384 627 223 330 958 303 409 389 151 529 186 320 234 209 120 984 232 201 3 162 549 386 47 606 855 469 766 813 955 880 14 622 863 585 145 219 792 185 767 648 280 117 48 424 185 322 66 337 738 211 142 45 413 284 651 549 788 228 260 136 157 863 78 898 82 753 673 409 620 848 437 661 436 985 250 846 525 601 941 82 759 498 478 678 981 4 391 29 862 376 368 737 236 784 515 46 
23 4000 145 725 231 194 294 211 184 767 153 563 333 656 410 176 500 706 8 78 419 651 465 637 765 431 722 265 116 483 210 444 315 103 377 940 212 464 384 536 239 397 184 125 807 515 717 520 968 790 420 811 341 151 795 618 740 233 231 92 497 833 810 988 937 195 320 679 975 702 178 429 305 77 503 789 149 682 37 450 38 8 147 400 590 959 619 724 751 10 470 895 474 841 491 907 308 544 735 69 851 986 
24 4000 685 841 549 429 301 516 806 5 684 128 872 129 559 395 481 448 302 77 701 427 741 560 978 154 424 31 825 466 604 78 139 985 630 64 612 165 987 113 195 930 689 56 101 15 246 185 295 586 932 143 965 245 562 813 910 12 500 539 352 368 124 521 106 964 458 737 599 92 190 227 700 493 800 85 823 621 17 6 286 933 313 731 383 319 671 225 138 251 327 949 223 753 714 53 988 781 334 841 88 112 
25 4000 758 353 674 328 487 406 607 998 898 937 673 646 968 994 265 597 26 211 501 300 233 127 242 219 11 176 989 889 140 700 122 220 756 826 439 658 937 555 489 288 135 901 645 472 138 429 392 119 801 29 804 179 266 279 678 455 868 234 284 332 477 984 215 503 469 827 286 303 56 412 976 729 194 664 361 755 784 876 9 23 392 782 822 505 190 959 272 246 361 416 15 751 666 704 349 146 402 381 474 676 
26 4000 469 199 42 651 757 835 947 430 587 521 835 536 410 416 300 489 489 59 233 468 782 753 293 378 745 217 975 423 277 355 232 783 518 485 130 479 726 869 499 28 944 890 54 982 689 720 950 933 367 821 238 94 642 122 197 40 471 223 13 705 34 461 757 225 267 180 151 731 222 64 80 673 971 857 321 778 278 329 454 234 745 826 433 188 672 241 777 159 321 766 852 455 834 254 215 196 497 539 487 19 
27 4000 585 560 725 81 506 635 758 434 446 719 461 384 264 0 434 910 821 673 49 747 491 233 347 231 56 134 739 484 707 160 986 50 374 344 434 564 101 786 957 555 682 212 591 968 282 615 324 512 256 827 0 414 893 355 826 683 296 343 434 470 115 985 967 622 365 243 178 28 31 211 977 838 693 972 431 163 877 285 655 340 364 952 584 362 161 207 84 558 371 969 371 130 659 301 217 630 554 930 896 971 
28 4000 287 158 349 75 404 8 538 742 847 966 450 835 750 143 726 385 646 209 382 692 316 940 591 32 996 736 991 59 156 923 496 485 581 216 70 152 959 171 437 71 706 961 197 531 238 339 317 874 418 121 454 19 385 33 104 340 499 264 14 991 604 579 856 257 340 322 606 48 722 160 621 110 689 915 856 56 871 321 218 812 265 51 501 564 49 864 888 811 262 203 479 600 550 105 819 567 715 752 893 836 
29 4000 273 512 553 411 748 816 854 130 911 715 260 775 696 449 192 449 1 895 890 793 97 213 47 156 865 547 201 288 571 128 335 682 415 611 666 124 555 998 88 569 837 990 241 934 936 108 666 885 149 432 25 233 537 299 849 19 639 797 785 889 494 417 805 848 165 686 358 987 501 137 922 282 348 460 928 54 931 166 529 181 624 624 178 666 829 809 486 645 179 589 322 430 789 926 644 687 763 806 999 337 
30 4000 695 254 189 272 362 282 57 493 344 103 858 738 771 464 204 226 943 435 23 585 14 503 532 567 479 310 662 648 664 887 926 101 964 712 194 635 17 456 333 202 558 745 198 50 157 788 922 637 566 214 0 481 889 961 106 548 305 565 139 272 544 687 446 801 855 219 706 561 666 827 431 727 675 261 561 707 568 277 125 219 104 524 420 71 769 230 700 215 729 32 822 194 299 808 834 555 633 826 966 335 
31 4000 884 83 991 209 514 163 431 390 7 456 572 884 682 90 760 185 836 419 942 6 931 396 928 144 39 698 334 71 284 930 683 333 464 757 626 379 614 307 757 876 695 691 991 139 143 979 960 748 494 483 427 950 807 683 142 946 99 644 159 652 508 268 33 28 417 223 914 565 233 893 960 34 76 194 78 84 49 600 435 778 362 219 719 670 976 266 619 515 27 781 489 197 729 924 664 984 973 702 405 687 
32 4000 348 465 929 829 807 22 501 414 682 710 64 387 281 268 351 385 772 861 981 862 594 87 475 196 87 324 691 861 581 256 617 260 652 910 19 317 768 73 893 416 42 406 196 782 308 117 825 906 250 527 319 91 787 382 236 733 440 239 696 410 909 793 34 392 561 460 58 650 57 90 858 971 846 130 650 261 722 92 611 637 185 667 194 401 813 330 860 488 367 782 732 480 844 63 112 785 206 689 339 72 
33 4000 989 660 968 556 532 669 712 218 17 368 149 578 66 27 635 83 98 442 403 732 164 412 322 9 491 661 274 734 439 516 627 923 100 213 762 238 256 152 138 140 908 960 847 321 106 699 140 523 285 68 890 332 847 929 454 31 173 24 913 129 830 204 153 634 143 24 752 682 893 53 153 608 330 729 81 52 233 117 675 200 239 405 315 747 149 479 588 675 434 436 391 454 668 359 619 732 91 210 415 144 
34 4000 36 187 450 296 433 378 196 551 95 59 676 687 41 493 640 30 524 552 650 162 35 22 35 784 960 930 194 837 134 733 199 473 998 718 190 973 588 455 507 193 61 646 47 650 990 215 798 829 143 979 38 807 955 751 146 791 433 212 516 662 682 398 518 115 810 148 4 501 386 351 298 944 215 344 160 851 608 298 688 385 896 937 616 19 395 436 991 739 531 842 693 14 365 855 758 106 220 327 992 835 
35 4000 635 302 818 366 362 963 857 142 631 314 179 533 394 947 718 301 772 735 805 487 419 800 300 795 30 597 272 79 699 446 721 25 361 386 290 614 24 655 449 474 16 678 109 700 963 872 146 248 722 147 794 485 979 413 383 999 742 959 382 259 432 42 228 215 811 526 902 437 445 918 713 886 939 647 283 910 650 921 172 552 100 19 131 780 813 349 454 716 787 123 378 465 327 994 20 641 449 488 812 177 
36 4000 584 592 900 515 795 325 479 777 221 645 535 996 981 537 959 11 240 620 497 127 669 113 521 110 8 526 70 635 958 883 147 770 121 861 723 590 195 656 438 513 159 938 445 458 657 734 388 412 300 582 961 509 110 797 37 200 818 204 822 620 242 164 2 747 455 254 370 434 973 432 874 920 669 41 579 909 640 486 498 809 749 935 767 232 50 886 126 335 819 940 187 116 419 629 442 231 702 642 494 464 
37 4000 179 286 469 395 670 536 83 414 660 512 338 623 65 724 302 758 650 936 951 711 793 988 546 733 831 419 500 941 698 241 218 189 81 694 871 930 804 349 572 133 665 375 926 868 442 335 425 647 289 346 649 114 240 946 748 179 35 520 177 186 997 609 134 215 168 979 701 110 430 751 130 318 824 483 247 152 794 500 461 548 564 358 321 927 377 758 112 253 808 759 443 873 873 651 301 240 147 304 546 112 
38 4000 626 356 309 316 524 85 256 678 754 293 204 206 291 60 40 124 142 707 425 847 147 811 238 499 317 613 249 54 943 678 963 708 188 121 131 566 368 277 877 241 673 134 918 461 505 383 847 274 192 426 941 949 266 190 470 158 40 86 975 544 701 954 475 266 631 348 85 603 182 997 2 230 620 785 336 244 460 99 752 541 901 885 386 640 598 258 16 536 472 4 947 690 783 827 579 745 190 682 131 54 
39 4000 8 26 492 629 386 351 658 582 627 827 732 682 361 404 952 95 795 218 721 912 761 644 99 563 772 838 735 697 818 113 695 642 107 991 178 14 477 284 554 594 700 29 734 46 387 642 301 581 729 118 399 161 774 630 836 330 468 370 375 271 187 972 675 180 960 361 856 556 120 376 163 494 586 10 675 577 508 604 564 461 489 848 833 750 96 926 30 253 889 650 900 207 686 937 434 578 266 449 296 20 
40 4000 260 765 90 590 415 920 439 814 975 640 341 190 383 145 775 741 32 841 23 685 275 750 679 839 425 28 808 838 942 412 233 763 560 933 414 283 534 750 879 887 755 439 699 318 938 587 945 788 605 29 625 74 82 583 49 98 231 608 97 58 125 251 372 738 404 704 677 67 510 339 818 523 537 40 175 489 900 597 33 140 557 488 116 963 986 909 316 504 652 387 74 426 170 810 386 491 892 247 894 532 
41 4000 127 366 45 41 726 821 776 439 234 440 697 640 349 556 242 986 880 330 755 173 952 414 979 228 652 778 918 160 845 74 547 359 390 355 321 352 446 506 974 0 123 228 563 723 160 919 221 873 878 293 612 816 117 85 520 841 362 686 579 478 801 42 586 324 519 675 373 965 543 161 714 95 969 914 226 421 888 604 738 447 312 85 97 736 848 140 874 736 312 911 949 774 19 350 432 298 957 536 899 979 
42 4000 577 199 407 744 394 295 251 357 151 984 947 625 732 843 393 830 567 661 688 479 733 672 576 966 473 543 972 244 364 996 565 88 829 373 934 57 236 13 172 748 283 774 471 417 908 541 650 588 416 75 78 727 73 31 977 571 860 507 564 220 618 952 5 580 300 781 644 242 554 553 489 405 340 33 401 927 827 3 986 97 252 151 626 235 1 897 639 695 593 475 35 376 816 147 822 337 708 867 356 597 
43 4000 625 244 672 734 95 165 298 353 696 892 490 33 654 5 385 849 402 19 17 41 805 20 677 958 275 169 589 834 491 415 356 516 945 259 162 734 40 916 190 987 941 716 217 670 918 93 877 508 382 993 534 905 347 62 256 304 530 448 846 140 803 556 399 486 228 613 367 997 384 377 576 216 206 830 193 874 60 217 91 247 265 255 582 176 789 863 3 847 334 257 102 918 521 762 711 88 409 168 662 708 
44 4000 59 981 421 517 355 427 412 103 814 523 486 193 593 90 523 336 421 29 619 112 660 715 837 424 237 852 984 996 638 626 393 649 711 509 163 463 468 549 836 412 632 499 990 567 129 621 686 464 248 510 274 720 699 784 496 510 263 986 380 979 288 536 876 193 708 80 703 723 847 78 397 448 687 979 999 686 852 820 371 229 999 600 606 383 860 268 496 618 632 668 531 899 946 288 391 308 136 161 416 55 
45 4000 11 742 995 451 869 138 378 958 961 498 843 896 117 936 722 911 773 817 221 788 92 747 534 711 423 119 192 555 799 561 142 315 697 112 499 257 787 497 460 885 874 313 340 323 768 500 198 202 285 925 25 650 112 414 958 465 744 106 499 88 220 432 192 450 863 604 746 294 768 920 48 64 228 765 66 962 832 617 80 254 461 927 229 429 879 207 841 304 157 173 500 657 641 273 346 502 684 474 543 584 
46 4000 860 615 414 185 877 200 195 859 912 954 880 153 588 4 125 946 299 5 687 466 124 85 355 604 23 923 850 607 555 826 664 743 828 134 297 33 896 805 869 653 328 526 580 83 168 180 972 612 998 30 471 281 330 453 189 866 45 567 422 994 88 606 855 980 156 370 906 484 578 612 199 577 119 687 632 320 925 323 997 435 318 851 637 173 677 731 98 972 105 733 247 986 115 603 827 100 46 565 919 510 
47 4000 433 497 266 458 41 138 956 233 798 145 399 14 322 377 96 662 286 216 146 46 321 292 978 999 687 451 263 500 421 299 481 177 192 180 117 718 572 922 938 286 949 202 343 544 791 864 228 359 496 50 367 806 529 461 739 544 73 628 811 170 921 501 208 644 805 224 770 369 907 427 438 37 755 891 963 813 224 910 884 970 865 217 761 564 281 798 121 225 762 454 91 695 905 440 184 162 438 35 211 21 
48 4000 959 385 780 136 814 457 362 201 840 458 380 295 171 547 300 223 853 207 185 741 459 94 691 254 450 730 961 78 478 865 395 875 360 869 760 329 943 986 614 686 577 792 505 226 410 713 922 283 235 934 459 883 90 557 167 618 355 328 560 834 531 807 245 727 463 300 640 454 176 409 758 835 90 543 514 752 796 229 536 837 138 571 941 537 801 695 44 155 132 537 471 962 421 801 654 966 337 438 154 443 
49 4000 767 499 804 811 754 684 130 952 762 458 18 570 993 51 99 681 953 204 816 823 18 2 654 90 190 628 483 576 771 391 501 323 188 874 730 371 662 532 548 1 961 602 214 763 946 652 866 389 128 624 945 176 965 712 534 940 99 914 562 134 273 609 352 214 131 997 483 866 628 749 428 168 264 710 938 290 865 996 648 828 128 338 864 361 644 999 10 327 629 128 689 809 68 884 845 328 505 172 980 240 
50 4000 181 338 902 815 759 671 973 617 336 50 316 257 971 574 972 119 447 539 445 160 479 584 632 367 103 355 587 974 439 549 104 29 572 648 570 397 756 223 70 807 663 121 213 32 896 403 638 786 481 354 674 441 567 438 126 165 41 503 655 553 280 120 709 367 769 371 498 464 781 943 950 514 869 864 150 601 358 739 200 288 575 808 999 267 29 692 877 156 264 152 592 559 595 723 617 978 459 544 224 659 
