FILE: D21.01
30 80 0
1 2000 635 246 303 900 162 113 388 749 339 325 370 630 211 767 559 108 980 562 448 148 393 2 208 513 299 143 197 495 454 300 342 967 181 143 724 207 973 615 219 470 633 405 533 783 38 175 481 919 141 280 846 28 279 174 669 889 401 253 306 260 296 323 107 280 424 435 49 406 443 289 169 849 15 937 153 967 3 1 908 611 
2 2000 632 115 465 854 727 833 73 115 611 691 797 105 754 666 495 598 778 747 500 474 902 819 848 12 424 602 416 899 336 855 786 925 663 553 202 836 615 272 453 301 163 495 26 481 105 53 374 150 249 423 644 852 774 107 711 55 387 798 849 762 360 571 905 576 37 795 295 651 914 1 685 529 882 424 693 308 719 424 454 132 
3 2000 438 525 393 454 579 273 54 41 30 642 324 212 492 200 898 245 151 764 326 446 690 753 487 845 190 953 843 974 58 939 292 712 538 834 1 658 927 658 19 5 70 968 57 371 241 9 244 581 997 100 222 836 101 474 424 269 102 278 861 337 681 977 288 22 338 850 66 316 526 820 592 947 818 333 607 832 213 488 262 204 
4 2000 159 163 255 903 399 333 902 785 224 313 481 722 239 136 682 167 220 791 531 744 174 536 600 838 178 8 877 653 105 343 118 701 816 29 36 201 932 717 172 349 760 690 775 924 476 231 564 218 157 594 682 730 765 802 717 618 651 986 114 365 709 499 819 629 739 496 525 752 140 230 328 883 505 760 164 207 231 297 862 217 
5 2000 720 916 147 529 285 831 460 194 328 978 908 964 910 101 220 513 296 79 23 44 556 697 309 282 848 593 410 302 436 589 351 172 72 131 901 866 817 59 187 442 895 413 194 918 689 513 14 846 444 12 175 36 809 161 896 405 773 979 619 411 118 578 649 62 969 333 261 934 533 136 103 209 633 439 250 162 117 315 744 92 
6 2000 739 249 970 157 619 882 716 82 855 424 240 204 396 955 217 834 760 334 887 395 703 934 256 309 416 923 698 100 361 308 790 682 326 460 741 303 802 341 237 112 267 156 68 818 485 632 362 403 392 665 784 379 689 542 537 524 711 451 503 604 683 512 382 15 948 36 165 838 267 238 774 263 772 119 240 861 690 735 231 656 
7 2000 400 576 301 485 946 269 681 607 578 327 974 17 435 164 591 462 939 86 261 596 16 489 482 270 729 977 237 409 415 613 819 443 918 35 130 783 24 641 267 277 675 575 766 149 67 722 330 358 227 438 393 879 146 232 364 839 89 112 884 6 152 832 962 588 669 730 306 808 566 405 717 225 248 936 874 278 121 861 358 12 
8 2000 334 639 270 460 847 821 262 642 399 627 350 666 492 177 340 882 974 66 210 566 310 525 298 107 140 872 639 152 230 475 279 698 378 954 944 577 403 830 866 322 796 340 148 871 116 651 477 83 745 168 564 532 85 185 121 550 789 560 745 988 125 677 537 659 66 367 808 940 192 52 708 491 16 792 132 573 801 476 741 921 
9 2000 489 881 435 649 818 786 138 151 224 901 221 472 629 799 423 110 703 582 602 726 685 500 162 727 384 238 505 190 416 95 345 91 306 765 236 328 525 949 147 473 68 510 438 757 659 392 70 230 185 19 410 581 448 402 450 581 821 656 808 611 925 167 342 261 890 103 720 451 320 515 791 50 539 724 112 466 224 224 456 170 
10 2000 5 819 657 621 138 208 633 568 842 742 930 193 385 570 634 64 529 893 985 366 407 541 553 382 449 596 302 691 430 285 401 49 246 842 114 428 510 585 619 175 555 907 102 763 948 402 962 104 104 855 474 892 87 304 763 941 202 901 412 992 474 780 571 955 588 664 894 57 409 421 158 858 661 286 899 615 859 979 912 953 
11 2000 92 425 973 315 752 301 593 165 798 129 188 398 648 135 473 944 301 584 456 27 775 820 846 38 457 729 239 512 455 836 917 151 560 760 611 392 891 245 61 463 829 492 720 406 337 995 461 41 253 615 602 329 643 106 120 110 831 807 384 686 170 727 249 208 173 734 862 346 83 71 25 211 480 920 443 984 21 223 729 240 
12 2000 902 493 475 421 140 822 263 434 267 808 942 839 529 624 27 602 186 941 543 871 3 930 189 755 533 59 136 567 273 899 319 504 304 670 566 232 488 730 399 339 842 740 863 140 153 718 212 781 449 693 815 129 420 194 102 409 361 278 920 59 760 326 113 764 103 318 707 156 2 809 499 125 227 330 438 228 754 419 610 160 
13 2000 408 21 182 749 195 451 155 456 931 661 260 832 241 22 840 920 543 326 74 60 90 259 376 58 685 21 307 209 141 357 870 123 99 675 492 832 285 510 582 147 804 14 965 728 571 725 69 842 456 306 189 277 256 497 686 375 76 979 451 660 215 377 484 24 155 124 939 946 738 399 464 704 137 860 190 57 699 391 215 366 
14 2000 273 583 914 609 96 160 931 281 850 85 194 625 970 547 790 186 800 554 57 127 699 363 721 315 677 440 431 599 666 198 538 300 14 205 458 328 299 103 455 949 54 942 204 619 495 151 968 898 854 872 727 882 404 866 121 138 767 716 527 602 607 538 140 417 296 937 372 174 651 401 446 521 327 868 496 622 972 693 42 420 
15 2000 730 702 172 184 184 593 273 300 343 365 665 781 752 25 966 464 329 264 552 355 28 344 936 109 902 904 424 86 678 895 880 980 433 388 959 476 464 445 633 896 936 788 371 322 423 491 806 150 917 388 236 550 403 447 801 792 606 806 689 930 982 699 194 777 566 993 998 671 762 542 496 991 669 101 518 880 38 986 295 160 
16 2000 455 230 7 903 840 437 761 620 860 50 334 544 348 265 539 974 321 296 545 149 690 226 5 618 260 139 321 576 107 779 908 141 936 432 792 30 498 266 378 609 677 833 747 783 333 970 314 707 486 799 198 760 954 53 145 778 19 457 339 3 235 359 968 715 944 352 861 16 630 99 60 745 667 67 658 975 589 414 762 80 
17 2000 444 719 899 821 353 802 744 441 853 328 476 221 118 432 639 467 657 69 828 412 582 324 57 983 32 386 144 914 860 410 970 163 169 993 934 119 781 467 475 548 259 744 978 758 549 923 929 954 849 378 651 239 795 546 464 248 566 140 623 862 986 996 868 998 230 278 933 911 224 264 854 5 331 416 436 614 414 978 691 702 
18 2000 883 795 631 988 802 588 218 430 659 399 857 553 897 423 231 595 791 949 868 919 765 626 243 691 754 773 784 253 692 959 622 204 722 555 413 618 231 495 103 392 295 954 952 188 621 166 676 931 607 99 57 339 576 204 843 449 809 964 301 612 455 448 260 924 917 610 987 555 804 526 744 963 49 310 358 435 278 914 665 954 
19 2000 30 540 162 831 927 871 704 94 369 855 608 95 870 246 989 292 616 632 686 697 336 163 610 941 94 694 869 434 80 578 504 579 4 803 186 525 179 715 716 410 902 31 670 574 199 371 37 708 560 11 185 407 736 103 14 95 193 52 623 791 336 286 341 692 65 138 478 23 789 44 614 148 469 799 798 391 795 62 474 542 
20 2000 84 857 505 520 5 266 114 159 705 47 100 583 446 386 170 144 346 513 730 390 306 387 978 28 726 180 643 356 106 775 216 131 117 997 11 339 242 787 910 840 581 62 126 354 906 445 827 759 573 617 978 165 373 488 230 740 920 916 204 749 673 187 20 782 179 977 409 634 636 22 247 810 367 198 869 118 303 246 992 327 
21 2000 63 854 602 353 727 313 636 941 895 469 820 317 134 191 490 769 389 64 752 646 471 545 813 712 202 275 842 356 321 793 191 607 731 349 325 428 199 44 307 259 87 18 176 276 216 900 72 337 454 242 434 83 124 148 139 157 820 832 900 20 736 310 790 329 82 947 214 334 714 84 195 289 525 460 300 312 742 647 54 699 
22 2000 679 212 195 123 67 842 602 724 548 127 245 530 416 237 1 188 218 208 680 482 290 53 100 594 835 414 564 580 630 981 571 35 961 398 118 412 866 859 421 963 306 135 419 773 327 234 881 851 831 415 478 753 38 792 662 709 232 214 683 701 890 673 600 495 790 939 628 65 179 647 660 391 608 553 311 108 525 179 327 951 
23 2000 211 567 706 496 166 358 367 134 529 915 717 767 627 709 962 200 252 694 497 665 759 874 225 494 563 793 150 359 161 171 83 94 238 383 806 530 972 29 542 340 130 290 68 340 37 298 321 235 26 242 837 266 452 426 867 726 873 989 513 822 481 525 736 849 387 299 565 141 850 301 361 766 34 831 484 447 413 863 187 659 
24 2000 382 879 108 389 198 408 180 511 833 991 317 260 822 776 715 759 729 473 111 85 286 888 841 821 835 750 55 586 141 51 912 495 187 619 110 22 32 145 603 242 332 370 826 905 618 678 296 333 926 777 918 586 862 723 841 880 717 974 216 725 699 723 691 738 902 199 990 626 81 179 418 279 855 415 646 458 395 203 596 49 
25 2000 234 807 804 337 252 958 65 290 461 153 744 298 661 962 565 350 578 69 234 128 567 271 751 953 477 132 726 89 772 543 577 353 503 874 928 501 225 965 61 365 441 654 762 209 694 67 416 264 865 403 678 924 805 402 570 562 869 250 360 437 462 107 44 663 179 9 797 707 642 333 219 388 625 561 734 832 557 559 973 378 
26 2000 1 90 496 879 203 772 690 373 297 211 185 607 274 524 646 361 298 963 258 56 459 871 776 609 573 680 471 7 105 176 807 562 823 740 210 326 264 797 766 623 617 181 184 177 109 641 877 803 493 203 503 115 726 605 811 251 441 534 125 45 287 873 331 654 759 680 683 68 585 113 301 516 282 42 680 192 961 526 72 309 
27 2000 988 917 68 921 587 781 244 501 977 365 194 726 143 828 805 459 831 956 123 377 857 578 638 225 338 395 343 163 918 461 413 170 602 10 834 980 277 864 844 518 524 132 517 297 810 433 331 754 654 336 82 992 862 263 966 894 423 560 185 74 164 952 923 646 750 109 22 267 129 537 220 429 19 517 279 474 517 302 855 281 
28 2000 439 301 455 123 479 462 316 634 772 576 562 376 975 720 471 966 436 555 201 223 566 703 826 329 991 917 8 443 586 267 167 754 990 56 480 446 679 687 564 523 210 201 174 988 719 707 767 325 262 412 281 762 108 482 960 283 564 449 576 857 435 379 900 854 702 522 741 108 527 667 431 611 160 911 65 299 862 73 369 891 
29 2000 421 460 518 263 365 213 762 322 456 948 199 841 573 906 531 231 568 340 165 723 182 352 478 915 634 901 622 166 960 196 674 797 702 199 508 577 44 456 219 450 977 970 436 985 606 337 383 505 172 868 20 377 897 910 114 422 241 85 577 914 664 674 925 146 486 848 195 20 944 987 158 636 33 787 190 349 231 378 619 261 
30 2000 692 184 923 620 18 726 588 85 184 96 4 339 720 322 210 12 748 343 864 381 959 802 254 820 123 391 707 462 239 955 248 58 901 86 829 475 986 406 996 828 257 284 322 703 965 177 459 434 58 342 146 915 76 116 21 909 340 493 579 324 517 213 122 420 165 88 41 431 335 775 275 545 851 719 293 740 333 490 445 422 
