FILE: E61.01
50 100 0
1 6000 257 433 362 499 385 93 105 217 576 35 892 580 897 847 422 688 351 356 437 468 200 919 338 283 736 875 170 202 230 537 452 28 261 529 821 678 161 848 950 2 774 471 715 639 275 861 79 9 241 211 666 23 709 775 480 617 436 124 758 696 75 677 405 580 495 340 997 558 955 615 807 628 354 2 838 25 276 51 308 635 53 906 588 879 553 681 31 165 925 512 681 504 11 635 322 385 648 328 835 490 
2 6000 579 55 339 364 185 676 74 611 766 39 511 734 588 825 634 185 403 968 887 741 683 507 739 798 264 206 343 656 631 798 253 418 565 172 674 571 358 383 208 866 332 791 563 567 864 196 207 681 649 315 414 256 410 424 699 342 780 528 73 701 573 899 134 879 161 315 414 706 180 861 990 851 277 615 804 487 120 89 673 702 401 740 446 712 23 418 296 493 222 81 590 921 820 625 332 5 337 177 626 319 
3 6000 180 686 141 219 624 165 45 942 813 419 371 177 486 609 285 204 658 492 235 204 973 690 438 810 940 812 669 521 780 792 846 52 102 282 350 221 116 438 565 475 618 945 607 627 451 628 701 924 671 490 191 20 134 525 629 958 716 140 935 747 896 540 81 642 912 915 276 699 214 775 112 721 429 269 656 170 561 849 936 156 636 99 805 82 526 97 647 46 153 134 891 596 809 145 806 921 792 696 544 89 
4 6000 96 859 901 408 360 837 762 513 801 667 698 276 345 852 689 121 686 263 443 851 474 161 264 573 364 675 962 813 146 577 750 422 662 719 620 361 743 939 138 962 873 822 164 756 810 124 422 464 873 222 435 243 118 434 751 780 121 539 961 336 593 358 459 320 527 726 421 495 127 709 966 413 199 397 980 162 261 135 553 34 63 519 513 185 746 7 19 910 363 492 686 602 973 678 204 1 28 597 927 821 
5 6000 282 123 395 357 919 817 262 153 148 948 599 343 951 41 33 734 238 780 701 251 90 634 484 818 345 24 486 278 219 390 230 444 196 3 544 878 893 853 594 481 137 471 47 500 951 18 822 42 689 496 401 685 18 406 174 282 985 723 775 554 874 509 890 562 76 14 500 656 698 619 27 993 115 453 350 207 195 27 173 354 417 741 691 688 587 593 43 389 390 949 511 828 483 700 937 465 348 663 322 963 
6 6000 632 573 83 628 188 490 934 760 535 986 852 9 956 946 112 328 951 326 847 624 275 718 103 694 259 54 868 541 655 304 32 664 708 517 752 421 680 19 189 48 541 156 89 437 60 384 174 267 986 79 809 569 571 891 925 337 129 5 649 267 861 133 626 219 662 594 493 499 132 323 478 554 502 145 586 167 701 175 353 764 285 667 623 899 433 170 325 538 744 331 717 218 48 189 66 682 947 296 234 85 
7 6000 308 527 130 354 424 902 512 817 71 279 99 667 161 252 451 381 230 104 616 669 469 155 974 59 516 355 283 700 734 454 370 492 186 601 443 121 35 722 507 102 579 503 825 422 644 339 924 878 552 83 81 699 390 942 794 551 784 360 178 513 913 244 766 131 966 358 685 118 780 240 676 828 855 494 918 66 483 776 140 346 207 344 972 190 311 500 19 549 591 774 619 958 93 188 756 503 66 454 92 203 
8 6000 822 440 596 897 744 747 730 230 149 755 668 834 223 965 509 295 757 984 958 0 893 12 445 461 603 149 144 205 122 392 869 828 44 644 311 303 315 597 583 140 828 812 545 486 845 868 882 764 968 890 391 946 865 332 460 45 489 335 199 927 989 515 190 39 47 524 336 136 851 225 768 615 425 827 276 538 538 820 248 939 906 58 565 523 903 837 442 327 517 297 662 454 742 11 196 475 151 90 652 577 
9 6000 856 656 544 68 566 23 836 321 986 431 734 757 249 673 198 960 619 473 133 515 170 931 742 663 672 912 999 370 396 699 710 904 53 757 140 506 594 967 668 260 90 154 436 748 397 264 474 581 845 29 246 414 651 476 116 525 292 95 679 550 539 51 430 484 382 240 753 528 572 571 683 874 971 288 418 34 466 701 47 800 631 140 462 421 883 514 931 105 332 278 284 435 55 189 200 783 5 660 548 329 
10 6000 280 88 263 774 969 974 713 335 291 200 40 130 246 282 432 526 505 972 801 563 741 26 831 42 140 502 877 358 298 417 660 697 218 117 257 666 643 197 323 961 428 321 46 175 180 777 775 314 876 120 810 152 685 744 308 976 709 719 788 859 861 753 193 13 605 600 982 349 768 786 217 818 149 967 123 632 138 789 78 965 75 573 511 216 553 683 667 441 393 917 726 32 508 755 218 253 378 824 226 718 
11 6000 342 413 336 403 446 384 802 293 46 326 898 249 898 287 924 198 949 939 834 232 544 514 957 715 276 354 776 985 193 417 244 758 578 594 586 810 30 164 79 43 48 242 759 533 861 565 541 630 697 449 701 739 231 273 211 841 416 323 877 374 424 354 761 552 911 691 846 724 331 240 422 863 508 232 157 777 197 52 319 141 840 996 127 944 245 299 689 435 403 281 499 174 166 951 970 273 992 906 960 427 
12 6000 496 891 766 825 7 836 552 534 860 737 686 452 639 204 945 425 91 42 61 618 927 690 588 737 230 869 532 189 692 287 743 791 393 738 514 95 346 438 377 951 521 952 539 377 575 544 951 352 997 297 467 604 898 854 62 6 148 113 579 663 101 726 977 284 607 747 541 935 543 264 32 769 570 374 242 827 346 328 913 489 908 200 512 698 444 923 803 520 168 31 709 151 526 958 414 968 443 227 186 698 
13 6000 838 386 886 324 117 24 629 803 870 714 568 195 488 233 273 304 914 889 666 410 261 316 991 202 496 561 775 497 924 832 261 832 687 719 276 543 990 265 2 402 284 703 620 422 118 221 294 915 873 591 473 401 113 3 962 460 756 959 748 120 792 558 44 880 765 21 509 949 734 805 134 815 943 139 742 715 901 333 589 121 106 707 13 813 129 471 626 661 270 417 993 680 507 745 284 476 966 895 860 657 
14 6000 616 696 263 324 421 709 578 214 656 80 640 603 616 762 48 558 435 445 460 636 222 46 135 614 249 79 197 350 404 786 573 378 620 333 99 309 511 947 738 652 922 320 398 137 627 124 305 143 875 992 405 311 14 799 770 950 917 587 468 325 411 984 860 415 449 454 818 240 223 228 802 355 957 252 283 594 580 4 480 668 10 522 873 702 267 475 463 313 126 641 251 318 536 624 903 665 523 144 69 683 
15 6000 789 771 319 245 738 419 183 938 134 459 241 828 122 790 746 923 821 714 746 921 213 957 169 339 550 681 853 619 984 827 964 295 657 640 805 836 958 710 455 225 167 387 221 910 209 894 372 179 733 1 120 584 233 593 314 492 441 978 827 361 691 275 88 831 495 741 748 235 33 356 925 607 778 531 24 795 992 277 570 769 281 666 57 708 958 954 246 976 414 178 913 571 221 601 494 137 190 825 601 146 
16 6000 94 930 888 328 283 478 221 960 907 724 627 87 961 881 995 291 881 785 994 82 896 792 169 520 872 264 703 152 846 488 789 863 993 353 108 728 216 658 354 473 109 365 297 621 487 663 343 927 211 178 55 196 531 170 619 75 658 64 704 912 788 166 704 275 300 887 816 238 331 346 932 997 475 673 806 950 793 871 477 800 879 566 397 797 182 509 257 695 314 148 957 542 559 142 706 867 304 137 713 384 
17 6000 601 659 433 788 597 466 847 749 31 209 743 692 533 729 455 457 931 848 45 433 292 3 388 265 919 542 126 715 12 54 969 788 216 559 304 698 787 905 581 788 572 226 455 976 540 787 132 844 78 72 916 938 765 464 395 396 850 336 263 490 150 932 223 161 587 851 961 170 77 493 640 927 4 312 895 620 985 206 802 718 142 908 769 449 622 705 842 345 549 335 383 456 165 407 582 312 342 185 789 241 
18 6000 216 80 121 122 138 702 316 185 672 795 306 934 862 926 472 801 473 248 63 612 436 198 723 471 219 462 621 142 329 53 141 544 673 858 595 424 999 476 938 825 126 708 954 439 195 541 865 424 645 957 860 796 145 426 487 987 195 420 385 646 614 793 338 304 635 362 96 975 833 555 951 291 588 442 525 276 316 13 753 338 186 39 506 586 534 362 849 49 695 952 388 911 481 584 673 340 9 472 132 12 
19 6000 106 707 511 923 18 837 268 578 618 442 911 161 860 46 738 767 674 194 952 298 38 68 612 121 435 451 403 65 418 412 677 867 500 541 747 659 96 76 899 577 716 776 83 102 152 873 767 215 860 956 906 966 264 126 508 552 198 261 758 485 206 749 172 964 918 512 753 29 221 690 602 595 441 804 982 964 265 759 270 902 603 522 792 881 129 825 995 573 711 727 934 201 436 393 531 821 481 916 593 156 
20 6000 509 548 33 48 844 159 289 144 120 287 393 894 632 613 658 462 111 209 463 649 133 404 97 406 889 599 135 50 527 896 301 758 796 868 313 448 194 320 655 635 358 383 752 349 898 790 521 725 404 666 767 336 844 691 383 890 64 966 831 357 616 436 878 145 636 207 35 398 978 606 698 19 337 318 428 521 567 462 367 277 922 927 234 286 441 830 893 32 179 435 939 542 524 365 295 225 302 470 259 596 
21 6000 905 183 6 476 136 706 977 755 26 879 152 320 298 66 659 243 741 909 700 809 173 293 246 498 248 355 490 494 788 903 514 834 898 59 135 778 552 504 418 491 880 135 798 650 883 502 305 46 777 859 845 790 702 169 6 211 1 924 373 45 802 96 797 998 103 87 611 291 99 14 241 264 954 169 198 657 747 999 905 628 804 452 337 137 138 37 945 764 218 432 819 565 775 984 575 67 883 962 927 974 
22 6000 11 882 406 702 289 763 214 323 678 661 659 15 294 307 155 608 578 214 255 329 550 81 674 334 855 846 784 114 818 225 546 382 243 96 340 526 148 543 675 226 186 939 236 326 938 886 246 551 832 360 599 177 869 920 752 226 909 302 828 306 711 259 899 660 465 988 938 550 11 977 379 536 494 627 776 775 647 494 525 913 432 481 106 668 263 840 837 708 522 318 578 902 580 291 387 551 67 236 567 684 
23 6000 577 379 94 17 550 862 886 670 548 280 876 230 627 924 377 259 42 577 679 841 999 204 378 258 663 393 379 389 160 860 59 931 763 907 556 28 17 125 641 412 990 238 154 633 386 382 479 498 732 708 0 280 363 614 37 821 418 478 211 103 570 224 718 387 705 560 471 521 276 242 586 495 538 203 180 850 396 891 950 30 79 657 489 275 356 542 834 134 518 306 191 214 844 36 314 242 760 184 510 41 
24 6000 431 381 734 508 978 857 746 197 63 831 794 592 47 690 802 667 439 331 517 831 860 479 594 838 248 346 88 780 501 466 318 727 299 54 568 134 312 723 609 589 513 923 487 14 821 917 569 894 791 665 303 642 555 443 663 686 766 551 748 379 721 939 504 314 422 117 39 148 764 170 500 531 587 237 971 220 802 292 382 984 310 571 876 389 937 488 611 61 101 389 472 511 431 978 649 127 55 771 567 421 
25 6000 774 409 114 125 850 183 658 230 611 613 808 562 614 422 392 991 554 747 620 860 674 943 905 740 862 803 301 87 176 560 39 916 3 495 117 64 581 515 429 155 88 521 379 846 37 932 472 456 177 198 840 574 625 640 164 725 462 477 978 709 479 370 813 691 329 328 145 637 781 332 634 201 291 500 596 646 636 162 209 890 793 661 389 287 815 250 831 219 899 907 166 101 378 433 715 896 850 651 800 723 
26 6000 167 75 89 668 497 881 930 368 181 515 162 490 609 802 356 679 820 886 959 69 60 844 319 965 6 324 39 776 881 49 655 800 178 532 83 948 202 835 821 10 167 736 361 549 52 129 796 21 938 8 70 214 50 882 861 596 214 961 549 671 958 955 250 937 969 831 371 530 120 379 675 165 803 918 304 451 764 994 735 179 183 415 153 689 192 459 185 884 572 608 478 13 835 641 94 795 415 446 177 993 
27 6000 185 373 871 19 18 493 956 675 610 593 167 614 291 254 668 622 31 858 651 312 369 870 526 326 483 226 666 631 109 194 194 12 549 521 753 353 461 241 754 796 671 967 54 378 713 14 541 233 326 204 590 957 613 697 862 233 94 672 413 297 365 235 584 356 584 370 635 540 499 283 601 479 247 998 328 119 622 526 169 838 59 467 299 490 29 382 125 446 77 783 751 236 212 75 979 887 877 312 802 547 
28 6000 218 85 870 486 858 414 888 77 907 969 416 846 428 460 47 174 64 564 423 772 62 209 65 485 400 563 476 560 238 582 503 936 422 455 403 669 241 787 605 88 178 861 618 759 851 839 70 869 880 224 332 112 896 444 706 677 399 889 645 426 695 258 960 862 634 548 510 978 355 530 315 580 763 67 575 175 964 106 571 26 361 686 895 463 645 823 999 37 394 590 521 626 491 264 362 73 96 859 970 454 
29 6000 373 902 824 575 709 796 560 782 623 605 726 690 107 620 626 911 594 526 232 383 293 545 612 399 94 366 867 913 769 230 31 233 691 6 909 689 780 597 312 366 902 524 675 502 439 37 508 640 247 580 666 130 720 979 890 76 185 173 601 317 332 845 410 544 921 788 313 132 461 367 41 804 93 896 531 694 395 293 992 925 325 850 530 282 19 458 800 80 667 141 660 816 184 231 291 709 896 37 748 707 
30 6000 955 345 422 66 708 596 372 93 734 90 997 137 771 49 20 442 251 893 253 930 660 565 109 533 441 261 329 146 665 387 896 811 184 113 604 220 477 343 249 120 931 470 911 739 744 732 301 802 199 538 629 239 505 589 980 186 939 151 647 365 499 316 407 436 787 597 200 422 350 701 177 789 181 821 592 289 622 299 509 151 360 992 779 711 759 195 275 85 233 458 835 970 884 144 900 167 124 69 295 927 
31 6000 493 77 143 708 399 874 366 437 4 992 747 869 955 198 20 147 200 215 964 137 595 88 956 660 529 36 963 181 273 142 441 80 293 721 103 80 217 704 28 929 705 898 86 934 920 440 139 440 823 320 987 840 18 286 536 226 357 1 152 250 31 774 659 321 356 728 978 699 986 730 840 602 760 947 568 913 912 349 391 576 844 26 251 286 213 643 575 553 515 891 991 742 912 267 440 186 505 36 663 956 
32 6000 776 715 535 390 424 914 202 969 304 899 502 638 695 694 634 162 608 94 539 621 364 402 976 615 152 265 741 300 783 428 17 834 376 763 314 319 167 416 966 860 191 405 664 798 29 528 980 748 352 916 363 503 487 73 569 423 702 757 991 387 452 528 872 908 293 327 847 509 682 916 807 935 385 530 538 327 716 575 104 917 313 731 452 365 684 290 201 313 235 77 86 260 992 806 24 351 755 198 271 172 
33 6000 878 718 642 138 417 277 257 584 846 726 789 137 74 505 677 469 975 277 272 27 141 901 390 829 102 577 242 927 706 514 195 617 885 972 354 8 536 995 418 28 727 717 787 470 943 547 381 168 596 108 151 898 528 250 738 96 700 995 262 993 810 758 694 244 48 670 797 675 712 377 91 206 887 126 817 570 940 511 374 910 6 696 175 856 226 486 432 159 921 64 788 501 449 753 313 549 936 650 793 866 
34 6000 630 458 811 763 72 377 570 686 808 392 934 237 880 800 652 422 780 319 243 207 122 625 495 998 724 669 65 120 332 592 132 900 699 617 585 435 245 735 704 660 9 532 811 785 111 23 857 713 456 799 411 523 876 369 24 622 457 17 432 640 240 19 575 688 41 579 887 53 591 310 844 930 721 616 219 283 814 810 32 438 238 322 645 487 976 827 987 107 185 655 366 884 883 301 849 738 501 410 660 542 
35 6000 511 57 586 524 842 670 846 553 320 451 392 901 829 626 123 569 434 375 963 779 166 781 286 722 701 647 651 151 641 522 316 921 626 773 495 67 990 67 844 513 179 80 116 999 650 795 490 334 479 232 500 560 377 940 80 119 355 115 648 619 741 668 735 300 776 99 104 777 500 523 836 173 160 674 357 222 843 256 861 441 561 461 118 963 513 20 106 131 724 603 474 432 803 947 268 886 19 521 914 464 
36 6000 427 96 914 638 252 54 231 657 265 777 822 644 347 970 300 98 986 250 189 909 904 854 732 470 543 802 731 979 633 367 396 534 543 190 639 104 662 885 827 980 496 474 423 787 725 509 503 665 931 208 625 699 212 455 993 209 400 18 413 971 112 810 988 985 342 552 39 865 815 675 202 465 830 804 186 813 798 673 150 960 198 810 176 839 183 835 800 719 530 725 68 351 173 866 100 409 32 273 612 305 
37 6000 355 777 380 977 285 569 101 754 891 899 633 874 358 319 76 762 571 270 661 661 806 396 920 698 747 396 107 994 545 785 325 904 146 387 356 976 594 913 627 738 547 471 313 888 698 342 24 993 347 878 54 293 823 848 664 687 988 103 355 520 528 869 613 235 268 545 91 516 210 327 691 987 528 513 520 80 228 829 190 153 703 619 427 464 893 243 461 87 265 535 158 359 348 645 380 964 23 133 519 243 
38 6000 305 642 690 816 812 995 553 120 672 73 213 954 50 299 196 620 47 85 941 760 170 83 800 479 90 579 999 852 931 880 537 399 768 35 489 634 601 730 679 274 476 712 201 205 15 568 744 797 35 222 204 661 509 983 531 443 560 480 311 754 728 357 16 818 210 27 421 943 310 376 134 399 805 727 728 807 446 918 426 628 325 847 817 840 310 312 573 404 280 502 627 617 372 977 794 930 958 481 288 340 
39 6000 577 433 122 946 540 443 840 754 409 686 563 338 104 495 819 440 820 995 115 112 493 142 726 483 38 1 675 755 58 605 363 515 258 245 819 962 283 528 50 135 190 53 446 745 279 46 714 699 501 796 314 909 158 239 855 487 121 529 437 910 276 951 384 253 424 1 365 87 353 995 340 133 291 42 334 263 474 724 477 946 39 327 297 731 956 978 732 860 234 509 822 605 96 414 562 430 371 733 872 552 
40 6000 791 201 161 23 435 522 456 898 33 95 551 608 335 41 160 109 285 888 540 923 208 729 543 643 722 233 572 18 608 316 419 186 352 845 434 176 564 205 9 251 18 70 847 201 509 236 967 166 261 839 936 93 94 825 282 422 73 991 563 82 867 470 56 408 514 971 545 54 837 644 159 516 210 905 747 339 902 53 751 620 721 49 40 882 161 271 688 932 792 614 147 782 96 758 800 233 472 966 353 216 
41 6000 633 241 40 480 108 196 100 727 72 477 513 781 218 75 446 892 898 391 382 758 238 373 410 370 464 588 637 270 140 562 184 313 549 237 755 525 932 888 224 164 795 337 225 556 26 822 213 823 10 348 949 79 487 881 904 192 355 209 521 720 149 833 832 89 402 720 376 627 618 265 905 544 69 306 825 443 137 535 869 466 424 152 947 666 337 97 649 689 376 717 376 379 852 199 560 383 226 620 945 354 
42 6000 823 957 400 853 106 899 221 534 262 806 414 707 285 654 901 886 302 321 136 394 351 49 94 636 318 421 100 127 276 710 471 870 921 938 432 174 342 478 290 515 830 568 314 524 954 550 305 699 618 200 325 936 322 988 538 475 337 606 655 348 23 610 931 930 6 524 195 679 427 246 877 667 988 101 503 991 13 381 621 657 237 722 641 35 552 160 535 471 415 204 892 166 158 780 273 886 889 377 351 638 
43 6000 232 251 797 864 605 25 386 275 265 529 281 909 831 219 982 507 519 33 886 797 780 9 952 793 592 526 413 682 103 501 30 413 848 383 833 573 266 307 836 636 726 223 685 195 790 369 712 261 923 921 357 217 375 157 440 538 453 997 236 854 897 244 832 459 583 379 736 855 275 255 194 427 636 532 202 850 223 192 665 299 682 981 684 87 866 131 433 801 89 187 594 536 239 299 825 326 963 816 227 365 
44 6000 656 523 271 99 452 373 169 802 958 51 144 718 932 214 573 362 634 755 476 78 66 931 309 451 816 702 545 658 735 118 994 352 150 107 345 191 849 503 893 574 542 655 920 708 29 464 696 585 782 197 581 957 168 910 173 920 35 832 999 190 863 551 697 659 218 349 165 339 720 525 649 281 240 54 232 554 546 419 697 897 128 971 232 120 400 649 945 855 20 413 660 755 530 225 961 722 39 932 946 274 
45 6000 180 885 681 633 36 645 790 632 277 612 186 30 212 933 378 344 984 515 352 763 616 511 472 276 139 93 382 570 513 884 375 817 560 873 202 934 633 166 772 414 232 418 743 312 291 281 441 498 360 720 93 744 383 538 847 773 310 954 524 828 255 578 606 885 411 621 392 81 453 700 822 465 642 57 917 664 343 561 307 546 190 319 833 492 603 248 665 357 883 449 921 714 601 728 260 490 501 109 402 564 
46 6000 636 674 57 445 955 592 224 599 60 660 335 545 351 212 207 295 276 740 275 233 917 63 74 38 607 395 430 735 820 155 352 470 42 857 60 105 841 930 152 225 859 808 350 647 941 142 817 35 121 456 496 702 688 125 453 205 44 982 676 818 572 427 328 475 247 364 884 293 184 821 155 246 871 581 647 97 275 694 236 186 574 181 615 157 693 807 497 215 405 234 27 30 186 430 387 853 549 653 49 949 
47 6000 91 860 656 955 947 898 989 232 890 300 4 819 791 46 387 84 645 125 615 659 901 243 982 759 303 520 555 468 963 525 547 106 885 486 48 244 657 20 609 486 539 234 632 595 648 524 37 65 479 941 184 725 461 443 505 482 789 890 824 782 224 125 834 892 109 980 692 594 291 555 207 384 194 613 596 772 738 431 257 774 346 957 548 192 733 612 33 773 723 581 159 847 784 942 840 529 524 468 917 83 
48 6000 856 452 954 547 46 400 345 200 373 929 210 980 617 722 22 434 85 872 470 298 408 477 489 311 814 810 960 332 111 919 23 382 78 4 487 688 505 399 294 323 584 523 526 544 882 626 890 418 601 689 188 819 361 305 715 414 206 904 59 709 69 148 277 754 403 850 913 614 200 260 828 178 121 60 304 423 949 905 401 706 87 871 30 188 322 635 707 992 568 745 471 164 815 810 914 59 993 970 810 226 
49 6000 978 477 300 398 453 733 113 666 846 638 778 452 66 572 305 355 246 884 302 473 228 197 999 293 986 406 140 747 732 689 220 520 906 384 31 207 766 78 990 416 817 747 209 406 779 289 792 361 311 308 306 878 233 467 913 786 437 281 128 865 222 676 659 584 268 164 314 425 966 975 440 910 329 998 853 910 187 863 740 341 909 11 494 825 348 108 955 426 242 624 21 52 781 944 107 601 568 839 406 465 
50 6000 679 646 437 479 63 2 835 901 970 477 864 525 654 939 610 522 57 14 331 93 694 466 929 541 449 849 16 845 528 279 537 333 248 659 425 548 923 213 252 908 525 659 350 236 377 881 367 773 564 425 721 756 304 683 933 159 984 90 306 689 90 194 904 629 736 925 315 635 28 928 167 55 971 283 853 890 130 471 447 976 789 923 269 482 802 994 81 327 862 712 365 594 413 140 671 548 922 699 488 352 
