FILE: 70.10
70 70 0 
1 10325 9300 9800 9700 4300 7100 5000 14100 7100 3200 9800 6200 11600 5200 12100 12700 13200 6100 8200 14500 19400 100 4800 600 21500 32867 32867 13500 12400 6900 7500 7000 32867 5400 9000 13600 5500 8800 8600 17700 11200 3800 7800 7100 15600 32867 8900 12500 8800 32867 10100 15700 12400 12100 5700 8900 10700 3900 8600 8400 8100 10100 13900 5900 32867 7800 6100 3000 8000 12900 13800 
2 0 11600 6000 7700 7700 11600 8400 8500 9500 8900 9000 11200 14100 10200 11700 16100 16600 7400 11100 7300 13800 10000 6400 9300 14300 33867 33867 9500 6800 4100 3500 8600 33867 5600 10600 12800 11200 1100 11500 14900 5600 6700 14000 12100 17900 33867 3300 12600 8700 33867 12600 17900 8400 9300 10100 13900 6600 7800 8000 14900 13800 15100 19600 11600 33867 3800 6000 8000 8100 12800 17200 
3 10320 34767 35167 33567 33267 35867 33967 33667 32967 32867 32767 33667 37967 32867 36767 36567 36267 33367 33267 34867 38967 32867 33967 33367 37667 65534 65534 37867 34667 33367 32767 33767 65534 38167 35567 36567 33067 33267 33667 34467 33467 33067 33067 36767 35867 65534 33167 35267 34867 38967 37367 36067 37667 34367 35167 35667 34467 34567 33067 34967 36067 34967 38367 35367 65534 32967 33367 33567 34267 38967 39267 
4 8613 15400 15900 13800 13100 11100 13700 16900 13200 9300 12200 16200 15000 15200 18200 18600 22000 8500 10600 18000 23900 10100 14800 9400 25000 36067 36067 18000 16900 14800 14200 13400 36067 15400 16400 16000 11000 11800 11000 21500 15600 6200 15500 17100 19900 36067 13400 14900 14000 36067 12500 18100 19100 15900 11800 12700 16700 13900 11000 3300 8800 5900 20000 12000 36067 14500 12200 8100 10400 18100 22600 
5 10207 13300 13800 8700 14700 14100 15400 16700 11100 7200 13800 15400 15600 15400 16100 23100 20200 10100 16300 19900 22000 10300 12100 11000 26900 37467 37467 20000 15000 15600 15000 9900 37467 15800 13900 17600 9500 13700 16700 22500 13800 11900 13400 17300 19200 37467 11500 16700 12800 37467 15300 23800 19900 17700 4700 15900 14700 14300 16700 13200 12100 17100 17900 9700 37467 15100 10100 10000 12200 16900 24200 
6 6601 8200 12700 11500 10200 8800 11500 14600 6600 8600 9900 13900 17000 12900 11200 8500 19100 6200 500 15700 21600 7800 12500 7100 22700 33267 33267 7900 14600 10800 10200 11400 33267 13100 14100 13700 10800 9500 900 14600 13300 3900 13200 14800 9800 33267 11100 12600 11700 33267 10200 8000 15100 9000 11100 12400 14400 11600 8700 13400 13400 12900 19300 11300 33267 10500 10200 5800 8100 15800 13700 
7 0 2000 7500 9800 10400 11000 11100 13800 200 4100 9300 12000 12500 11000 4800 13900 15300 5600 5900 13800 19100 7200 7200 7900 20800 32967 32967 12200 13400 6800 6200 7000 32967 12700 9000 13100 6400 8600 7300 16000 12200 7900 7100 12900 15200 32967 10500 11500 9700 32967 10800 13400 11100 10400 6600 13700 11600 10500 10700 10100 9000 14000 14800 6800 32967 6500 7000 6900 7000 13800 19900 
8 8363 10800 6700 12100 7200 14400 7900 8400 9000 10300 3700 11900 10700 10900 4000 10300 14200 7400 10100 11800 15500 10600 7100 9900 18800 34367 34367 10200 9700 3600 4200 9300 34367 13300 7900 7500 12000 6600 11500 7200 7100 9500 15100 12800 18600 34367 8800 7600 10700 34367 10900 10200 9100 1600 12800 12900 9500 7300 4700 14800 9300 18500 21000 13000 34367 4500 9200 11400 7100 14800 16700 
9 0 12700 7100 12300 9000 9600 9700 12200 10800 9400 8700 12300 15700 11300 9000 15300 17900 7000 8800 12400 17500 8600 7500 7900 19400 33067 33067 10600 12000 5400 4800 9700 33067 13900 11700 12500 11600 7200 9500 12200 10800 4700 14000 13200 18100 33067 9400 12600 11900 33067 11000 15200 9700 6600 11900 15000 11800 9100 300 14200 14200 13700 20100 12100 33067 4900 10400 6600 8300 16000 18500 
10 0 9700 10200 6000 8100 3300 8800 12300 7500 3600 7600 9800 12000 8800 12500 14000 17000 3900 6000 13400 19300 3700 8400 4400 20400 33567 33567 13400 12300 10200 9600 7700 33567 9200 11700 11400 5900 7200 6400 16900 11000 1600 8200 10700 15300 33567 8800 10300 9200 33567 7900 13500 14500 11300 6100 12500 11100 7700 6400 8800 8500 7900 14300 6300 33567 9900 6500 800 5800 13300 17600 
11 0 6200 6700 6400 7600 7000 8300 11400 4000 100 6700 8300 8500 8300 9000 16000 14500 3000 9200 13000 18400 3200 6400 3900 20000 32867 32867 12900 11200 9700 9200 4200 32867 8700 8200 10500 2400 9300 9600 15400 10000 4800 6300 10200 13500 32867 7900 9600 5700 32867 8200 16700 14100 10600 2400 12000 7600 7200 9600 6100 5000 10000 10800 2600 32867 9300 3000 2900 5100 9800 17100 
12 4877 4700 6000 11400 7700 13300 8400 11100 2500 6400 11400 10500 14500 10200 7500 15200 16600 7900 7200 11100 16400 9500 6400 10200 18100 35267 35267 9500 10700 4100 3500 8600 35267 12600 10600 15200 8700 5900 5800 14900 9500 8500 9400 12100 16500 35267 8100 8800 7900 35267 13100 14700 8400 9300 8900 13900 10500 7800 8000 12400 10500 16300 17100 9100 35267 3800 6400 9200 4300 12000 17200 
13 2710 7500 8200 5300 9100 8500 9800 12900 5500 1600 8200 6600 6800 7600 10500 16800 12800 4500 10700 14500 18600 4700 4700 5400 21500 34067 34067 11200 9500 8200 7600 2500 34067 10200 6500 12000 3900 8400 11100 13700 8300 6300 7800 10400 11800 34067 8100 7900 4000 34067 9700 17500 12500 8900 4100 11100 5900 8700 11100 7600 6500 11500 12300 4300 34067 7700 1300 4400 3400 8100 18600 
14 8476 16300 12200 14700 12700 18500 13400 13900 14500 13600 9200 15600 5200 16400 9500 4800 19700 12900 12400 17300 21000 16100 12600 15400 24300 34467 34467 15700 15200 9100 9700 14500 34467 18800 13400 13000 15900 12100 13800 1700 12600 13600 19600 18300 21700 34467 14300 9900 13000 34467 13200 11900 14600 3900 16100 13300 15000 12800 10200 16900 11600 22600 24100 16300 34467 10000 11500 15500 9400 17100 16700 
15 9707 12100 11300 4300 5600 13600 3900 13900 14300 10800 14400 7400 5200 6600 11800 13500 14500 12300 15800 16400 19200 9000 9300 8300 23400 35667 35667 14800 12200 8200 8800 7100 35667 14300 11100 18200 13100 10900 14400 12100 11000 11500 16600 12700 16400 35667 8700 13900 5800 35667 17500 20600 13700 13400 8300 2900 12000 11900 13300 6500 12000 15700 21500 13300 35667 9100 8500 11100 9400 14100 14600 
16 10357 11000 11800 10700 12300 11100 13000 11000 8800 7000 6300 8200 12200 9200 6400 12200 16800 8500 10600 16900 18100 10100 10100 9400 23900 34767 34767 14000 12300 8700 9300 7900 34767 15400 10500 10100 9300 11200 11000 9100 9700 6200 12200 15300 17200 34767 12000 2500 5600 34767 12500 12100 14200 3500 9500 12700 8700 12400 9800 9700 4200 15200 17700 9700 34767 9600 4100 8100 2000 9700 21800 
17 840 13800 14300 11700 12200 3100 12900 17500 11600 7700 12800 13900 16100 12900 16600 19200 21100 9100 11200 18000 24500 7800 12500 8500 25000 34967 34967 18600 17500 14800 14200 11800 34967 13300 15800 16600 10000 11800 11600 22100 16200 6800 12300 14800 20500 34967 14000 15500 13300 34967 13100 18700 19100 16500 10200 16600 15200 11800 11600 11400 12600 2200 18400 10400 34967 14500 10600 4900 11000 17400 21700 
18 0 10000 4400 7100 6100 11000 6800 7900 7900 9700 8400 9600 15700 8600 10100 14500 15000 6800 10500 5700 13200 9400 4800 8700 12700 33267 33267 7900 6200 2500 1900 7000 33267 7200 9000 12200 11400 500 10900 13300 5000 6100 12400 10500 16300 33267 2700 13700 10300 33267 12000 16300 6800 7700 9500 12300 6000 6200 6400 15100 14000 14500 20400 12400 33267 2200 7600 7400 9700 14400 15600 
19 10400 28300 22700 25400 16000 27400 17700 27800 26200 23500 26900 22700 26300 21900 27100 18400 24900 25200 20700 27800 33100 20400 23100 19700 34800 39267 39267 26200 26200 19600 20200 25300 39267 25700 24200 30700 25800 22600 19300 24900 25000 22900 28100 27400 30000 39267 24800 30800 26900 38967 29200 25500 25100 24800 26000 18200 26000 23300 24700 27600 28400 30400 34200 26200 39267 20500 26400 23300 27100 33200 6500 
20 9957 34767 35167 33567 33267 35867 33967 33667 32967 32867 32767 33667 37967 32867 36767 36567 36267 33367 33267 34867 38967 32867 33967 33367 37667 65534 65534 37867 34667 33367 32767 33767 65534 38167 35567 36567 33067 33267 33667 34467 33467 33067 33067 36767 35867 65534 33167 35267 34867 38967 37367 36067 37667 34367 35167 35667 34467 34567 33067 34967 36067 34967 38367 35367 65534 32967 33367 33567 34267 38967 39267 
21 0 9400 10100 7200 11000 10400 11700 13700 7400 3500 9800 4700 8700 5700 9900 15700 14700 6400 10100 13900 19000 6600 6600 7300 20900 33367 33367 10500 8800 9900 9300 4400 33367 12100 8400 13600 5800 7700 10500 12600 7600 5700 8700 11800 13700 33367 8500 6000 2100 33367 11600 15600 14200 7000 6000 9200 5200 10600 9500 9500 7700 13400 14200 6200 33367 9600 600 6300 1500 6200 20500 
22 0 5400 13400 13200 13000 11600 14300 17400 7600 11400 12700 15400 19700 14400 12200 10300 18700 9000 2300 18500 23800 10600 10600 9900 25500 35067 35067 5100 17400 11700 11100 10400 35067 15900 12400 16500 13600 12300 3700 16400 16100 6700 14500 16300 11600 35067 13900 15400 14500 35067 13000 9800 16000 10800 13900 15200 17200 14400 10800 16200 16200 15700 22100 14100 35067 11200 13000 8600 10900 18600 16500 
23 9950 34767 35167 33567 33267 35867 33967 33667 32967 32867 32767 33667 37967 32867 36767 36567 36267 33367 33267 34867 38967 32867 33967 33367 37667 65534 65534 37867 34667 33367 32767 33767 65534 38167 35567 36567 33067 33267 33667 34467 33467 33067 33067 36767 35867 65534 33167 35267 34867 38967 37367 36067 37667 34367 35167 35667 34467 34567 33067 34967 36067 34967 38367 35367 65534 32967 33367 33567 34267 38967 39267 
24 8836 6100 15600 13900 18400 19100 19100 20600 8300 12200 17300 16100 20400 15100 12900 21800 19400 13700 13800 21800 25900 15300 11300 16000 28800 38867 38867 16600 18900 14800 14200 11100 38867 20800 13100 21100 14500 16600 15200 24100 17700 16000 15200 17000 20400 38867 15400 19600 17600 38867 18900 21300 19100 18500 14700 18800 18700 18500 18500 18200 17100 22100 22900 14900 38867 14300 14900 15000 15100 21700 27900 
25 4389 17800 12200 14900 13900 18800 14600 15700 15700 15000 16200 17400 23400 16400 17900 22300 22800 14600 18300 2100 21000 16500 12600 16500 4900 34867 34867 15700 14000 10300 9700 14800 34867 15000 16800 20000 17300 8300 18700 21100 12800 13900 8800 18300 24100 34867 10500 21500 18100 34867 19800 24100 14600 15500 17300 20100 13800 14000 14200 21000 19900 22300 25700 17700 34867 10000 15400 15200 17500 22200 23400 
26 63 11900 17400 16200 12200 13500 13900 19300 10300 13300 14600 17900 13800 16900 14900 3800 21100 10900 4200 20400 26300 12500 17100 11800 27400 36067 36067 11600 19300 15500 14900 16100 36067 17800 18800 18400 15500 14200 5600 10300 18000 8600 17200 19500 13500 36067 15800 17300 16400 36067 14400 3300 19800 11900 15800 14400 19100 16300 12700 18100 18100 17600 24000 16000 36067 15200 14900 10500 12800 20500 15700 
27 1978 11100 11800 8900 12300 12100 13000 10800 9100 5200 8100 7600 10400 8600 12800 18600 16400 8100 13000 12500 16100 8300 8300 9000 19500 35067 35067 12200 5900 8700 9300 6100 35067 13800 10100 11900 7500 7800 13400 15500 4700 8600 5800 14000 15400 35067 5600 8900 5000 35067 13300 18500 14200 9900 7700 12100 2300 12300 12400 11200 10100 15100 15900 7900 35067 9600 2300 8000 4400 9100 21800 
28 0 10400 12600 14700 13400 12000 14700 17700 8800 11800 13100 16400 20200 15400 13400 10700 22300 9400 2700 17900 23000 11000 13000 10300 24900 35467 35467 10100 17500 10900 10300 14600 35467 16300 17200 16900 14000 12700 4100 16800 16300 7100 15700 18000 12000 35467 14300 15800 14900 35467 13400 10200 15200 11200 14300 15600 17300 14600 5800 16600 16600 16100 22500 14500 35467 10400 13400 9000 11300 19000 16900 
29 4339 34767 35167 33567 33267 35867 33967 33667 32967 32867 32767 33667 37967 32867 36767 36567 36267 33367 33267 34867 38967 32867 33967 33367 37667 65534 65534 37867 34667 33367 32767 33767 65534 38167 35567 36567 33067 33267 33667 34467 33467 33067 33067 36767 35867 65534 33167 35267 34867 38967 37367 36067 37667 34367 35167 35667 34467 34567 33067 34967 36067 34967 38367 35367 65534 32967 33367 33567 34267 38967 39267 
30 0 10200 10200 7900 6600 5200 7300 11000 8000 4400 6300 9700 12800 8700 12900 12700 15500 2600 4700 11500 18000 3600 8300 2900 18500 33067 33067 12100 11000 8300 7700 7800 33067 8900 10500 10100 6700 5300 5100 15600 9700 300 9000 10600 14000 33067 7500 9000 8100 33067 6600 12200 12600 10000 6900 12400 10800 7400 5100 9600 9300 8700 15100 7100 33067 8000 6600 1600 4500 12200 16100 
31 10373 9100 9100 8900 9600 12200 10300 13200 11300 8300 12300 900 11700 100 12500 14200 14400 11200 12800 14400 18500 5200 3900 5900 21400 32867 32867 12600 11500 7400 6800 6100 32867 10700 8100 16100 10600 9200 13900 18200 10300 9100 12900 6200 10500 32867 8000 11600 7700 32867 15400 20300 11700 12600 10800 3600 10800 9200 11100 13000 13200 15200 19000 11000 32867 6900 6200 8100 7100 11800 15300 
32 10369 22000 23700 26300 22300 23600 24000 25400 20400 23400 20700 27100 23900 27000 21000 13900 31200 21000 14300 28800 32500 22600 24100 21900 35800 39567 39567 21700 26700 20600 21200 26200 39567 27900 24900 24500 25600 23600 15700 20400 24100 18700 27300 29600 23600 39567 25800 21400 24500 38967 17900 6800 26100 15400 25900 24500 26500 24300 21700 28200 23100 27700 28800 26100 39567 21500 23000 20600 20900 28600 25800 
33 6936 10200 12600 8000 14500 16200 15200 16000 12400 9300 12500 12200 14500 11200 17000 22900 15500 10400 17100 17900 21300 12100 7400 12800 24900 37967 37967 16100 14300 10900 10300 5200 37967 17600 9200 16300 11600 12700 17500 21400 13100 12700 15500 13100 14500 37967 10800 15600 11700 37967 15600 24600 15200 16100 10400 14900 13600 14600 14600 15300 14200 19200 20000 12000 37967 10400 9000 12100 11100 15800 24000 
34 0 34767 35167 33567 33267 35867 33967 33667 32967 32867 32767 33667 37967 32867 36767 36567 36267 33367 33267 34867 38967 32867 33967 33367 37667 65534 65534 37867 34667 33367 32767 33767 65534 38167 35567 36567 33067 33267 33667 34467 33467 33067 33067 36767 35867 65534 33167 35267 34867 38967 37367 36067 37667 34367 35167 35667 34467 34567 33067 34967 36067 34967 38367 35367 65534 32967 33367 33567 34267 38967 39267 
35 8258 11200 11700 11600 12600 12000 13300 16400 9000 5100 11700 13300 13500 13300 14000 21000 19500 8000 14200 18000 23400 8200 11400 8900 25000 37867 37867 17900 16200 14700 14200 9200 37867 13700 13200 15500 7400 14300 14600 20200 15000 9800 11300 15200 18500 37867 12900 14600 10700 37867 5300 16400 19100 14600 7600 17000 12600 12200 14600 11100 10000 15000 5600 7800 37867 14300 8000 7900 10100 14800 22100 
36 1316 6400 6900 6800 7800 7200 8500 11000 4200 300 6300 8500 8700 8500 9200 16200 14700 2600 9300 13200 18000 3400 6600 4100 20200 33067 33067 13100 11000 9300 9400 4400 33067 8900 8400 10100 2000 8900 9700 15600 9700 4900 6500 10400 13700 33067 7500 9800 5900 33067 7800 16800 14300 10800 2800 12200 7800 7400 9700 5700 4600 10200 11000 3000 33067 9500 3200 3100 5300 10000 17300 
37 9543 10900 7800 6000 8300 13700 9000 6800 11300 9200 4100 10500 14400 9500 11800 16700 14600 6500 13200 10000 12100 10400 5700 11000 17000 33467 33467 11300 1900 4700 5300 7200 33467 10500 8300 7900 11100 3800 13600 15000 700 8800 9800 11400 16500 33467 1600 12900 9000 33467 11700 18000 10200 9400 8400 13200 1700 8400 9800 14800 13700 17800 19900 11900 33467 5600 6300 10700 8400 13100 17800 
38 9300 4000 6400 3800 8300 12000 9000 10500 6200 5100 7200 6000 10300 5000 10800 16700 9300 6200 11700 11700 15800 5900 1200 6600 18700 33767 33767 9900 8800 4700 4100 1000 33767 11400 3000 11000 7400 6500 13100 15500 7600 8500 11300 6900 10300 33767 5300 11400 7500 33767 11400 18500 9000 9900 6200 8700 8600 8400 8400 11100 10000 15000 15800 7800 33767 4200 4800 7900 6900 11600 17800 
39 9124 10600 5000 10400 5500 12800 6200 10100 8500 8900 9200 10200 15300 9200 9500 13900 14400 8600 13200 10100 15400 5800 5400 6300 17100 34567 34567 8500 8500 1900 2500 7600 34567 11100 9600 13000 11200 4900 11800 12700 7300 9500 13500 11100 16900 34567 7100 13100 13900 34567 13800 15700 7400 7100 11400 12900 8300 1800 7000 14100 13800 15800 19600 11600 34567 2800 11400 8700 10300 18000 15000 
40 9583 15300 9700 12400 3000 14400 4700 14800 13200 10500 13900 9700 13300 8900 14100 5400 11900 12200 7700 14800 20100 7400 10100 6700 21800 35767 35767 13200 13200 6600 7200 12300 35767 12700 11200 17700 12800 9600 6300 11900 12000 9900 15100 14400 17000 35767 11800 17800 13900 35767 16200 12500 12100 11800 13000 5200 13000 10300 11700 14600 15400 17400 21200 13200 35767 7500 13400 10300 14100 20200 6500 
41 1920 15600 15100 16000 9400 13400 10100 19600 13400 9500 14900 12500 17900 11500 18400 17800 18300 11200 13300 20100 25500 6400 11100 5700 27100 38467 38467 18600 18600 12000 12600 13300 38467 11700 15300 18700 11800 13900 13700 22800 17400 8900 14100 13400 21900 38467 15200 17600 15100 38467 15200 20800 17500 17200 12000 15200 17000 10200 13700 14700 14400 16400 20200 12200 38467 12900 12400 9300 13100 19200 18900 
42 0 7600 8100 8000 6000 5400 6700 12800 5400 1500 8100 7700 9900 6700 10400 14400 14900 4400 7600 12800 19800 1600 6300 2300 19800 34067 34067 14300 12600 8600 9200 5600 34067 7100 9600 11900 3800 8200 8000 16800 11400 3200 6100 8600 14900 34067 9300 11000 7100 34067 9500 15100 14100 12000 4000 10400 9000 5600 8000 6700 6400 8400 12200 4200 34067 9300 4400 1300 6500 11200 15500 
43 10413 6900 6900 6700 7400 10000 8100 11000 9100 6100 10100 3100 13200 2100 12800 15800 12200 9000 11300 12200 16300 3000 1700 3700 19200 34467 34467 10400 9300 5200 4600 3900 34467 8500 5900 13900 8400 7000 11700 16000 8100 6900 10700 4000 12500 34467 5800 13800 9900 34467 13200 18800 9500 10400 8600 5800 9100 7000 8900 11300 11000 13000 16800 8800 34467 4700 7700 5900 9300 14000 16900 
44 0 8700 9200 9100 10100 9500 10800 13300 6500 2600 8600 10800 11000 10800 11500 18500 17000 4900 11600 15500 20300 5700 8900 6400 22500 33067 33067 15400 13300 11600 11700 6700 33067 11200 10700 12400 300 11200 12000 17900 12000 7200 8800 12700 16000 33067 9800 12100 8200 33067 10100 19100 16600 13100 5100 14500 10100 9700 12000 8000 6900 12500 13300 5300 33067 11800 5500 5400 7600 12300 19600 
45 0 8000 2400 7800 4300 13000 5000 7500 6100 9000 8000 7600 14100 6600 8300 12700 13200 7400 10800 7700 12800 7500 2800 7000 14700 32867 32867 5900 7300 700 100 5000 32867 9200 7000 11800 11300 2500 9400 11500 6100 8100 12000 8500 14300 32867 4700 11900 11500 32867 12600 14500 5000 5900 10200 10300 7100 4400 4400 15000 13600 16500 19700 11700 32867 200 8800 9400 7900 15600 13800 
46 9660 12900 13600 10700 14500 13900 15200 17200 10900 7000 13600 9400 12200 10400 14600 20400 18200 9900 13200 17400 22500 10100 10100 10800 24400 36867 36867 5800 12300 12400 11800 7900 36867 15600 11900 17400 9300 11200 14600 17300 11100 10400 12200 15800 17200 36867 12000 10700 6800 36867 15100 20300 16700 11700 9500 13900 8700 14100 14200 13000 11900 16900 17700 9700 36867 11900 4100 9800 6200 10900 24000 
47 2398 11200 10400 10100 10900 10900 11600 4700 9100 6600 0 13200 14400 12200 7700 14000 10500 3700 10400 14100 11800 9700 8400 9200 21100 32767 32767 13900 6000 7300 7900 7300 32767 14600 4200 3800 8300 7900 10800 10900 3400 6000 11400 14100 16600 32767 5700 8800 11900 32767 8900 13900 12800 5300 9100 15900 5800 11000 8400 12000 10500 15000 17300 9300 32767 8200 9500 7900 8300 16000 20400 
48 10371 11200 13600 9000 15500 17200 16200 17000 13400 10300 13500 13200 15500 12200 18000 20400 16500 11400 12400 18900 22300 13100 8400 13800 25900 35867 35867 17100 15300 11900 11300 6200 35867 18600 10200 17300 12600 13700 13800 22400 14100 13700 16500 14100 3100 35867 11800 16600 12700 35867 16600 19900 16200 17100 11400 15900 14600 15600 15600 16300 15200 20200 21000 13000 35867 11400 10000 13100 12100 16800 25000 
49 3677 8900 6700 4800 8400 11700 9100 5600 9900 7400 6100 8500 14300 7500 12400 16800 14200 4500 11200 8000 10900 8400 3700 9100 15000 33167 33167 10200 3900 4800 4200 5900 33167 8500 7900 9900 9100 1800 11600 15600 2700 6800 11800 9400 15200 33167 400 14900 11000 33167 9700 18600 9100 10000 7200 11200 3700 8500 8700 12800 11700 15800 18100 10100 33167 4500 8300 8700 10400 15100 17900 
50 10343 16400 16400 10900 11900 19500 10500 20500 17600 15600 19600 8200 11800 7400 12600 14300 20800 18500 16600 21700 25800 12500 11200 13200 28700 36467 36467 19900 18800 14700 14100 13400 36467 18000 15400 23400 17900 16500 15200 18700 17600 16400 20200 13500 17800 36467 15300 18900 12400 36467 22700 21400 19000 18200 14900 3700 18100 16500 18400 13100 18600 22300 26300 18300 36467 14200 13500 15400 14400 19100 15400 
51 1417 9800 12100 9600 5400 16800 7100 11700 12000 10900 7000 11800 16100 10800 14700 13800 3500 10700 16100 17200 18800 9800 7000 9100 24200 35567 35567 15600 13000 9000 9600 6800 35567 15100 2800 10800 13200 12000 14700 17900 10400 12300 17100 12700 16100 35567 11100 15800 13300 35567 15900 20900 14500 12300 12000 13600 12800 12700 14100 16900 15800 19800 21600 13600 35567 9900 10600 12700 12700 17400 14900 
52 0 12600 12600 12400 13100 15700 13800 16700 14800 11800 15800 4600 15400 3600 16200 17900 17900 14700 16300 17900 22000 8700 7400 9400 24900 36367 36367 16100 15000 10900 10300 9600 36367 14200 11600 19600 14100 12700 17400 21700 13800 12600 16400 9700 14000 36367 11500 15300 11400 36367 18900 23800 15200 16100 14300 7300 14500 12700 14600 16700 16700 18700 22500 14500 36367 10400 9900 11600 10800 15500 19000 
53 3163 34767 35167 33567 33267 35867 33967 33667 32967 32867 32767 33667 37967 32867 36767 36567 36267 33367 33267 34867 38967 32867 33967 33367 37667 65534 65534 37867 34667 33367 32767 33767 65534 38167 35567 36567 33067 33267 33667 34467 33467 33067 33067 36767 35867 65534 33167 35267 34867 38967 37367 36067 37667 34367 35167 35667 34467 34567 33067 34967 36067 34967 38367 35367 65534 32967 33367 33567 34267 38967 39267 
54 2678 4500 5000 8100 9100 8500 9800 11500 2300 1600 6800 9800 10000 9800 7300 16400 16000 3100 8400 11300 18500 4700 7900 5400 18300 34367 34367 13300 11500 8100 7500 5700 34367 10200 9700 10600 3900 9400 9800 16900 10200 5400 4600 11700 15000 34367 8000 11100 7200 34367 8300 15900 12400 12100 4100 13500 9100 8700 10200 7600 6500 11500 12300 4300 34367 7600 4500 4400 6600 11300 18600 
55 0 12100 16000 10800 11800 19400 10400 17700 10300 14200 13000 8100 11700 7300 5300 14200 20700 15700 16000 21100 24800 12400 11100 13100 28100 36367 36367 19500 18700 12900 13500 13300 36367 17900 15300 16800 16500 15900 15100 16500 16400 16300 17200 13400 17700 36367 15200 14200 12300 36367 20200 19500 18400 10900 14800 3600 18000 16400 14000 13000 15900 22200 24900 16900 36367 13800 13400 15300 13700 19000 15300 
56 0 10400 10900 8100 7400 5400 8100 11200 8200 5200 6500 9900 13600 9500 12100 12900 16300 2800 4900 12300 18200 4400 9100 3700 19300 33267 33267 12300 11200 9100 8500 8000 33267 9700 10700 10300 7400 6100 5300 14800 9900 500 9800 11400 14200 33267 7700 8200 7300 33267 6800 12400 13400 9200 7700 13200 10400 8200 4300 10000 9900 9500 15900 7900 33267 8800 5800 2400 3700 11400 16900 
57 4221 13600 9000 8700 10900 16400 11600 900 12700 12100 5600 13200 18200 12200 13300 19300 16100 9200 15900 12700 6200 13100 8400 13600 19700 33667 33667 12500 7800 7300 6700 9900 33667 13200 9800 9400 13800 6500 16000 16500 6600 11500 15700 14100 19200 33667 4300 14400 14900 33667 14400 19500 11600 10900 11100 15900 7600 11000 11000 17500 16100 20500 22800 14800 33667 6400 12200 13400 13900 19000 20400 
58 0 15800 11100 10900 12800 16700 13500 11700 14600 14100 7600 15400 19300 14400 15300 21200 18100 11300 16200 12400 17000 15100 10600 14400 19400 36967 36967 14600 6800 9200 8600 12100 36967 12900 11800 11400 15900 6200 16600 18500 4200 11800 14700 16300 21400 36967 6500 16400 13900 36967 16500 21500 13500 12900 13300 18100 6600 12900 13100 19600 18100 20200 24800 16800 36967 8900 11200 13100 13300 18000 22300 
59 3045 8100 2500 7900 4200 12900 4900 7600 6000 9100 7900 7700 14000 6700 8200 12600 13100 7300 10700 7600 12900 7600 2900 6900 14600 32767 32767 6000 7200 600 0 5100 32767 9100 7100 11700 11400 2400 9300 11400 6000 8000 12100 8600 14400 32767 4600 11800 11400 32767 12500 14400 4900 5800 10300 10400 7000 4300 4500 15100 13500 16400 19800 11800 32767 300 8900 9300 7800 15500 13700 
60 7941 34767 35167 33567 33267 35867 33967 33667 32967 32867 32767 33667 37967 32867 36767 36567 36267 33367 33267 34867 38967 32867 33967 33367 37667 38967 38967 37867 34667 33367 32767 33767 38967 38167 35567 36567 33067 33267 33667 34467 33467 33067 33067 36767 35867 38967 33167 35267 34867 6200 37367 36067 37667 34367 35167 35667 34467 34567 33067 34967 36067 34967 38367 35367 38967 32967 33367 33567 34267 38967 38967 
61 6898 13500 15900 15600 16400 15100 17100 20000 11900 14900 16200 7900 18700 6900 16500 13800 21200 12500 5800 21200 25300 12000 10700 12700 28200 36267 36267 13200 18300 14200 13600 12800 36267 17500 14900 20000 17100 15800 7200 19900 17100 10200 18800 13000 3500 36267 14800 18600 14700 36267 16500 13300 18500 14300 17400 10600 17800 16000 14300 19700 19700 19200 25600 17600 36267 13700 13200 12100 14100 18800 20000 
62 6554 7000 9400 800 10700 10100 9000 8800 9200 5700 9300 9000 10300 8000 13800 18600 12300 7200 12800 12000 14100 8800 4200 9500 19000 33567 33567 12900 7100 7700 7100 2000 33567 12500 6000 13100 8000 5800 13200 17200 5900 8400 11900 9900 11300 33567 3600 12400 8500 33567 12400 20300 12000 12900 3200 8000 6900 11400 11400 11600 10600 14700 16400 8200 33567 7200 5800 7600 7900 12600 19700 
63 9239 14400 14900 9800 15800 15200 16500 17800 12200 8300 14900 16500 16700 16500 17200 24200 21300 11200 17400 21000 23100 11400 13200 12100 28000 38567 38567 21100 16100 16700 16100 11000 38567 16900 15000 18700 10600 14800 17800 23600 14900 13000 14500 18400 20300 38567 12600 17800 13900 38567 16400 24900 21000 18800 5800 17000 15800 15400 17800 14300 13200 18200 19000 10800 38567 16200 11200 11100 13300 18000 25300 
64 0 11800 6200 9400 500 10900 1200 11300 9700 7000 10400 10000 10300 9000 10700 8900 9400 8700 10800 11300 16600 3900 6600 3200 18300 33267 33267 9700 9700 3100 3700 8800 33267 9200 8700 14200 9300 6100 9800 13900 8500 6400 11600 10900 18100 33267 8300 14300 10900 33267 12700 16000 8600 8300 9500 8000 9500 6800 8200 11600 11900 13900 17700 9700 33267 4000 9900 6800 10600 16700 10000 
65 3665 8200 8700 8600 8600 6600 9300 9000 6000 3500 4300 11700 11900 10700 11000 14100 14800 600 6100 13100 16000 5600 6900 4900 20100 33367 33367 13500 9000 7300 7900 5800 33367 10900 8500 8100 5200 6900 6500 15200 7700 1700 8300 12600 15100 33367 5500 10400 9100 33367 4600 13600 12800 9600 6000 14400 8800 9400 6500 8900 7800 10700 14200 6200 33367 8200 6400 3600 5900 13200 18100 
66 0 8400 8900 7200 9500 8000 10200 7600 6200 3700 2900 11400 12100 10400 10600 15500 13400 800 7500 13300 14700 6800 6600 6300 20300 33567 33567 12500 8900 5900 6500 4400 33567 12300 7100 6700 5400 7100 7900 13800 6300 3100 8500 12300 13700 33567 5700 11700 9300 33567 6000 15000 11400 8200 6200 14100 8700 9600 7900 9100 8000 12100 14400 6400 33567 6800 6600 5000 7300 13400 19000 
67 0 12800 11700 17100 12200 14400 12900 13400 11200 13900 8700 15100 12500 15900 9000 12100 19200 11100 5100 16800 20500 13400 12100 12700 23800 36167 36167 12500 14700 8600 9200 14300 36167 18300 12900 12500 15700 11600 6500 9000 12100 9500 18100 17800 14400 36167 13800 9400 12500 36167 5900 5200 14100 3400 16400 17900 14500 12300 9700 16600 11100 18500 16800 16600 36167 9500 11000 11400 8900 16600 19300 
68 7293 14300 14800 13000 14300 14300 12600 18500 12100 8200 13800 15700 13900 15300 13900 19700 22600 10500 16100 21100 25600 10500 14500 11200 28100 34967 34967 21000 18900 16200 16800 12300 34967 16000 16300 17600 9900 16800 16500 16600 17200 11700 14400 17500 21600 34967 15400 10000 13100 34967 15700 19600 21700 11000 10700 11600 15700 14500 16500 2200 3300 11400 18900 10900 34967 17100 11100 10200 9500 17200 23300 
69 10279 9400 9900 13000 12400 11800 13100 16400 7200 6500 11700 13700 14900 13100 12200 20800 20900 8000 13300 6400 22200 8000 12700 8700 13400 33067 33067 18200 12000 13000 12400 10600 33067 13500 14600 15500 8800 12600 14400 21600 10800 9600 300 15000 19900 33067 11700 15000 11100 33067 13200 20800 17300 16000 9000 16800 8400 12000 14400 12500 11400 14800 17200 9200 33067 12500 8400 7700 10500 15200 21900 
70 1576 11900 6300 11700 7400 16700 8100 11400 9800 12900 10500 11500 17200 10500 11400 15800 12600 10500 14500 11400 16700 10800 6700 10100 18400 36567 36567 9800 10400 3800 3800 8900 36567 12900 6300 14300 15100 6200 13100 14600 9200 11800 15900 12400 18200 36567 8400 15000 15200 36567 15700 17600 8700 9000 14100 14200 10200 7500 8300 18500 16700 20200 23600 15600 36567 4100 12700 13100 11600 19300 16900 
