FILE: E31.01
50 100 0
1 3000 928 934 479 601 725 111 636 476 824 870 387 556 768 506 154 604 484 147 681 642 979 55 200 11 354 490 850 485 867 462 810 507 254 229 122 155 44 872 664 920 59 809 246 902 849 567 302 509 257 681 141 258 842 41 219 764 384 557 426 522 176 451 822 566 334 55 822 608 842 437 276 737 540 704 429 285 791 326 216 952 32 333 876 774 930 705 337 37 373 834 354 732 994 366 860 633 469 297 510 609 
2 3000 290 638 870 243 247 522 234 376 320 77 534 646 218 908 304 632 274 550 186 692 911 711 916 83 407 674 297 469 177 681 87 398 280 651 311 848 379 79 930 440 880 457 362 399 445 57 809 872 624 424 864 684 805 424 366 136 219 184 974 927 198 780 421 809 419 997 931 54 355 30 751 334 637 447 278 112 560 271 744 125 447 520 940 64 83 51 923 46 954 49 201 956 487 7 350 272 36 540 535 456 
3 3000 810 877 904 510 472 373 324 780 630 888 431 615 932 374 451 975 992 515 776 563 852 765 758 597 220 621 680 808 177 487 392 747 600 964 560 15 986 903 16 491 938 88 161 163 984 866 902 654 994 584 84 27 875 173 893 986 791 724 187 33 609 391 243 708 798 478 864 486 501 49 335 428 989 894 194 181 228 218 268 430 774 865 973 377 703 459 321 352 814 264 615 158 814 146 297 219 698 453 925 159 
4 3000 54 167 732 866 504 176 757 676 8 998 992 731 234 815 539 141 733 148 229 19 121 28 675 985 997 991 231 251 811 764 823 859 403 959 127 177 426 644 47 247 386 117 985 72 495 729 845 444 83 114 270 402 761 651 50 912 78 510 191 868 867 130 608 7 24 466 908 823 915 854 232 90 143 829 628 67 896 750 925 3 587 573 568 13 4 611 390 929 697 628 792 230 815 114 296 617 114 77 932 362 
5 3000 348 206 444 991 778 733 771 421 996 862 781 130 802 82 713 455 339 227 313 622 215 616 119 589 823 124 875 298 584 524 526 445 323 941 787 333 510 771 732 934 572 895 383 729 999 547 766 427 471 666 407 169 709 88 723 292 278 410 297 252 68 880 483 816 657 147 334 91 277 229 298 500 619 521 669 299 171 212 256 720 327 935 229 343 975 2 626 779 784 67 487 274 918 565 68 315 384 755 125 834 
6 3000 734 736 723 104 352 256 549 933 28 669 181 221 51 887 303 508 529 659 318 583 165 33 338 754 203 341 13 874 758 538 169 724 256 267 734 829 205 461 899 316 1 853 8 907 6 218 124 625 605 704 758 334 465 90 711 674 712 314 517 519 251 114 445 519 937 137 522 848 829 339 564 730 236 40 671 852 773 467 155 248 156 127 372 751 945 864 434 612 953 934 253 369 555 945 900 568 589 8 749 430 
7 3000 96 938 358 48 601 854 575 224 153 19 826 523 854 260 58 651 84 824 308 739 152 995 356 639 579 337 450 817 742 885 547 937 95 149 65 737 683 260 593 281 166 100 538 192 88 780 180 942 582 283 98 818 254 635 436 636 452 438 979 802 647 115 514 825 135 708 436 858 784 566 65 380 49 782 659 588 969 707 572 626 357 399 542 208 923 334 567 760 522 241 340 655 273 392 719 643 742 193 192 68 
8 3000 928 427 804 967 260 979 528 642 324 405 537 801 546 171 344 861 541 917 294 508 355 584 355 102 306 751 699 34 663 27 21 613 858 838 86 584 473 450 451 874 699 582 845 656 502 446 178 323 210 554 632 466 735 146 816 461 152 571 458 737 861 477 582 338 34 141 661 867 584 797 702 402 360 289 737 476 801 910 686 732 750 757 61 319 666 452 482 646 937 577 473 581 521 651 502 678 635 20 745 546 
9 3000 704 466 527 933 291 922 922 638 235 96 479 823 700 381 533 841 371 870 81 163 503 834 684 491 44 505 376 663 560 502 23 442 167 747 136 773 195 219 576 613 815 380 137 921 317 627 468 903 291 611 309 113 413 754 506 485 52 836 768 917 426 960 649 474 521 774 713 819 494 264 347 967 772 980 208 948 577 39 754 469 86 730 834 189 948 92 817 676 383 285 211 658 568 110 246 650 538 524 406 560 
10 3000 328 482 349 359 555 961 211 418 176 504 748 595 634 128 289 679 108 947 968 269 97 337 206 697 40 10 906 76 204 818 336 82 556 645 166 541 832 229 630 439 528 253 276 434 32 547 277 466 611 759 777 564 470 321 225 438 616 64 189 950 727 320 589 64 756 866 850 360 488 536 921 713 764 861 633 229 598 573 371 23 894 315 530 954 998 410 707 881 789 18 123 564 532 540 221 777 225 603 923 755 
11 3000 629 474 508 536 737 246 582 319 866 636 111 422 114 745 983 927 397 621 59 619 767 964 207 302 263 829 259 88 977 657 375 762 580 484 782 797 17 672 355 137 589 12 8 323 146 523 360 62 598 812 658 837 482 334 408 644 784 384 696 457 748 174 664 507 882 846 105 979 891 745 654 209 740 818 538 984 582 464 355 35 754 689 850 315 581 909 160 163 176 244 495 936 990 643 718 212 298 686 806 160 
12 3000 369 414 648 155 511 16 150 255 735 731 129 613 237 798 948 428 431 808 368 526 740 293 586 173 874 896 933 193 807 974 185 9 175 973 975 688 310 411 259 581 635 827 314 660 635 531 237 142 117 499 404 494 994 258 871 409 291 110 174 857 609 524 509 791 756 60 743 616 767 652 249 999 34 601 8 130 757 123 967 20 445 789 110 920 678 711 217 479 851 805 775 708 121 991 13 365 274 655 527 840 
13 3000 729 232 474 140 399 246 779 74 631 654 358 216 938 833 796 753 748 65 464 811 881 846 539 343 980 878 902 182 614 84 373 354 263 488 255 231 918 297 665 634 501 45 602 478 837 127 242 34 379 581 416 427 427 439 736 451 41 527 351 289 375 16 793 248 652 601 885 89 495 634 171 48 833 63 854 150 103 512 695 899 965 359 850 944 255 138 106 816 377 129 500 323 878 463 770 704 402 593 621 129 
14 3000 758 480 271 647 310 318 242 168 415 172 872 577 121 346 508 570 850 836 859 316 283 713 463 519 162 780 755 997 233 335 693 356 48 402 408 854 834 264 861 61 172 635 957 391 677 332 105 110 413 773 672 923 268 157 318 703 984 669 667 499 89 536 297 371 428 312 495 189 526 198 776 954 491 773 606 757 684 950 321 961 868 531 691 701 64 180 113 297 821 172 896 671 127 753 599 368 679 463 912 263 
15 3000 725 263 19 564 207 801 940 188 411 677 806 114 853 37 530 810 619 345 867 314 867 678 297 73 728 384 734 135 301 455 508 783 991 442 592 203 875 279 552 285 346 836 179 153 729 562 275 503 101 59 565 362 38 917 197 354 487 673 805 53 512 229 602 547 99 566 466 774 768 110 502 749 197 589 28 257 572 720 477 125 897 573 162 644 964 964 391 260 223 706 884 98 250 71 980 449 46 305 580 778 
16 3000 878 541 318 369 889 947 909 198 181 467 157 117 611 980 582 956 998 238 141 629 969 414 12 839 170 611 898 477 46 178 842 307 916 162 999 33 565 761 348 342 69 106 806 12 68 220 717 686 209 502 182 394 979 570 197 439 648 823 80 711 533 544 128 46 310 907 11 718 589 727 838 649 472 282 382 440 311 75 428 817 386 861 712 581 726 794 420 654 777 23 719 325 159 606 284 277 210 56 289 499 
17 3000 543 385 842 672 342 984 313 120 600 169 545 927 38 767 402 309 900 545 626 834 368 873 478 587 795 413 124 872 482 229 238 541 228 119 791 559 351 544 495 869 417 974 867 187 389 11 390 793 412 131 731 925 954 376 487 861 530 855 431 299 712 392 730 106 662 156 86 50 888 640 293 594 460 801 160 360 386 732 284 340 390 700 620 463 784 882 344 602 672 669 958 620 204 854 107 548 84 567 95 480 
18 3000 64 292 540 299 646 808 162 805 692 412 159 350 182 244 146 580 825 82 120 358 749 432 423 490 982 269 179 313 950 267 156 778 706 862 540 81 113 995 576 474 690 874 561 320 354 601 132 1 767 13 349 775 507 567 517 157 787 633 226 946 936 14 576 465 361 60 63 129 216 208 77 912 480 288 501 836 691 451 367 47 14 53 38 588 910 342 898 464 81 287 994 80 937 411 629 659 294 937 349 727 
19 3000 528 134 306 259 884 166 464 582 196 318 612 628 692 928 662 628 142 865 191 847 42 916 701 445 64 903 560 68 490 888 108 253 842 305 876 248 440 364 399 335 91 571 594 253 643 702 163 821 604 90 994 336 569 546 31 864 651 781 581 996 650 652 517 179 170 97 365 206 405 83 726 962 819 420 11 21 431 788 953 183 918 816 869 555 279 551 140 254 248 177 873 340 198 311 221 69 741 729 322 54 
20 3000 755 865 334 430 39 921 529 627 335 941 913 829 923 684 350 722 507 646 649 625 623 70 587 591 272 293 336 583 6 266 265 305 187 599 580 793 630 973 781 357 357 257 391 962 677 178 938 647 308 889 651 82 765 281 842 835 733 368 446 473 632 613 679 69 113 516 290 205 688 320 372 95 214 181 208 883 457 628 105 737 455 685 705 822 881 473 724 748 158 649 603 586 504 521 20 46 667 190 758 909 
21 3000 531 548 873 315 343 497 648 985 761 206 288 989 440 780 840 138 397 156 292 604 844 594 328 862 729 585 711 533 699 540 748 245 692 87 826 86 902 335 468 756 301 928 897 996 474 264 555 414 956 683 569 269 806 6 612 335 630 244 144 419 779 829 492 644 927 212 738 72 763 168 893 775 11 656 308 945 486 572 816 130 421 248 549 202 778 28 912 132 750 778 681 188 197 663 691 634 206 40 90 528 
22 3000 522 814 614 717 44 91 866 614 124 482 58 860 875 892 196 457 213 151 158 475 851 315 651 915 960 992 515 833 722 533 328 306 490 434 795 352 770 783 885 380 756 115 186 269 618 498 441 680 284 206 744 679 913 822 353 272 794 109 602 955 884 497 867 848 698 532 65 540 779 123 649 208 466 938 572 118 169 794 184 114 879 371 536 153 134 115 54 524 145 653 59 808 321 581 93 194 896 957 524 239 
23 3000 879 345 409 660 60 760 57 263 266 351 293 592 609 166 867 400 932 849 991 528 176 603 463 292 880 277 357 974 552 900 741 496 98 528 386 891 61 733 952 649 867 583 607 543 801 454 541 16 945 525 367 736 769 286 857 404 628 922 984 414 854 898 752 456 681 595 768 649 710 355 37 320 145 750 931 990 502 444 827 691 27 488 358 193 527 370 756 230 849 698 263 334 708 830 62 355 92 313 715 279 
24 3000 969 466 558 411 497 952 41 548 478 687 467 210 251 925 104 541 769 867 141 955 47 627 453 145 738 920 646 525 16 292 352 715 516 251 232 150 535 137 681 426 211 78 669 450 912 870 718 10 533 133 464 853 945 577 783 855 289 734 948 390 354 985 775 487 750 237 246 862 90 94 564 430 906 856 111 382 520 198 279 429 579 869 644 295 483 262 451 63 421 185 879 468 227 689 48 720 788 296 252 962 
25 3000 214 457 370 955 484 605 938 72 805 628 835 218 381 118 69 744 822 235 621 965 917 525 819 372 975 547 204 131 466 644 373 962 175 703 751 992 585 250 766 678 717 723 404 391 135 268 597 758 340 896 429 347 275 354 618 807 155 544 245 31 337 841 202 465 461 153 324 127 569 61 679 454 424 891 972 557 755 50 554 987 634 489 978 592 716 614 594 572 546 508 141 326 676 789 798 170 780 972 678 538 
26 3000 512 654 228 745 310 381 494 918 873 538 734 178 522 99 338 674 174 591 535 561 143 112 832 513 474 735 690 868 57 168 369 997 213 985 436 992 983 290 893 268 840 152 400 167 36 657 553 163 308 915 695 762 160 872 226 687 441 270 877 445 436 594 922 869 186 356 792 729 266 554 62 998 728 654 286 889 433 937 630 222 491 557 799 254 32 148 198 532 8 328 824 880 280 946 831 116 665 413 254 583 
27 3000 201 956 862 91 324 149 592 368 183 558 549 607 818 837 40 213 409 145 595 329 323 186 468 245 171 763 558 290 604 143 252 276 51 122 123 123 136 89 987 724 978 980 256 669 99 415 80 907 163 909 232 952 251 468 212 709 910 429 536 538 673 882 680 623 295 520 643 266 390 267 610 172 727 509 667 351 867 295 49 698 384 333 889 867 380 139 928 531 515 172 164 601 264 303 903 534 632 465 189 283 
28 3000 32 820 68 19 560 295 666 192 371 826 548 41 379 151 321 138 14 507 960 65 226 62 811 815 486 429 756 10 980 113 498 533 725 230 437 665 825 331 107 323 579 700 643 486 677 942 246 418 175 227 116 760 497 14 814 107 165 622 541 148 476 466 275 967 852 321 262 606 86 452 812 469 179 952 872 677 22 129 355 956 605 294 675 157 6 787 481 0 850 591 29 138 474 366 193 132 514 262 557 431 
29 3000 129 340 572 950 577 963 241 351 379 978 305 595 766 49 387 891 647 983 86 610 805 388 460 265 549 504 894 167 532 565 802 821 957 518 145 679 898 456 224 338 933 599 722 771 837 177 467 693 532 49 873 646 14 407 543 906 494 410 989 805 443 87 950 552 794 355 262 161 984 498 764 563 84 947 203 515 716 706 600 385 993 273 55 412 181 387 455 532 319 461 59 372 506 28 420 496 80 63 617 497 
30 3000 399 500 273 44 454 818 312 449 20 7 941 883 581 789 813 805 727 412 843 709 256 875 652 790 697 931 100 615 475 695 878 382 423 217 631 893 882 854 581 792 85 797 112 199 66 576 297 316 792 907 821 95 752 717 285 573 711 685 348 966 858 153 678 104 57 746 188 317 426 540 512 354 964 134 206 436 434 453 627 30 236 643 974 443 477 892 444 829 962 519 989 701 326 178 621 543 18 530 762 614 
31 3000 365 206 576 541 432 421 781 793 893 85 889 626 636 735 353 600 315 153 585 260 582 9 318 65 195 358 280 175 743 355 640 178 193 23 212 352 980 406 868 561 869 982 141 375 289 639 481 506 374 93 130 161 423 74 99 396 1 122 194 70 390 351 577 497 625 8 827 379 819 179 964 126 5 495 407 143 210 157 346 194 976 151 473 422 55 976 564 126 497 746 873 889 832 991 798 150 594 21 799 808 
32 3000 878 174 35 966 166 821 682 391 134 435 409 793 664 608 973 527 767 321 414 783 655 346 796 891 664 92 996 812 254 766 473 420 806 170 517 656 432 999 928 171 513 962 595 524 199 590 962 551 565 60 818 985 666 885 410 924 196 815 333 253 973 790 163 587 969 288 315 861 104 912 76 131 520 570 302 702 563 67 737 167 177 485 414 446 941 168 130 434 461 665 439 333 343 486 153 279 454 993 800 343 
33 3000 701 289 26 512 43 436 395 736 953 852 566 637 48 236 311 974 108 844 341 457 208 489 414 9 171 87 693 55 64 96 815 955 962 700 648 148 694 80 207 129 789 602 685 821 341 291 83 469 14 406 395 626 906 481 826 330 485 674 5 71 323 749 669 645 843 560 779 469 798 366 540 476 705 818 299 170 939 978 777 928 726 190 617 166 742 176 712 439 530 168 277 77 473 448 142 456 519 127 225 496 
34 3000 404 502 667 469 558 844 582 729 443 963 904 437 529 378 295 897 622 454 577 574 771 336 668 413 474 36 481 522 386 504 762 845 276 39 327 892 420 869 675 139 173 261 447 180 926 994 689 229 170 537 395 66 892 787 304 17 6 695 404 74 56 637 134 726 899 873 728 621 586 924 690 632 169 226 858 433 639 904 28 172 730 994 611 338 794 977 280 419 467 954 95 433 361 316 52 942 475 243 548 628 
35 3000 567 885 706 36 187 560 55 566 610 822 509 324 365 735 135 910 598 202 661 742 974 685 208 17 351 174 200 891 927 731 934 980 92 472 773 770 705 305 428 41 999 301 298 880 856 15 349 392 644 603 481 704 363 103 867 336 296 688 226 564 893 265 500 833 111 247 908 850 916 849 833 418 184 743 528 628 701 432 101 492 490 167 740 616 188 768 662 995 684 179 749 544 735 113 331 442 791 618 96 883 
36 3000 736 923 596 346 764 389 304 949 120 928 710 9 913 721 408 383 723 583 654 691 221 813 358 12 528 891 978 152 519 836 293 72 795 602 512 570 553 325 697 818 50 789 963 835 910 939 426 505 958 794 373 216 833 598 608 739 71 556 463 404 900 996 422 212 447 306 845 930 586 484 749 806 147 645 115 959 694 337 701 73 606 993 815 456 664 386 25 90 879 409 275 732 759 34 375 692 761 795 326 358 
37 3000 119 638 468 74 786 470 891 461 700 274 111 773 95 113 448 390 78 873 103 26 185 96 375 763 137 733 13 496 525 178 157 879 622 405 832 379 60 579 483 514 578 955 499 887 574 432 207 91 656 599 304 100 942 606 188 219 296 720 168 200 248 903 7 614 788 248 790 72 781 635 554 389 201 427 681 287 909 573 496 726 199 948 60 460 823 271 612 915 717 463 636 975 155 764 15 776 525 472 257 96 
38 3000 481 642 235 446 658 582 439 442 687 501 187 555 726 146 771 846 217 769 11 760 99 276 185 587 192 898 788 672 963 225 116 990 409 948 124 142 256 154 526 411 211 526 622 932 475 266 805 593 233 119 220 757 359 316 552 391 22 788 401 705 449 502 222 884 534 245 290 26 524 724 661 852 506 299 612 306 902 220 501 629 701 685 540 2 633 583 440 342 28 258 400 368 550 137 397 506 543 569 269 742 
39 3000 206 712 534 11 312 819 436 217 684 770 165 478 165 175 742 685 277 921 525 984 312 475 797 250 49 813 431 172 841 301 67 26 268 386 804 732 91 426 841 303 715 515 71 253 892 641 68 90 866 20 448 456 693 954 76 33 952 53 84 797 555 163 160 709 893 856 95 452 21 804 44 291 107 903 465 667 865 478 225 595 190 412 820 492 710 551 187 495 479 224 84 887 527 222 488 717 483 75 5 199 
40 3000 2 981 730 6 193 224 558 21 788 425 391 672 263 471 220 419 622 464 549 504 73 539 127 542 319 890 466 66 659 841 97 599 650 329 53 363 523 610 531 213 83 565 212 885 314 417 199 158 403 238 52 24 394 54 881 457 213 920 972 870 261 796 904 867 301 563 636 373 866 40 536 734 888 323 804 893 793 314 272 222 749 760 51 113 319 666 979 918 208 412 357 333 346 424 928 817 9 744 571 141 
41 3000 210 334 691 669 65 471 750 450 367 69 927 720 75 262 374 922 947 120 25 809 23 807 439 757 192 55 639 852 548 273 418 864 762 156 84 697 190 123 102 401 922 431 617 354 512 318 315 695 593 1 591 603 95 892 504 533 295 861 477 971 409 898 206 834 949 17 770 88 560 736 381 687 563 997 767 420 912 848 637 771 792 741 217 371 580 796 309 150 369 858 849 768 803 710 432 437 413 267 775 710 
42 3000 191 111 579 341 616 204 768 806 845 113 572 583 299 613 413 775 352 992 77 187 348 907 132 428 659 142 64 152 18 103 94 23 816 395 153 492 622 333 983 997 600 720 822 656 85 736 657 72 6 298 501 319 383 712 673 731 627 974 537 552 846 565 688 78 890 76 31 361 342 512 740 69 184 618 556 611 342 70 396 111 854 874 744 316 847 819 784 51 72 325 754 303 197 536 489 525 582 986 609 263 
43 3000 758 708 338 692 324 102 412 162 480 422 47 338 926 225 436 38 327 621 749 356 80 663 89 167 590 743 398 603 784 303 753 606 68 736 45 131 464 809 498 115 127 440 993 789 972 200 677 441 633 352 819 207 456 797 383 997 765 758 282 148 104 546 795 895 690 253 97 245 769 720 390 371 130 618 588 97 462 990 34 576 792 91 216 758 723 879 946 741 676 996 980 588 872 580 538 724 260 758 698 484 
44 3000 121 160 132 926 557 293 154 487 581 132 544 585 50 761 127 760 123 407 558 441 501 714 299 945 132 612 255 785 633 598 22 896 122 798 237 869 691 643 981 778 237 505 714 705 870 129 712 553 617 220 465 234 633 16 13 835 651 194 684 860 884 959 212 118 91 645 689 380 36 695 329 382 53 333 517 268 937 804 97 75 884 504 386 347 685 847 865 469 913 221 34 829 306 874 378 385 68 60 937 738 
45 3000 315 315 427 307 373 182 397 698 153 240 377 856 322 786 504 104 489 997 570 648 120 933 983 662 408 218 601 523 809 740 902 311 470 216 472 153 261 964 265 513 638 736 617 19 49 939 475 921 96 99 808 771 195 911 678 424 923 712 929 953 792 731 972 563 659 952 628 113 495 932 502 325 733 431 849 282 899 177 421 310 775 631 229 828 778 82 732 275 799 918 379 689 211 419 4 52 262 923 32 976 
46 3000 578 687 957 840 994 312 76 956 427 60 933 874 13 915 453 405 227 718 231 467 203 243 937 340 980 536 324 429 875 372 785 124 726 169 949 858 200 207 267 946 908 492 72 312 519 114 67 679 621 431 725 346 523 938 558 107 732 157 726 438 316 386 960 531 877 665 264 272 347 788 362 752 331 719 366 414 216 237 626 424 756 179 237 354 362 98 166 786 818 700 475 918 619 895 598 766 687 804 158 68 
47 3000 648 573 269 464 409 331 815 68 250 137 658 4 147 265 257 22 546 660 654 766 307 928 302 801 37 672 709 994 531 559 356 329 538 921 865 771 571 263 883 251 984 510 654 380 30 332 743 981 117 407 881 31 990 946 408 115 44 337 270 969 503 249 50 227 668 36 994 951 964 794 507 37 999 895 79 105 356 371 123 949 337 965 679 158 373 206 463 978 330 351 229 43 414 533 902 33 909 966 472 879 
48 3000 456 544 90 592 96 676 363 326 798 714 293 744 685 803 845 316 683 500 606 604 805 18 501 159 796 416 43 107 352 602 81 21 633 479 506 178 294 80 907 784 745 37 618 274 861 233 147 271 865 967 443 300 598 489 971 856 899 247 73 906 303 679 573 441 798 909 96 148 831 178 79 815 307 361 932 542 782 414 322 381 582 87 50 469 57 756 492 264 690 718 59 978 291 777 668 791 976 487 670 951 
49 3000 165 886 217 345 312 50 537 643 585 346 73 597 218 685 973 604 746 656 886 110 857 864 538 968 61 316 56 322 907 210 507 128 969 961 628 899 306 812 204 769 626 873 74 466 873 930 224 293 452 870 944 713 807 66 517 613 577 565 394 876 53 418 355 314 140 6 586 591 555 698 174 202 477 684 968 126 368 334 286 221 178 921 426 984 663 47 468 743 24 633 310 888 594 796 431 239 790 467 336 131 
50 3000 42 103 155 322 932 310 367 311 241 754 109 162 147 177 60 432 270 874 336 283 803 474 398 390 427 371 419 726 250 634 90 823 472 766 325 599 2 127 848 347 750 390 114 987 799 850 542 155 190 957 532 250 535 886 223 4 169 515 475 692 71 640 30 565 264 770 330 598 918 356 963 156 872 785 189 658 795 996 539 849 703 52 937 758 59 509 318 949 156 945 220 147 23 463 305 846 561 542 285 979 
