FILE: E71.01
50 100 0
1 7000 672 934 643 905 43 553 306 490 867 832 669 54 322 214 888 124 306 379 501 929 974 516 199 195 96 651 337 465 963 373 660 61 57 796 216 264 201 108 930 814 412 547 787 324 172 151 124 697 340 113 965 145 421 112 901 901 411 431 457 213 934 232 432 728 897 814 168 847 375 207 234 140 950 952 472 439 215 386 892 671 670 308 371 53 724 345 642 723 27 874 517 410 841 839 840 235 679 309 117 238 
2 7000 923 122 303 722 650 452 711 7 367 652 518 697 893 208 823 35 100 158 739 463 720 807 487 962 957 95 946 278 110 447 652 615 924 466 688 905 898 299 459 231 259 23 798 519 827 898 392 64 487 835 980 12 486 904 305 369 275 248 278 651 117 236 328 752 174 198 411 129 299 587 638 906 242 917 994 977 505 311 119 712 541 8 621 358 540 680 881 722 505 888 834 239 843 528 671 14 189 617 963 930 
3 7000 677 254 142 421 388 98 839 2 182 219 14 140 637 649 385 582 315 496 91 708 76 949 80 21 651 19 174 360 202 371 300 934 74 83 832 760 484 672 533 621 330 240 54 105 868 74 465 859 463 556 780 607 137 710 952 69 124 249 301 345 166 447 852 862 753 698 537 500 39 88 746 953 640 837 188 958 46 947 525 456 855 907 763 292 554 792 854 552 61 601 483 114 754 179 514 531 194 570 56 810 
4 7000 278 141 617 213 22 314 330 643 703 270 693 736 581 441 822 232 914 162 658 728 483 303 119 410 355 243 652 849 95 12 156 457 147 967 753 707 605 822 365 697 88 392 571 154 949 892 710 487 520 128 707 953 626 427 580 568 78 659 98 818 374 181 573 797 309 48 230 837 735 352 147 252 170 6 225 261 487 841 146 712 397 343 810 674 948 885 201 514 753 792 157 536 168 76 13 782 148 209 592 98 
5 7000 980 742 498 33 636 147 192 699 939 708 820 157 285 804 247 434 125 438 291 773 924 348 598 191 832 544 148 959 764 618 853 77 124 671 207 360 892 195 479 206 270 761 390 663 646 852 765 867 50 688 123 459 858 381 661 69 940 272 622 467 977 789 495 459 171 665 36 145 62 873 560 612 665 109 482 668 658 171 581 703 837 80 942 282 539 284 57 547 284 792 44 38 326 576 469 18 344 90 712 895 
6 7000 991 249 377 842 524 707 692 200 221 790 381 765 817 904 961 546 669 797 961 96 876 480 996 0 69 181 194 625 82 159 931 710 240 733 342 914 470 353 585 885 951 79 317 970 541 295 361 149 670 3 21 282 947 556 25 274 183 146 560 242 47 928 361 285 91 80 337 941 341 686 693 939 184 755 14 328 779 228 291 580 683 328 350 763 945 81 649 373 361 360 923 929 117 294 635 907 543 388 711 127 
7 7000 195 194 517 173 974 877 562 943 518 526 872 925 566 543 534 292 538 965 355 407 19 53 109 835 389 2 356 457 315 100 281 773 311 203 530 993 95 848 522 14 965 852 190 863 898 761 625 716 613 957 596 76 288 801 413 206 180 637 98 412 844 1 334 272 183 888 168 398 38 414 923 832 545 717 302 664 976 440 143 974 274 651 796 677 20 522 598 380 24 631 400 840 286 221 627 111 527 264 841 980 
8 7000 14 667 263 782 904 471 233 197 813 382 79 102 846 487 349 98 785 478 897 789 675 257 771 404 516 234 383 871 275 192 925 925 953 41 508 345 903 311 978 919 146 732 891 225 871 745 614 824 872 276 10 961 106 633 691 361 127 856 296 226 580 375 766 13 502 314 94 92 626 276 498 885 426 979 507 567 112 553 922 931 288 866 107 513 507 721 606 560 431 248 527 945 813 362 678 618 29 607 925 691 
9 7000 371 251 725 742 825 956 324 441 547 878 571 89 759 542 827 161 289 327 933 447 461 916 707 890 563 542 944 708 619 386 373 902 660 963 559 730 234 839 205 257 377 535 829 564 732 940 276 712 81 99 55 59 964 707 936 16 639 152 815 844 78 461 280 580 228 982 869 685 262 149 486 518 18 180 931 212 369 42 31 66 729 531 325 27 410 814 782 373 68 271 513 181 927 985 956 672 35 723 493 35 
10 7000 236 749 968 820 107 315 83 487 553 174 136 219 300 959 67 577 987 772 280 105 95 820 225 468 409 454 181 220 254 445 237 803 204 848 922 853 500 283 458 434 886 3 105 259 78 564 570 528 599 462 938 448 185 566 111 46 485 709 202 360 280 251 877 603 930 996 90 402 271 273 199 691 687 542 920 368 568 369 94 292 873 105 730 734 21 120 297 854 834 934 736 321 727 86 156 646 899 90 678 343 
11 7000 712 317 416 493 996 148 32 823 492 243 868 878 150 271 98 386 507 936 878 420 854 658 968 425 426 740 786 736 313 367 366 649 334 290 189 667 569 520 360 994 791 898 88 883 494 869 954 924 761 310 918 868 662 752 552 91 427 846 450 269 95 412 299 384 869 913 568 632 884 702 293 344 625 888 920 504 686 154 679 958 125 384 451 916 95 431 611 827 0 882 797 237 884 150 91 707 264 748 568 403 
12 7000 135 82 688 431 372 613 500 527 226 725 123 196 156 144 478 875 705 256 736 239 633 169 446 223 41 852 828 872 688 202 177 589 236 390 871 905 630 316 929 335 331 524 603 437 632 417 970 651 767 129 988 24 33 872 986 408 641 131 61 224 527 526 349 391 820 702 637 511 215 84 280 902 939 836 906 573 548 878 866 741 273 297 896 974 125 0 971 562 484 946 811 204 386 814 8 605 238 436 249 89 
13 7000 163 847 594 798 706 291 289 592 119 42 74 239 933 351 458 975 54 404 928 53 82 598 569 345 89 6 47 621 560 356 439 571 726 378 880 185 7 863 475 575 778 269 470 830 177 225 139 6 182 780 351 839 672 732 294 276 680 882 325 421 574 566 409 982 377 297 117 821 936 869 657 697 178 763 901 796 152 196 877 140 92 669 701 474 205 337 412 718 419 68 673 582 790 517 827 442 808 64 251 54 
14 7000 304 970 498 225 189 571 179 9 726 888 73 543 583 454 411 105 354 746 820 485 787 35 890 276 432 3 833 166 927 986 199 831 643 169 127 522 900 586 89 937 485 265 603 477 676 362 881 474 508 636 883 488 482 94 743 266 445 160 33 460 865 211 845 688 203 817 145 43 621 542 382 641 732 636 805 294 608 464 479 914 777 27 435 728 423 404 968 911 495 472 504 726 968 732 42 756 951 604 619 338 
15 7000 879 19 778 777 492 656 493 445 835 676 543 355 989 282 779 302 745 965 270 162 963 761 790 459 802 386 612 763 575 567 87 51 418 437 966 593 505 320 943 469 35 755 379 319 690 110 684 400 805 621 322 566 950 198 904 246 153 853 346 25 482 85 553 918 204 65 605 931 234 969 904 3 100 304 263 921 146 562 393 306 176 60 767 261 277 293 329 771 23 658 4 457 796 882 493 771 420 12 322 229 
16 7000 856 288 594 776 144 769 439 871 341 33 612 399 651 815 216 981 482 905 16 810 636 168 313 565 360 25 849 533 469 232 711 516 271 304 695 611 499 439 118 474 977 263 520 148 241 262 249 53 823 232 384 232 433 595 971 448 736 925 33 224 970 522 337 415 95 390 364 424 715 450 484 625 477 334 763 120 176 619 414 397 277 818 322 2 73 995 644 803 207 336 927 954 765 525 732 145 664 261 223 226 
17 7000 561 776 685 817 980 672 457 973 906 950 229 528 538 551 187 176 435 266 965 915 771 357 878 931 910 724 400 516 33 977 363 122 26 241 841 133 347 49 183 461 98 163 179 554 20 662 805 905 617 152 539 667 146 430 706 453 683 449 809 934 975 939 345 309 316 507 39 252 154 577 996 429 639 7 720 176 856 726 470 435 934 239 938 534 771 340 697 914 580 873 400 398 980 896 197 79 857 85 335 446 
18 7000 698 715 417 817 634 77 275 691 897 661 946 105 922 958 702 585 802 218 607 801 316 12 580 499 262 938 418 818 293 326 756 582 995 264 434 661 406 811 236 988 713 730 465 345 335 583 340 483 112 537 660 695 823 725 726 425 748 499 973 5 488 427 294 119 780 370 508 86 499 493 965 550 593 540 729 684 144 232 331 485 296 114 549 270 255 718 183 955 86 357 299 212 522 426 912 111 503 521 566 315 
19 7000 675 246 791 454 545 40 906 740 541 866 122 441 665 110 436 295 981 537 265 463 645 635 300 108 697 208 543 204 339 550 3 664 912 41 14 370 295 524 635 227 936 290 129 794 251 29 953 631 592 573 257 916 509 797 347 451 531 501 85 640 176 634 686 540 411 690 899 564 287 629 24 952 957 155 736 584 804 721 197 235 896 63 408 877 484 653 284 96 764 874 408 254 624 293 947 446 589 852 684 892 
20 7000 686 336 648 817 452 953 297 441 792 376 738 156 920 84 940 499 91 355 419 992 351 743 349 473 11 391 589 980 82 26 574 808 375 971 552 817 487 20 133 591 402 531 611 538 909 560 42 532 574 402 532 180 468 366 715 321 383 136 883 831 746 558 741 356 954 202 249 40 347 538 536 852 540 66 324 616 329 257 872 318 892 633 872 796 509 846 281 412 506 79 570 783 655 634 328 177 744 42 722 668 
21 7000 536 530 764 639 832 204 850 723 862 784 557 793 726 233 154 68 88 129 792 957 864 115 858 713 101 288 446 502 784 847 422 978 776 863 46 956 619 511 631 283 411 596 192 488 473 730 563 321 36 4 958 760 660 485 424 594 596 395 176 160 830 316 267 339 8 251 580 406 966 900 581 814 97 990 841 526 250 996 754 969 404 105 463 217 815 769 415 491 870 675 565 571 360 494 648 216 392 248 530 181 
22 7000 652 625 80 928 259 108 537 625 894 245 850 525 461 910 955 320 970 896 446 561 872 690 631 748 569 768 420 165 306 253 32 70 178 283 977 331 456 935 282 96 958 39 442 593 696 739 55 653 484 134 601 59 770 848 360 302 369 869 910 837 349 509 189 453 763 818 590 823 464 299 46 845 716 279 591 869 814 757 349 394 435 99 431 330 950 399 707 432 395 872 912 978 336 104 72 308 342 514 706 296 
23 7000 280 873 769 369 160 212 825 147 741 973 394 316 619 747 959 815 18 438 595 935 997 196 690 426 303 966 723 202 573 2 580 738 118 175 358 761 0 429 142 311 622 239 715 785 552 381 674 48 797 904 917 201 245 603 975 114 502 872 151 298 829 256 938 230 411 562 691 709 666 865 10 341 820 250 807 761 469 646 535 655 330 577 535 212 928 199 970 67 407 438 334 354 206 591 972 947 812 241 613 490 
24 7000 306 798 362 310 917 548 131 796 321 530 970 360 879 85 276 546 554 435 344 406 708 126 219 719 514 670 343 156 192 257 937 981 786 848 604 384 712 515 119 39 780 367 874 976 924 896 942 373 349 104 234 344 315 241 723 337 285 496 184 219 639 503 447 647 694 983 607 825 226 379 171 230 238 832 613 414 164 323 297 457 257 344 249 188 357 933 729 747 768 419 92 593 463 714 895 551 332 510 714 986 
25 7000 697 211 657 704 802 947 20 674 516 524 80 156 944 635 464 340 182 195 91 80 933 130 137 827 191 468 1 347 725 84 736 315 580 925 913 389 301 75 399 855 118 500 994 424 791 804 423 294 356 864 630 61 466 665 854 565 567 188 454 285 614 701 950 354 552 280 246 808 282 924 519 146 323 94 713 804 900 17 141 639 663 619 139 9 774 403 250 543 558 141 913 205 460 701 104 739 508 878 932 77 
26 7000 10 546 622 831 707 995 880 437 90 788 99 58 107 985 375 837 980 69 799 592 346 436 3 546 442 770 416 198 559 166 214 904 469 336 416 287 62 735 105 56 901 974 249 327 911 330 68 53 929 729 445 636 333 28 321 337 459 935 571 556 38 434 305 595 361 32 78 987 400 690 969 987 591 773 10 315 516 865 915 755 184 795 598 695 141 713 430 201 128 567 722 727 496 813 386 45 110 718 254 496 
27 7000 950 79 20 151 135 730 270 986 581 646 581 639 23 20 139 880 608 134 864 357 783 383 493 724 701 283 608 746 854 819 61 471 162 966 774 64 228 732 386 397 986 573 700 991 449 504 419 397 794 776 124 616 481 442 975 651 642 664 89 783 453 107 80 667 703 257 720 832 285 11 186 700 827 387 877 695 179 687 254 545 975 967 681 381 993 147 728 704 525 621 916 834 485 696 366 929 460 703 310 158 
28 7000 438 141 962 140 421 676 682 224 650 357 933 719 647 879 973 654 811 244 781 177 777 663 148 172 247 43 439 197 538 899 970 337 538 41 479 54 303 870 658 648 19 643 210 404 525 530 410 25 148 824 632 454 40 141 807 661 754 949 288 507 261 283 90 259 155 973 969 876 227 244 313 631 159 19 309 181 541 780 367 681 931 323 249 15 179 252 889 763 739 560 374 984 172 136 33 407 579 544 133 132 
29 7000 165 914 125 427 666 300 925 726 849 332 191 403 809 516 65 432 276 35 356 530 657 365 623 851 32 586 128 858 816 704 140 441 307 844 542 889 850 649 219 807 820 733 194 563 150 528 985 374 630 375 140 610 678 197 431 423 822 600 674 282 593 746 629 517 65 838 980 460 744 570 821 285 41 376 661 130 38 822 382 599 760 998 140 243 693 231 664 109 740 993 937 945 356 307 708 167 66 545 822 177 
30 7000 95 912 831 117 323 495 843 665 278 209 98 962 406 475 226 265 312 990 656 411 205 420 155 703 267 370 951 293 158 459 423 673 375 866 817 352 692 170 960 322 394 841 442 412 524 222 234 104 861 335 208 927 852 384 531 9 210 259 403 890 408 916 104 173 768 968 816 132 393 322 202 851 627 216 194 990 289 496 972 782 388 476 592 345 537 229 240 909 786 642 579 45 99 96 155 495 182 98 333 697 
31 7000 892 718 726 595 938 173 602 831 96 400 215 914 658 964 548 451 334 142 424 42 315 532 460 942 736 24 838 53 242 479 343 375 873 969 659 488 6 898 382 166 557 881 707 712 155 694 285 121 535 156 193 642 835 286 498 857 42 567 379 854 290 679 288 592 236 527 98 62 230 918 719 315 504 728 159 978 82 905 481 327 652 146 629 534 105 602 611 159 957 438 976 496 389 609 82 867 102 692 105 441 
32 7000 727 105 268 698 989 574 255 109 361 179 280 135 416 833 779 140 600 526 188 312 641 191 795 176 320 522 104 810 813 603 714 341 332 675 151 823 280 897 643 96 632 444 299 703 775 778 660 474 516 444 87 873 473 226 969 680 583 19 204 128 925 247 927 74 600 186 959 296 865 17 942 525 254 969 622 284 897 390 259 145 766 88 633 494 51 786 603 390 396 39 700 621 216 452 713 545 804 543 754 814 
33 7000 451 100 741 573 304 369 800 224 168 919 531 354 984 532 622 920 190 957 769 282 696 870 378 181 681 891 13 253 935 992 64 169 964 155 596 13 581 601 855 964 195 459 399 896 520 195 316 988 925 670 506 924 140 141 495 797 536 79 735 290 705 123 888 246 548 33 32 211 599 967 277 37 799 948 755 162 444 841 447 632 510 699 826 480 102 826 774 548 214 378 754 343 544 871 690 26 566 430 542 126 
34 7000 591 112 25 72 26 169 461 135 545 573 217 877 418 662 705 706 676 241 409 609 367 990 917 691 598 514 408 580 599 887 589 312 512 26 526 789 134 748 346 390 332 844 296 844 340 21 91 952 674 48 62 249 865 965 37 209 735 674 444 75 449 786 606 917 33 40 676 5 607 153 210 100 29 447 821 746 185 80 900 162 627 251 864 829 798 192 898 364 542 316 673 773 134 356 991 680 543 831 841 627 
35 7000 141 698 818 28 583 518 400 890 82 990 17 875 785 199 413 806 475 407 251 217 321 749 434 26 893 666 114 937 153 420 853 658 655 541 908 532 657 539 109 678 380 743 294 221 116 583 777 729 422 189 816 424 97 627 539 285 182 633 313 617 690 171 17 195 285 681 185 566 633 336 492 604 642 176 553 927 308 440 495 241 387 961 284 232 612 947 267 88 677 14 893 241 701 792 102 429 386 963 321 673 
36 7000 613 77 564 257 656 969 586 311 766 149 571 79 332 988 312 485 325 49 365 74 273 412 131 926 450 333 349 642 534 76 959 993 418 273 805 320 424 646 151 286 616 434 479 74 441 382 526 619 417 617 50 970 81 273 269 380 923 190 467 213 519 551 711 261 585 783 167 568 169 575 978 359 700 361 163 152 118 95 522 664 786 680 7 600 435 887 521 909 822 103 633 613 354 765 156 801 372 804 71 872 
37 7000 331 969 763 630 582 342 35 329 981 926 865 244 49 609 391 881 884 386 68 408 569 154 493 408 269 936 842 537 756 882 403 194 572 882 172 793 541 132 975 718 872 516 87 575 541 120 823 822 198 750 60 370 304 769 163 256 712 128 287 980 432 904 522 593 769 213 839 136 579 828 332 525 848 349 690 471 317 272 397 529 365 797 616 877 886 719 225 910 353 247 978 241 814 100 252 220 20 706 368 541 
38 7000 413 873 926 50 187 755 144 334 149 469 671 199 592 194 824 610 893 118 734 216 76 46 368 20 33 46 890 318 641 947 331 482 480 52 41 685 384 907 889 165 531 457 676 124 304 449 739 840 622 423 208 115 987 117 882 613 942 660 198 228 167 366 269 30 937 496 435 918 153 821 332 556 673 326 908 689 145 914 388 434 88 436 640 640 411 900 911 911 111 206 409 381 352 238 690 847 658 678 332 330 
39 7000 429 356 851 693 503 511 335 374 979 786 764 850 25 303 487 919 890 677 818 395 828 288 223 304 168 681 74 188 237 414 424 595 364 217 790 356 671 791 391 752 887 103 830 143 887 512 678 174 185 572 931 143 101 858 810 616 806 656 867 906 986 867 874 481 327 951 465 919 543 286 981 489 170 750 516 959 844 896 607 720 277 555 550 825 656 208 809 31 676 969 485 444 937 539 312 851 910 950 157 350 
40 7000 205 463 478 347 347 453 725 540 787 632 141 966 365 441 941 706 938 976 326 357 407 269 312 839 838 281 838 661 920 449 119 209 461 131 723 178 156 785 323 720 326 239 613 414 866 885 342 645 112 144 939 494 847 49 703 724 159 283 19 959 383 526 571 652 835 442 26 932 555 159 149 928 788 583 825 661 417 389 955 92 59 36 690 437 60 645 979 323 86 82 893 889 547 105 702 427 569 895 167 649 
41 7000 718 835 9 186 220 870 49 397 872 297 956 94 382 322 94 276 333 238 430 456 526 558 964 689 876 951 671 877 622 329 393 466 39 914 679 110 386 652 25 405 307 796 487 289 399 12 134 191 169 852 316 536 103 933 209 689 53 675 603 939 676 928 420 612 133 342 901 910 773 825 961 565 14 920 658 912 150 465 259 460 291 355 866 569 161 775 68 314 980 731 595 142 127 221 435 410 830 910 390 389 
42 7000 581 627 535 847 504 544 549 789 393 379 389 453 639 458 276 155 763 996 456 81 778 415 711 611 93 80 91 276 181 251 826 944 733 642 893 316 507 388 209 341 603 798 914 633 373 718 713 490 688 848 751 604 786 870 983 62 409 719 511 721 456 842 860 566 870 795 651 131 973 13 656 581 977 111 690 557 873 533 311 359 438 932 804 587 564 81 413 807 630 700 287 349 142 5 109 841 349 357 891 545 
43 7000 69 829 875 119 427 47 43 876 735 147 172 146 230 188 932 831 888 877 973 750 30 923 478 858 947 903 163 946 250 942 167 905 182 85 822 156 586 682 767 336 775 645 370 825 1 904 923 229 753 929 600 392 599 637 614 41 795 546 577 654 369 508 499 650 916 875 419 488 806 435 127 774 30 958 944 965 409 708 32 767 375 755 203 824 50 432 693 781 831 786 877 330 221 356 378 314 97 139 560 504 
44 7000 156 68 854 125 751 861 905 730 826 574 983 527 187 714 658 733 810 242 182 60 419 318 556 935 40 132 762 526 766 658 104 188 426 688 150 412 413 971 231 876 348 819 970 684 841 11 812 398 29 346 14 949 139 684 77 22 780 824 79 6 185 57 883 115 123 743 683 757 705 750 868 753 786 104 654 504 208 693 478 693 573 365 596 616 793 266 872 737 112 765 226 570 834 807 695 458 474 29 593 373 
45 7000 538 504 732 305 671 434 167 351 377 652 440 87 28 264 798 320 399 291 340 823 425 633 566 127 413 220 306 980 422 682 487 567 40 381 709 71 253 157 106 681 657 621 448 639 699 354 964 417 197 831 851 614 830 446 934 679 838 454 454 39 633 184 440 741 559 375 651 181 501 964 541 42 574 181 224 6 608 286 903 354 642 800 742 38 155 570 633 323 247 509 842 588 489 359 997 389 661 322 380 362 
46 7000 101 893 8 79 876 755 456 436 498 59 894 673 410 958 319 617 945 711 433 249 994 229 146 172 91 376 172 100 131 903 687 931 460 323 514 528 525 607 803 771 829 12 686 9 395 905 859 468 467 922 575 741 655 303 5 931 259 749 446 556 973 641 332 803 703 976 531 219 707 849 891 448 781 830 494 92 711 89 603 300 704 598 767 176 20 264 33 596 532 332 771 534 408 905 42 484 673 921 5 79 
47 7000 822 434 316 497 252 541 3 744 689 799 766 417 359 477 186 27 103 486 809 497 167 326 567 903 879 907 516 73 931 568 345 125 492 160 642 542 859 516 369 884 880 168 529 715 854 643 480 858 132 189 881 552 141 275 722 627 45 701 418 266 761 671 433 468 556 668 402 799 937 472 214 520 53 175 41 686 329 521 763 328 558 436 767 278 150 65 592 764 784 187 383 349 160 330 619 315 72 444 97 82 
48 7000 541 468 629 757 196 639 423 415 644 883 618 190 47 135 952 780 606 929 5 464 195 108 14 205 847 986 720 966 319 816 199 793 445 906 175 793 516 226 760 580 377 842 99 290 487 35 892 763 642 441 254 972 593 51 884 309 261 425 23 813 790 956 146 933 140 534 881 920 438 445 110 452 823 856 726 569 982 733 10 521 110 520 103 627 513 446 534 730 556 777 284 345 202 882 346 93 836 442 244 524 
49 7000 607 647 498 900 998 726 490 60 856 665 699 943 580 429 784 861 709 567 471 131 608 515 728 140 487 453 176 461 464 65 231 83 885 28 918 380 637 599 849 891 653 113 320 513 341 772 998 201 153 532 176 768 10 456 47 875 798 374 982 816 671 180 278 171 355 630 332 949 192 962 731 284 133 204 202 308 399 502 916 266 37 303 95 492 74 761 403 318 505 191 77 531 825 910 288 454 318 334 672 252 
50 7000 836 648 531 554 277 908 643 999 482 910 174 771 770 684 644 746 831 936 427 329 199 296 745 575 11 719 634 694 291 868 838 530 457 835 116 109 284 36 913 849 35 635 881 521 981 327 207 569 32 827 218 866 686 924 237 509 33 418 158 743 14 804 699 619 666 42 818 453 572 246 245 717 220 658 612 419 517 722 137 593 144 628 344 978 995 155 774 487 415 159 170 551 443 556 92 946 791 133 440 182 
