FILE: E81.01
50 100 0
1 8000 319 514 820 376 212 834 251 410 641 102 814 4 983 627 754 726 94 538 766 70 551 550 409 924 100 662 640 454 19 123 942 490 628 510 10 9 648 270 469 823 636 565 587 37 228 761 459 405 374 405 621 147 327 41 575 344 569 704 179 488 411 427 388 292 485 626 295 349 838 682 964 735 856 584 0 145 730 966 337 665 692 378 222 767 722 157 839 621 967 704 567 318 577 554 322 106 175 44 967 215 
2 8000 690 951 244 384 763 926 211 670 452 81 637 642 442 560 343 545 500 447 941 537 368 852 945 585 836 516 728 115 201 788 285 20 827 299 283 100 42 199 346 548 71 291 74 564 237 895 728 691 145 807 89 972 63 178 425 521 228 670 55 595 286 726 478 770 594 293 523 308 595 859 503 311 987 125 834 756 910 175 90 8 861 476 962 895 566 558 86 953 509 715 224 915 371 569 742 66 53 845 876 526 
3 8000 542 203 743 80 316 455 571 633 510 33 110 894 570 37 704 374 605 713 977 301 157 695 623 539 616 872 244 102 984 210 723 367 223 372 102 574 893 495 408 706 307 945 439 339 911 417 931 565 130 205 116 582 366 997 109 25 399 36 117 665 888 985 914 535 197 351 579 105 275 805 937 580 788 233 695 928 244 885 727 723 309 441 487 401 50 354 8 24 319 302 465 138 982 112 766 831 240 970 146 577 
4 8000 732 288 217 952 662 62 465 840 647 56 645 193 527 673 47 962 842 838 115 280 190 758 360 495 204 879 67 148 348 900 742 488 259 192 779 614 853 440 308 847 916 888 705 416 392 994 719 60 93 871 692 632 49 334 843 306 211 913 71 473 736 659 275 932 564 106 619 452 505 220 746 315 566 681 397 926 725 342 395 84 873 213 474 13 148 805 923 733 376 189 504 887 838 605 622 595 78 965 204 445 
5 8000 982 98 275 204 832 82 681 350 570 500 936 18 971 971 659 448 960 787 579 533 794 24 559 564 305 944 627 757 949 47 469 666 865 612 357 66 667 79 984 410 189 94 172 439 894 595 918 58 177 743 757 57 277 79 896 773 8 723 106 291 43 974 819 281 955 148 423 50 743 5 202 920 62 593 902 516 869 878 390 56 708 978 374 249 355 358 648 875 38 832 841 665 948 711 127 551 271 932 874 896 
6 8000 449 536 700 791 887 310 892 15 841 959 681 750 681 641 313 646 279 209 413 327 701 8 584 941 966 568 733 831 52 36 78 939 895 693 311 24 583 402 880 294 473 318 867 540 445 726 429 380 16 325 259 678 526 829 55 773 121 198 448 568 753 373 374 108 908 840 339 716 285 869 569 304 149 780 494 922 566 68 543 176 255 743 724 572 257 718 944 410 155 597 552 304 51 703 67 924 36 685 554 58 
7 8000 350 558 634 591 969 514 574 484 828 349 446 353 401 840 812 745 861 940 908 695 529 107 792 675 840 628 432 503 544 278 197 332 351 154 717 295 754 33 590 909 234 92 898 825 579 341 999 28 520 607 575 64 422 411 384 410 233 594 714 557 415 16 976 918 80 192 429 149 42 192 493 972 8 666 626 98 632 313 227 346 635 671 539 547 732 538 14 332 561 891 126 386 353 638 69 285 550 46 349 480 
8 8000 91 192 702 544 591 281 328 272 123 167 909 717 829 931 365 768 77 859 837 357 376 652 847 890 780 225 122 1 991 935 27 208 878 576 105 588 642 995 670 41 333 657 924 253 941 28 586 944 792 91 474 496 446 855 30 559 835 205 249 722 850 923 979 847 97 232 61 161 41 704 285 693 261 882 623 161 28 447 704 887 931 291 17 854 759 320 792 478 378 348 36 203 797 918 692 507 162 391 395 415 
9 8000 884 154 779 110 626 284 823 738 369 518 188 1 268 864 27 628 523 713 222 325 987 768 533 289 718 669 621 888 206 628 401 594 487 930 721 767 865 649 811 380 458 411 479 286 294 557 532 110 163 541 375 372 958 922 263 920 718 772 188 287 80 861 843 38 387 462 654 733 135 106 342 573 12 144 984 334 221 459 31 686 322 158 277 485 307 613 216 132 120 663 787 593 354 353 953 178 335 25 86 672 
10 8000 309 129 642 897 962 578 80 330 977 5 490 834 865 760 921 125 768 985 849 51 468 627 779 288 318 711 432 541 305 737 496 838 982 535 404 28 461 415 112 57 211 974 345 129 873 385 271 344 794 528 91 898 523 787 493 451 977 883 450 746 489 560 331 84 466 485 788 734 879 204 395 886 291 486 499 236 647 919 258 790 556 74 338 989 266 114 228 751 60 165 645 508 294 298 7 853 791 483 427 876 
11 8000 808 335 212 786 300 9 325 916 705 87 781 703 945 799 455 734 894 421 251 453 10 193 125 633 352 601 908 182 708 379 418 410 54 44 813 317 45 350 664 24 786 461 711 919 569 225 776 633 827 365 799 416 993 948 465 22 508 963 387 704 685 363 331 387 645 410 421 636 48 663 828 506 846 456 884 866 758 214 102 285 700 447 76 90 889 756 709 671 829 718 768 644 910 972 202 949 826 356 223 490 
12 8000 551 445 595 406 62 330 106 566 557 976 706 379 369 10 256 522 302 285 373 669 601 49 339 821 287 86 536 333 63 647 378 222 515 537 212 859 827 186 154 635 732 61 328 699 908 244 481 351 550 547 436 196 325 979 361 647 443 928 309 871 39 894 13 769 619 122 397 93 755 970 770 283 767 364 175 123 609 180 862 811 672 900 352 530 726 377 63 130 720 65 963 986 656 551 223 660 262 729 335 432 
13 8000 677 471 668 313 864 125 926 622 984 694 479 727 427 42 38 41 744 953 640 870 181 408 410 198 34 915 72 20 560 230 680 293 643 323 529 123 946 926 727 262 762 506 381 521 290 18 884 192 539 263 260 60 606 211 31 118 513 127 593 565 349 840 554 186 924 4 3 703 653 694 192 201 894 178 584 208 456 215 747 540 490 706 56 488 497 74 674 451 652 174 788 607 184 119 550 715 7 834 709 638 
14 8000 344 699 406 692 547 119 76 395 840 364 953 737 194 526 131 537 70 938 659 999 228 883 628 52 337 969 726 579 598 978 235 107 96 555 921 81 107 577 811 284 73 539 296 528 467 809 558 182 264 88 772 653 236 927 51 397 802 638 614 568 625 445 137 882 707 220 759 809 180 649 712 671 508 161 39 750 345 486 378 991 734 156 269 401 892 823 966 736 287 716 209 569 229 86 939 329 692 996 408 410 
15 8000 589 271 672 946 214 991 916 337 80 329 600 127 855 113 874 323 627 931 249 755 223 137 980 561 776 599 137 407 285 527 829 511 377 227 552 91 980 136 127 315 146 959 202 348 720 278 780 595 96 454 746 733 759 179 861 617 846 523 193 670 439 803 448 833 806 142 181 683 314 44 341 803 233 835 131 3 143 310 649 485 168 440 270 545 760 465 256 903 240 241 537 265 825 156 162 193 356 485 359 894 
16 8000 442 511 697 15 252 264 303 36 653 216 611 354 933 781 606 657 813 960 38 681 978 981 571 934 835 263 335 498 725 570 853 487 309 674 803 259 330 395 603 986 501 343 267 659 699 211 504 132 222 973 548 303 297 813 663 10 576 145 802 752 833 553 398 820 578 13 733 935 816 221 884 984 655 382 683 949 994 310 685 625 10 157 598 219 654 654 151 423 877 165 865 51 814 436 700 846 633 354 34 539 
17 8000 276 577 968 755 802 371 398 867 563 500 838 383 920 510 465 971 725 260 341 694 285 30 295 585 24 62 432 110 575 865 717 659 494 146 645 618 349 689 416 150 371 47 622 251 411 370 898 192 404 234 508 940 64 794 333 638 38 120 236 752 224 59 267 977 475 450 676 487 420 59 212 630 601 62 662 663 664 424 113 614 804 23 896 871 200 850 686 588 648 143 724 505 118 793 632 270 440 859 788 867 
18 8000 858 549 729 230 656 498 555 650 577 699 796 58 257 916 719 789 394 937 533 906 866 505 475 695 515 265 233 407 830 582 678 860 226 568 379 970 156 154 865 836 766 567 101 442 313 47 156 591 69 140 519 157 921 426 39 243 392 20 959 353 307 677 13 158 806 872 43 960 941 669 124 438 567 744 650 776 742 393 359 770 365 883 760 1 262 970 931 664 444 945 167 164 748 42 427 51 595 560 69 408 
19 8000 69 531 834 267 34 288 535 164 531 775 446 410 141 938 839 190 558 43 639 66 83 271 682 991 250 420 522 419 314 73 277 612 817 66 466 729 942 603 316 804 888 858 506 188 975 418 809 570 695 397 618 151 444 574 799 80 131 397 872 739 400 197 953 966 681 449 459 823 781 435 23 989 238 150 593 378 163 781 191 82 778 625 290 214 377 772 282 769 924 405 16 78 8 62 852 957 377 694 221 140 
20 8000 763 876 153 103 226 4 734 845 722 829 976 759 131 166 48 145 453 127 363 490 384 717 465 100 13 142 198 165 836 664 128 868 817 360 672 625 713 616 923 50 384 707 621 730 297 302 253 426 959 246 743 770 482 451 696 62 8 252 686 266 211 60 527 786 591 664 17 130 783 25 121 44 604 903 54 215 37 158 236 136 905 78 591 229 411 569 157 814 307 556 477 27 874 431 730 267 452 911 90 283 
21 8000 736 116 261 477 552 252 673 530 332 705 294 944 15 918 546 579 580 877 264 800 940 556 201 311 413 169 22 281 485 565 266 845 90 615 243 588 119 928 340 84 380 755 695 115 735 403 715 629 617 22 400 57 656 101 958 73 637 508 654 387 496 438 385 671 585 93 935 212 914 453 391 380 599 965 676 508 230 513 673 280 370 500 920 218 924 384 316 363 573 527 847 740 7 680 757 707 176 966 175 778 
22 8000 265 690 628 13 626 836 440 573 381 575 467 525 906 645 144 508 932 940 312 325 467 149 788 91 261 790 163 997 40 491 770 309 219 848 322 675 316 713 161 356 790 256 609 455 509 638 365 745 586 649 451 195 784 140 638 780 217 608 849 676 570 772 494 419 540 477 212 148 743 783 983 498 776 569 81 252 682 505 842 343 509 735 708 304 206 110 522 745 556 318 532 972 380 753 92 319 714 473 509 312 
23 8000 199 79 15 231 380 870 334 191 149 112 802 309 46 764 526 77 636 514 535 516 676 448 397 208 301 226 276 812 943 76 889 136 196 477 338 382 357 860 288 642 850 171 443 242 260 648 817 32 196 648 743 215 693 871 99 803 384 823 728 296 148 867 498 687 465 696 1 372 186 581 331 70 945 237 930 336 930 641 961 781 223 654 177 562 444 801 761 265 899 22 97 761 971 773 952 123 954 298 20 215 
24 8000 59 422 321 30 813 711 399 380 557 341 808 30 278 518 840 866 482 798 973 200 333 143 3 792 770 65 334 697 831 692 382 520 893 114 583 176 52 834 952 756 359 690 676 578 136 67 702 33 81 765 796 305 392 353 34 568 622 357 196 756 482 128 41 487 318 731 912 251 477 694 661 437 274 976 351 319 794 975 702 562 233 949 759 371 4 658 745 860 325 605 561 739 513 700 922 914 687 692 572 93 
25 8000 123 221 568 995 957 826 90 240 467 759 748 546 649 941 861 286 311 912 662 36 395 113 918 181 748 347 916 188 69 760 294 637 245 188 681 590 784 215 616 422 587 777 718 670 757 674 567 27 678 810 278 53 64 525 225 708 229 850 884 294 254 41 280 907 314 215 979 981 847 459 124 39 807 234 456 215 707 427 813 668 685 893 57 467 287 830 910 44 217 836 657 809 748 985 199 23 22 762 410 517 
26 8000 959 220 274 359 997 178 776 54 365 822 3 375 133 543 430 424 734 360 870 2 194 774 33 902 779 385 190 199 278 135 888 143 652 502 197 745 248 500 462 655 317 825 9 410 42 989 797 665 797 793 469 492 858 976 780 339 291 379 860 743 212 483 298 395 174 654 493 653 867 935 265 80 867 743 174 125 650 300 527 525 583 149 542 517 127 601 633 478 947 448 285 55 170 800 494 407 494 367 230 631 
27 8000 382 62 906 983 39 232 307 970 412 393 957 932 922 792 390 172 137 648 297 269 132 418 9 630 719 921 297 903 300 678 945 324 538 303 74 612 574 287 688 486 6 25 394 409 359 429 785 649 244 963 446 260 945 456 46 58 643 527 499 202 998 966 642 468 301 926 427 812 933 249 64 309 325 799 113 71 161 111 966 231 21 233 722 590 207 76 878 20 947 143 858 217 712 955 798 894 853 39 592 17 
28 8000 295 803 653 167 482 161 357 628 310 236 644 295 261 990 736 991 457 133 457 293 853 136 104 455 285 712 354 527 597 597 163 258 560 976 138 884 810 400 341 384 511 540 994 313 976 611 68 790 953 827 201 746 802 718 933 16 281 647 723 385 153 398 706 159 343 140 675 376 858 651 244 236 184 107 664 851 396 314 267 909 670 703 999 342 454 944 11 594 980 516 785 579 361 82 753 937 980 12 886 655 
29 8000 395 890 218 675 471 364 768 567 969 163 850 862 304 647 208 141 687 714 972 477 381 416 889 317 279 135 806 403 527 649 863 823 411 939 380 785 230 80 890 214 364 65 303 756 268 891 655 292 599 770 420 547 204 790 855 897 185 886 335 964 755 456 166 80 111 462 819 246 39 371 83 638 467 771 81 294 696 10 633 40 506 699 927 278 886 423 968 713 574 508 780 616 157 179 824 717 921 968 591 328 
30 8000 194 693 868 780 384 875 608 771 438 923 907 724 944 932 33 741 582 446 984 252 162 16 549 953 944 909 334 119 486 809 721 899 712 848 234 674 438 815 275 77 65 891 709 777 665 743 248 597 168 332 127 95 880 271 18 161 45 80 664 766 669 181 204 418 326 981 641 446 171 873 445 695 865 521 739 724 642 249 51 104 236 898 92 915 882 977 533 20 109 469 249 231 551 125 1 938 490 582 16 319 
31 8000 346 176 446 702 846 763 167 185 66 413 888 112 99 304 39 482 538 681 407 905 501 200 993 180 432 522 44 107 374 482 755 608 943 692 577 768 734 911 631 875 347 39 175 65 789 56 599 658 438 774 925 782 309 738 268 374 833 102 234 165 869 860 723 722 161 234 106 158 974 603 240 600 114 777 297 0 55 1 871 398 390 493 337 212 336 891 916 668 491 435 438 948 584 234 254 163 416 461 269 730 
32 8000 731 818 568 261 215 120 606 550 365 333 425 752 421 915 864 351 105 813 247 8 363 935 496 884 848 469 151 528 347 872 270 936 886 884 660 854 715 405 426 940 906 586 295 863 777 963 696 948 859 0 41 438 625 861 212 994 706 773 685 508 808 812 284 822 41 467 30 467 899 812 46 988 585 640 989 969 924 404 989 345 558 294 546 92 670 316 363 896 925 697 595 885 873 469 452 26 517 580 660 282 
33 8000 271 364 726 107 27 720 480 399 543 848 872 478 882 879 477 200 112 246 693 798 988 136 91 537 834 875 886 783 351 581 1 576 554 931 695 305 574 391 212 580 537 748 439 877 228 283 20 84 783 440 913 504 98 330 849 437 204 906 665 919 302 168 973 718 688 223 149 182 290 566 97 28 27 403 755 667 715 377 829 162 733 532 705 412 177 861 17 649 712 282 838 854 845 385 963 172 833 796 255 931 
34 8000 955 497 514 356 353 953 852 564 177 377 27 944 231 999 720 512 865 655 209 333 308 565 422 604 177 620 830 495 369 50 146 341 69 785 314 270 73 383 733 880 169 842 206 34 766 162 576 389 521 984 509 740 159 162 404 775 210 604 898 339 892 226 927 792 850 371 815 570 964 523 367 520 964 676 426 130 44 186 862 222 224 461 469 218 652 325 738 571 577 412 964 448 219 413 668 261 236 541 803 148 
35 8000 22 45 694 983 554 126 216 24 991 80 132 782 770 43 111 206 391 148 348 787 630 463 290 661 384 540 412 317 882 924 533 992 462 466 623 361 649 781 573 602 751 696 913 436 674 33 925 239 201 569 126 812 438 519 608 911 642 381 167 122 164 494 732 183 716 145 29 341 680 577 964 843 687 730 699 143 170 75 869 943 125 370 934 629 791 686 119 223 465 555 911 432 175 568 591 895 437 287 758 203 
36 8000 795 790 325 819 381 721 952 458 211 159 370 42 424 177 600 815 196 415 493 717 543 522 592 600 727 807 772 396 496 938 624 819 859 44 60 697 633 54 103 526 469 617 326 349 578 459 925 542 879 498 869 607 787 589 126 567 352 216 406 49 983 991 410 659 460 304 41 739 464 955 552 89 335 126 101 774 286 529 674 573 786 74 853 201 325 905 396 873 298 143 93 309 205 181 869 783 901 879 610 297 
37 8000 110 496 670 483 917 706 529 319 467 545 584 266 580 624 522 899 506 462 257 648 535 280 900 726 690 86 720 846 206 422 577 821 28 591 792 634 43 722 912 81 256 507 361 573 644 972 420 196 894 98 530 619 750 663 364 943 184 129 652 97 116 930 222 852 895 0 226 66 260 880 22 250 8 260 676 41 78 287 560 682 275 492 6 103 348 671 492 698 651 576 324 379 93 743 292 25 604 323 247 894 
38 8000 833 232 98 110 298 491 174 808 704 82 426 38 653 169 445 15 455 29 757 820 275 537 363 127 315 547 3 70 268 8 98 829 747 174 850 39 919 734 465 608 60 213 967 40 249 497 574 861 914 803 102 235 457 967 363 372 682 368 41 809 220 344 992 173 704 445 454 508 881 363 128 767 404 880 603 558 506 687 92 740 287 404 939 962 819 663 889 738 809 579 561 160 10 464 111 824 126 127 557 82 
39 8000 415 598 713 206 711 627 224 557 83 794 663 348 855 586 150 111 201 266 474 442 33 895 184 133 406 347 605 273 153 647 275 420 971 503 736 440 678 340 185 93 859 719 922 971 618 449 82 889 660 261 620 296 408 376 2 832 398 812 593 604 645 776 190 275 215 984 684 577 717 252 313 317 931 204 472 492 295 434 555 595 473 978 797 704 707 425 576 455 191 525 162 496 179 626 355 494 34 792 12 318 
40 8000 961 937 903 475 615 835 886 386 323 327 856 623 137 588 444 665 422 788 935 295 212 995 368 221 52 657 292 16 534 521 143 960 262 314 718 904 446 43 704 722 858 258 739 460 367 109 969 771 764 557 577 735 104 573 238 646 279 669 990 875 39 610 469 391 190 645 990 38 178 103 436 163 774 700 430 686 94 400 750 210 662 165 467 256 732 455 764 230 595 808 909 200 90 341 352 95 34 537 420 402 
41 8000 783 131 560 965 665 470 620 977 472 165 130 761 765 390 42 431 176 683 910 25 452 562 975 211 450 840 122 149 800 939 178 617 453 90 523 979 843 730 473 100 872 951 426 798 439 355 205 927 736 138 606 681 22 766 585 224 99 75 77 223 216 145 903 396 597 786 740 649 340 983 619 917 883 151 919 288 771 525 330 503 933 548 754 437 195 594 604 647 236 861 483 582 727 793 700 545 844 866 597 12 
42 8000 905 79 158 385 313 999 861 793 564 709 257 14 505 485 221 128 581 567 366 984 279 853 579 84 495 864 148 968 42 825 447 700 6 209 656 553 189 574 473 468 341 60 298 409 408 363 846 183 507 550 673 831 863 554 567 181 405 683 289 657 256 999 611 940 831 909 152 563 758 799 944 60 346 76 230 728 817 440 434 623 20 750 796 877 845 307 623 918 57 918 637 703 772 569 380 549 286 59 150 654 
43 8000 483 440 432 914 538 596 303 108 127 820 762 66 886 719 476 908 298 301 888 935 771 582 175 287 93 557 15 940 996 882 626 157 49 107 64 966 596 806 232 777 952 447 573 720 588 351 921 800 514 567 473 466 586 31 354 685 941 834 743 121 303 946 22 494 358 254 935 744 920 232 203 59 122 113 579 390 329 886 808 525 7 982 458 336 260 966 93 268 258 109 760 691 271 161 250 186 529 179 109 374 
44 8000 625 748 870 371 688 449 462 472 31 907 284 149 505 264 892 967 269 429 781 498 204 939 234 844 681 782 691 843 903 22 619 572 549 568 355 222 921 935 873 957 335 340 965 829 957 978 791 373 807 808 274 934 157 722 298 369 31 407 194 173 39 770 468 650 244 252 251 218 306 890 429 429 600 456 932 820 532 529 143 162 790 835 900 226 715 702 56 647 541 979 77 973 712 250 624 513 985 703 617 56 
45 8000 553 479 719 69 902 868 740 467 616 169 902 536 849 584 451 120 693 966 580 653 148 783 127 139 920 137 29 660 763 167 982 527 585 711 299 647 40 534 409 210 814 993 992 291 336 474 193 453 128 443 910 957 508 449 600 656 876 945 589 183 288 236 345 518 548 439 694 530 528 756 430 584 950 938 304 816 321 268 857 159 272 908 57 721 996 951 220 606 15 35 181 768 992 844 172 8 803 358 399 677 
46 8000 601 179 761 215 66 786 700 94 592 72 643 263 597 979 997 702 704 605 181 162 988 610 651 696 20 269 399 69 934 9 875 641 211 791 829 827 425 164 10 703 658 335 223 886 796 117 679 250 447 72 143 594 665 720 813 841 242 132 428 868 741 774 554 571 30 927 531 233 507 540 33 812 744 852 733 240 778 628 18 310 753 358 238 264 138 254 450 669 241 399 134 667 243 881 837 207 449 262 231 342 
47 8000 9 229 535 187 795 760 782 634 671 661 899 418 874 810 66 627 713 948 314 242 324 380 857 818 677 401 92 884 576 816 764 158 851 386 253 185 476 539 445 468 824 209 175 707 777 120 693 233 918 381 125 215 512 727 408 771 501 249 657 530 240 954 433 777 169 13 891 758 169 16 266 237 801 109 668 903 150 325 657 724 499 975 572 838 547 438 66 67 391 183 838 667 987 384 7 389 317 954 124 453 
48 8000 976 359 260 530 389 41 168 323 399 804 964 839 421 997 313 952 892 853 579 341 240 806 910 411 82 156 728 277 871 897 593 408 715 79 909 30 590 529 436 882 649 280 88 409 866 557 976 993 724 656 164 322 162 564 118 473 510 666 303 820 621 374 910 356 927 34 163 512 628 942 199 85 743 821 973 356 238 609 155 993 942 875 505 834 488 746 673 155 973 653 912 490 581 762 654 625 869 423 442 846 
49 8000 943 490 155 33 244 838 29 701 156 950 414 573 164 883 756 794 769 486 758 355 894 200 198 850 980 279 375 134 517 791 634 996 195 229 969 420 432 85 137 554 461 221 287 953 724 394 541 211 775 762 522 564 411 734 279 560 268 989 589 400 565 23 97 19 263 59 276 534 307 660 648 122 210 909 276 944 677 468 952 191 492 394 85 866 386 24 737 374 111 799 782 529 429 353 657 67 244 722 679 256 
50 8000 588 6 379 705 681 341 850 949 797 509 547 930 129 47 534 940 395 185 625 136 396 459 409 223 240 354 608 384 455 805 750 63 711 909 617 695 370 690 449 969 575 263 357 722 110 230 925 58 735 674 464 788 230 564 895 779 851 945 714 309 430 738 30 22 834 498 117 580 991 973 481 596 222 820 879 951 80 295 283 86 422 293 244 364 935 552 630 86 830 389 207 274 924 796 28 797 831 246 105 940 
