FILE: D71.01
30 80 0
1 7000 455 70 307 82 742 643 646 640 41 958 852 162 547 532 646 977 956 801 231 385 886 455 69 715 966 946 170 210 669 383 754 732 509 537 620 748 671 164 66 555 681 388 710 230 208 329 41 265 587 732 70 348 168 780 892 278 71 839 531 465 442 341 897 992 824 514 200 708 705 200 665 317 864 465 905 933 593 214 766 76 
2 7000 392 553 25 565 240 89 748 287 19 910 685 310 199 446 519 306 375 939 332 749 736 747 115 865 89 180 684 800 494 111 830 967 143 60 54 57 540 990 732 665 605 511 50 10 779 733 550 717 731 470 646 127 752 19 932 109 447 246 638 828 798 164 84 462 207 769 460 315 604 304 784 305 220 711 389 295 115 456 764 232 
3 7000 55 479 117 567 833 450 476 924 626 90 701 484 484 738 225 55 543 914 887 297 58 77 684 69 845 299 808 368 231 88 779 831 104 61 60 260 154 692 951 155 905 861 151 703 624 413 792 208 705 449 324 430 625 568 59 785 59 783 756 897 249 320 57 460 228 28 137 870 983 615 405 618 158 426 610 889 385 991 170 354 
4 7000 839 44 104 611 120 258 378 252 31 388 29 22 381 60 904 35 370 911 352 527 683 309 730 95 853 372 43 916 28 490 585 893 688 89 904 205 450 846 954 238 526 62 763 349 935 439 467 441 70 960 54 829 708 83 659 337 51 1 760 124 906 148 108 192 585 696 743 46 621 250 944 480 903 466 439 954 313 804 741 531 
5 7000 459 142 935 846 609 463 773 66 407 338 414 325 469 423 654 591 459 690 987 436 726 605 349 680 113 983 883 382 8 720 562 127 261 147 30 114 29 196 493 970 169 124 2 796 257 989 982 395 832 618 342 146 958 269 14 515 701 715 262 646 611 973 610 20 797 379 720 638 705 246 86 707 181 820 864 287 907 742 694 879 
6 7000 820 747 860 416 599 814 626 624 808 483 90 229 802 567 409 969 978 963 728 894 468 796 663 904 879 606 685 12 147 794 236 287 133 60 937 955 27 32 718 621 166 824 223 81 359 723 329 703 311 743 121 824 243 249 177 157 292 379 492 659 800 477 897 833 75 260 311 941 714 937 665 84 102 996 861 623 151 883 579 918 
7 7000 898 281 309 840 47 225 425 30 44 757 658 380 784 341 813 697 542 769 65 20 226 757 687 562 537 976 546 742 141 706 216 281 431 857 48 823 993 564 49 55 353 75 898 799 108 157 958 30 25 726 626 306 220 942 847 572 986 459 168 796 387 73 138 425 198 473 436 121 286 325 534 735 31 389 271 7 877 911 156 949 
8 7000 610 992 764 384 450 160 53 601 556 858 956 610 41 79 90 955 83 846 915 554 227 784 210 539 481 470 181 564 289 810 70 544 975 144 593 306 762 296 54 103 949 307 487 480 347 41 656 442 558 414 271 408 207 437 248 908 704 811 374 500 636 281 209 871 391 478 570 593 96 457 445 503 462 655 678 169 644 494 268 427 
9 7000 695 332 633 438 716 999 664 248 291 622 941 312 303 967 926 954 726 11 498 236 486 966 665 191 983 474 792 908 363 191 201 419 155 475 475 870 333 403 320 938 429 834 316 967 769 732 416 788 438 476 521 692 61 366 995 530 995 53 435 400 32 106 571 897 195 437 615 395 732 801 919 321 897 93 278 900 608 657 719 335 
10 7000 581 326 129 890 40 418 562 849 576 398 558 813 270 429 340 308 665 530 212 177 683 565 8 713 71 768 948 15 485 43 719 526 803 733 154 225 740 103 334 447 396 237 453 786 790 570 315 68 11 786 771 845 47 283 979 396 916 944 791 685 163 409 142 262 344 586 773 564 570 620 125 591 719 14 759 426 401 158 143 560 
11 7000 268 953 142 499 780 765 67 623 995 425 617 752 494 493 561 412 38 496 506 238 32 385 592 517 405 892 457 310 3 40 319 139 70 500 516 707 932 36 351 612 462 735 580 526 428 251 390 812 316 790 217 52 722 37 236 430 904 756 871 481 590 282 178 126 641 615 429 507 646 344 754 555 66 115 175 785 5 861 887 271 
12 7000 198 515 114 275 331 430 401 504 262 205 670 453 253 169 901 812 800 203 760 402 158 153 41 608 151 526 244 778 361 715 155 562 300 436 749 649 642 637 275 881 119 561 867 209 172 206 513 457 961 890 734 369 801 145 823 899 651 648 971 222 725 427 140 430 833 37 16 382 534 952 891 672 707 861 818 199 625 113 880 289 
13 7000 130 19 916 850 998 224 553 522 97 879 883 301 421 828 631 588 600 522 154 151 978 887 124 956 855 864 223 343 981 834 716 505 906 652 219 756 267 509 530 543 613 335 854 670 865 970 262 716 998 811 747 102 39 171 693 784 981 45 126 29 703 526 575 270 486 570 896 469 221 341 895 993 917 853 97 451 568 120 511 465 
14 7000 18 545 721 852 875 753 162 170 102 600 913 115 350 570 856 720 655 273 547 838 566 278 633 875 319 987 174 236 134 769 698 454 244 84 346 482 741 801 938 103 824 443 316 927 572 562 803 957 796 979 112 181 101 97 572 160 724 9 986 85 260 621 989 270 856 504 236 547 981 702 271 537 350 206 411 259 113 319 502 54 
15 7000 884 626 879 285 719 794 386 786 633 913 780 527 739 603 391 470 625 604 349 66 36 61 257 394 476 241 616 374 814 875 883 51 488 869 477 405 408 583 590 661 136 408 148 561 457 860 757 579 918 897 987 531 441 701 832 569 591 617 693 5 605 484 721 958 772 84 878 266 248 898 545 662 920 925 23 653 391 753 783 91 
16 7000 694 619 795 899 823 667 780 921 678 123 748 353 514 620 633 753 491 364 401 61 414 391 455 635 266 610 684 737 616 865 10 468 506 722 761 599 902 218 726 280 313 267 232 88 659 971 82 383 996 520 706 452 174 932 367 393 47 333 752 218 298 997 819 142 502 878 218 526 496 835 139 446 668 276 938 347 256 450 372 764 
17 7000 230 85 798 570 890 612 172 721 730 677 193 970 698 167 440 513 423 477 844 46 511 217 333 185 508 94 3 738 610 184 653 780 733 308 25 13 18 739 606 368 377 947 316 332 170 614 942 951 603 629 658 992 952 282 465 234 189 385 910 337 124 521 917 285 636 158 79 850 108 840 248 57 644 167 774 117 161 794 241 791 
18 7000 971 160 24 667 914 167 534 297 665 532 482 689 291 26 3 101 663 321 997 618 803 660 519 475 777 79 565 602 214 384 95 342 50 619 650 842 588 226 387 48 480 636 889 807 701 486 589 18 134 203 157 322 840 164 688 282 621 142 28 535 965 277 106 878 954 269 588 757 258 34 711 129 774 517 642 173 36 903 199 796 
19 7000 962 931 284 437 49 536 863 103 612 538 848 134 141 586 721 643 394 96 233 120 301 384 38 152 281 714 599 738 73 500 203 164 653 346 444 906 356 178 998 535 779 163 54 83 567 643 229 850 674 803 323 110 188 285 744 696 327 485 958 922 680 718 812 817 308 11 48 140 778 710 891 141 746 635 16 537 159 999 764 680 
20 7000 690 810 943 372 486 970 48 310 833 805 265 613 822 217 80 423 620 207 852 21 428 973 184 454 731 290 451 117 928 423 304 282 934 258 517 22 852 887 13 511 313 370 406 169 556 875 908 615 878 935 952 898 512 24 362 976 546 182 418 917 978 903 668 778 489 7 817 643 41 704 547 785 875 594 612 415 33 791 37 998 
21 7000 964 912 792 589 329 140 753 178 594 83 320 496 506 646 522 252 36 634 956 287 897 307 401 587 222 609 458 646 498 280 56 142 352 575 157 380 272 818 529 499 876 487 903 883 805 77 375 763 845 435 392 477 361 801 167 340 648 267 864 626 290 877 393 588 112 82 177 28 828 772 709 346 982 604 259 576 260 841 578 336 
22 7000 783 427 927 201 467 511 286 438 44 137 91 586 841 336 324 847 906 306 326 756 579 935 150 97 101 363 821 541 351 801 328 963 310 344 706 919 344 978 39 241 893 509 746 228 677 629 966 397 991 840 420 258 198 460 558 97 11 412 368 214 650 38 665 609 479 638 218 558 211 966 552 78 271 390 778 721 418 947 281 683 
23 7000 218 998 620 696 455 717 480 659 87 119 22 499 824 853 473 203 937 480 295 515 385 453 794 249 849 506 482 704 778 701 75 123 30 811 432 700 211 297 307 68 296 568 248 769 633 765 477 647 925 762 115 653 274 638 578 21 891 303 495 284 563 518 996 101 465 27 702 369 422 6 275 575 199 566 855 865 933 512 250 809 
24 7000 279 93 197 308 382 941 561 630 256 944 797 36 676 247 537 970 156 116 625 273 137 873 462 399 951 634 997 98 670 52 207 528 425 799 406 282 303 996 244 280 396 312 715 6 110 954 36 52 327 264 735 447 500 143 791 731 302 14 171 246 887 559 605 608 387 929 949 846 730 660 973 146 356 8 917 707 956 923 672 637 
25 7000 797 379 911 397 749 281 28 729 594 668 216 557 719 428 547 826 781 247 378 739 445 5 933 370 775 352 414 121 394 658 470 986 979 84 379 98 213 970 783 518 762 275 317 749 395 272 980 926 816 237 588 171 326 326 159 62 888 383 564 698 701 882 297 327 880 723 704 993 317 112 510 196 337 232 3 5 238 923 693 619 
26 7000 296 102 818 819 345 133 525 302 520 859 66 360 248 535 866 856 101 358 797 993 580 829 508 824 443 658 145 981 666 431 319 588 618 765 651 829 567 156 752 140 92 256 964 494 497 778 731 740 834 770 914 480 613 459 916 438 798 387 959 800 188 66 336 482 773 865 13 816 151 345 401 592 619 768 646 957 6 989 292 112 
27 7000 869 460 652 302 123 562 721 38 712 974 3 51 409 315 65 921 345 761 175 865 350 868 881 645 709 311 842 75 426 765 793 77 586 645 953 777 909 913 751 595 90 692 182 797 27 886 670 492 514 532 751 527 509 110 441 253 563 516 628 643 502 924 318 706 962 263 104 693 864 510 678 48 432 534 742 566 834 703 161 752 
28 7000 51 974 698 824 70 677 177 341 978 734 422 924 73 499 800 39 564 970 735 306 976 566 20 305 830 209 273 355 714 912 389 225 322 602 317 245 565 393 27 799 343 36 987 651 70 745 11 88 557 140 818 339 325 515 136 242 970 148 711 632 648 875 51 406 288 650 255 750 624 301 773 490 641 211 429 24 521 133 571 829 
29 7000 696 867 670 985 86 10 230 706 133 498 332 332 708 175 686 757 500 72 500 766 967 662 39 243 449 766 197 714 545 356 940 210 332 964 954 908 527 920 349 511 191 127 759 858 61 610 678 709 108 539 385 190 409 957 297 857 937 928 86 857 355 322 424 147 409 961 672 236 10 336 386 439 613 620 957 84 968 202 254 663 
30 7000 851 441 587 385 859 883 859 99 870 640 234 63 260 161 172 523 464 108 174 569 991 565 74 241 459 282 236 351 783 187 486 988 65 888 125 187 320 360 882 705 606 569 120 406 659 220 178 193 631 374 152 977 19 136 994 640 386 135 249 469 953 23 287 21 677 707 364 897 889 524 366 380 98 95 571 432 48 65 278 979 
