FILE: E21.01
50 100 0
1 2000 756 73 16 851 241 422 569 424 168 81 536 434 588 759 695 932 24 381 669 720 958 401 953 239 254 790 807 624 267 55 492 13 824 111 815 702 827 375 458 254 672 899 50 132 216 912 460 972 511 593 271 73 18 435 911 219 518 31 409 393 452 634 239 516 890 335 226 774 865 192 982 641 277 173 838 194 101 234 748 798 94 396 119 780 750 153 58 159 699 52 978 44 270 807 59 785 456 767 511 480 
2 2000 977 96 116 916 669 512 28 554 923 909 275 641 386 737 959 50 640 448 603 937 88 884 625 809 759 929 402 95 245 275 896 827 507 655 304 503 747 369 715 743 81 465 227 822 219 404 502 687 889 560 223 525 199 404 430 515 677 700 189 816 198 572 579 415 518 779 456 921 635 44 963 884 691 775 258 760 644 31 429 87 420 72 65 988 760 331 441 584 500 164 807 411 475 212 726 438 791 723 954 781 
3 2000 670 676 805 696 589 53 490 964 930 96 392 242 872 910 744 484 722 228 677 29 424 708 113 438 454 595 472 684 825 85 647 789 412 252 242 489 329 858 515 39 565 920 9 737 605 345 343 267 251 502 122 459 361 64 435 547 734 964 919 535 839 808 853 745 637 599 246 169 185 95 393 683 256 668 867 750 697 990 415 683 734 404 732 76 946 306 565 485 129 405 139 965 770 178 359 543 342 391 756 234 
4 2000 148 10 654 687 928 347 522 52 944 804 982 171 777 28 430 675 529 854 768 89 676 848 174 545 275 823 421 169 741 145 679 777 930 193 295 937 725 811 501 12 862 87 532 267 203 313 110 645 179 469 776 293 628 69 33 436 727 718 762 704 268 219 892 484 960 579 783 412 12 756 297 587 685 485 25 597 55 40 630 971 687 257 790 121 457 684 694 396 221 179 577 322 573 818 240 635 385 446 52 186 
5 2000 368 720 373 331 366 987 889 884 595 835 823 228 559 670 479 694 854 157 104 774 569 868 526 293 529 990 539 104 73 415 508 424 596 89 159 392 576 927 19 941 302 169 485 588 22 500 982 225 729 791 179 515 301 789 741 977 225 625 570 358 610 453 23 388 714 88 56 511 705 979 781 679 876 353 385 814 21 885 906 22 211 736 804 157 668 291 820 832 969 460 86 459 300 868 938 431 960 790 434 22 
6 2000 864 165 8 100 235 545 259 266 220 306 328 487 648 985 831 832 638 65 833 405 289 72 806 61 165 314 64 3 791 108 629 853 879 849 3 300 514 746 811 894 1 588 791 113 605 375 83 264 898 147 316 342 930 885 421 414 949 787 680 643 883 802 948 528 298 738 537 470 70 800 716 245 466 900 309 489 868 586 351 773 854 918 274 378 856 165 588 361 112 628 533 989 129 474 667 161 385 884 850 893 
7 2000 476 395 614 458 434 755 364 299 439 142 393 271 631 101 181 345 252 21 933 336 833 522 841 768 644 569 28 464 126 682 651 947 524 64 118 266 445 7 907 317 542 411 939 265 73 762 982 167 519 409 53 371 11 496 288 805 758 378 245 738 222 871 117 104 227 182 807 996 756 858 359 414 618 606 686 856 741 312 88 862 278 124 511 89 261 922 28 16 23 34 500 882 95 534 895 928 815 968 230 569 
8 2000 343 851 607 554 326 781 298 738 918 507 379 543 369 810 841 707 921 516 685 411 207 515 941 385 887 98 99 79 736 486 905 499 901 874 8 793 546 835 411 198 601 445 204 415 850 950 544 38 45 338 350 95 299 641 689 334 455 332 313 310 659 644 316 894 845 157 389 283 374 511 628 118 511 567 383 779 998 874 90 485 405 789 582 266 505 77 831 407 378 351 590 467 469 190 920 456 307 276 43 270 
9 2000 127 397 521 973 84 660 202 26 309 755 919 48 493 618 413 215 251 332 423 875 953 613 451 489 272 721 139 481 138 150 736 90 339 922 631 833 477 853 415 644 498 608 439 320 522 914 338 328 181 758 490 605 194 918 886 411 392 674 366 858 908 40 698 178 765 361 467 360 563 619 249 215 497 294 27 486 418 113 324 84 158 552 26 56 837 413 354 361 372 331 963 70 906 553 630 58 377 831 507 811 
10 2000 937 777 395 412 460 516 27 326 832 991 808 56 264 752 995 282 333 586 782 560 972 818 258 194 140 639 703 352 365 295 199 36 911 486 17 5 757 823 755 215 130 671 692 911 800 243 326 930 854 270 567 324 175 105 551 902 336 592 555 771 141 557 958 480 516 252 743 854 977 605 493 120 397 619 351 410 285 751 922 241 292 642 573 60 177 4 109 457 938 49 293 125 332 267 169 180 501 922 674 916 
11 2000 929 98 492 602 439 643 624 406 457 849 649 50 254 221 134 273 398 173 168 717 112 992 492 313 786 918 185 767 335 689 378 240 640 381 974 816 778 897 823 848 272 950 347 785 70 873 52 557 473 113 932 135 739 745 198 331 569 846 328 468 206 89 892 970 355 376 127 511 656 878 727 777 906 313 821 468 785 803 600 604 258 167 576 755 420 976 924 268 966 233 889 101 18 1 721 343 540 849 110 29 
12 2000 33 426 583 329 754 41 846 716 164 565 517 198 827 525 242 218 477 699 652 306 480 101 127 78 398 649 840 689 878 411 48 307 590 726 109 734 429 79 167 738 693 54 11 216 472 217 40 757 947 270 834 720 835 319 272 408 689 600 691 434 271 516 39 876 725 305 488 313 762 217 496 338 573 508 760 629 705 121 51 198 588 389 388 881 971 598 518 689 953 765 187 94 839 460 145 857 554 36 376 485 
13 2000 803 89 515 912 728 509 911 503 256 954 323 962 876 98 703 253 48 495 34 117 970 398 709 284 923 386 400 970 914 134 895 758 823 173 873 452 796 986 78 997 74 282 874 64 7 787 636 392 445 408 952 478 241 98 105 707 80 279 805 525 357 159 637 739 309 789 189 543 137 207 345 363 327 509 689 111 895 185 514 951 759 580 376 155 984 807 694 165 89 967 332 428 159 12 662 124 968 101 52 362 
14 2000 828 788 264 947 402 888 724 306 171 369 131 673 807 98 379 123 136 811 262 549 943 123 918 176 311 942 499 705 725 119 17 683 668 685 858 191 903 513 902 444 188 756 750 397 623 892 1 951 354 739 66 848 859 264 473 864 522 539 146 369 725 695 611 871 170 200 615 628 655 322 115 915 15 109 103 57 460 736 251 801 12 566 829 142 270 749 873 176 224 737 69 93 331 525 325 886 570 979 495 885 
15 2000 699 97 225 702 441 534 392 677 793 249 108 431 204 607 745 606 827 782 962 394 564 815 204 952 125 149 624 281 819 10 925 684 299 463 61 381 974 481 287 378 310 892 519 190 741 524 475 507 402 412 556 390 409 393 954 111 907 949 939 203 590 627 801 841 934 891 421 124 840 745 924 374 923 970 400 24 155 321 151 208 83 528 438 633 345 438 194 832 696 154 669 394 273 505 489 263 302 693 74 694 
16 2000 984 461 913 971 761 632 635 469 696 348 371 165 180 868 359 183 675 259 263 468 730 835 184 189 977 666 821 955 322 26 756 451 70 113 328 571 169 872 77 657 333 296 204 928 220 8 39 696 424 510 973 468 467 906 822 515 529 472 101 11 130 892 170 345 480 523 715 669 716 527 549 314 751 200 187 139 948 372 169 421 334 186 602 374 582 126 888 894 478 632 100 624 82 134 991 923 316 862 86 853 
17 2000 185 275 841 758 358 441 324 536 329 227 405 199 864 628 899 820 969 97 658 444 87 198 58 75 751 441 861 323 398 642 925 806 580 643 713 903 279 743 91 949 547 682 374 468 195 522 79 537 741 266 376 873 342 564 683 744 930 345 392 280 265 719 181 304 124 997 892 255 356 171 431 303 3 691 673 257 224 894 829 346 229 921 254 486 944 470 153 101 631 221 162 119 174 292 275 217 258 550 77 915 
18 2000 151 137 755 617 318 52 864 190 569 117 302 166 986 197 474 178 316 998 114 712 83 290 721 763 101 906 95 508 641 356 933 576 947 396 945 2 332 406 482 484 565 906 121 5 778 71 186 442 598 575 681 235 736 613 585 724 742 448 998 235 153 315 93 526 743 46 349 665 103 238 28 951 267 321 377 970 596 364 509 362 649 971 439 424 257 99 242 111 511 149 811 549 891 170 163 647 257 530 785 904 
19 2000 909 878 971 997 448 764 631 257 645 740 531 616 48 300 438 125 534 498 145 626 539 584 827 695 170 507 713 415 926 632 541 113 245 497 753 619 600 983 913 158 352 709 307 477 89 20 202 277 670 404 719 566 679 672 810 11 527 758 284 898 907 483 372 780 826 113 780 410 933 68 719 59 359 622 864 811 790 933 719 916 991 257 356 818 500 675 993 929 714 195 387 759 74 556 502 485 585 585 429 556 
20 2000 377 453 16 439 531 676 194 76 884 183 448 168 39 336 416 866 292 200 76 977 704 938 498 256 20 668 625 902 674 616 45 838 581 917 239 872 950 910 261 328 824 260 318 255 574 769 230 788 61 196 229 773 688 947 66 237 59 981 902 800 464 756 943 630 910 582 294 23 915 208 996 213 782 997 723 492 579 526 96 253 535 957 90 32 76 28 506 147 221 998 965 41 545 394 407 898 451 912 552 654 
21 2000 946 297 299 971 647 569 530 288 251 418 281 527 158 121 767 560 497 831 202 25 255 568 912 580 725 767 686 204 9 717 855 618 781 749 39 438 30 498 71 146 8 103 23 467 93 668 836 260 798 848 508 501 631 884 311 468 31 953 3 704 106 151 513 864 377 977 54 43 258 647 150 662 487 82 525 526 224 925 341 125 46 415 746 802 535 481 200 848 709 874 546 145 984 709 305 433 909 242 150 806 
22 2000 378 224 37 527 543 700 960 748 153 558 795 244 524 714 206 745 874 238 83 956 223 297 473 871 605 234 480 461 772 644 102 345 154 781 473 524 249 144 473 774 198 582 181 801 737 769 149 745 272 380 936 124 258 833 910 817 647 908 753 177 579 130 655 870 72 212 667 531 900 446 172 836 398 352 950 70 408 446 802 807 72 474 202 776 715 934 955 514 508 261 310 904 161 490 520 182 334 758 295 520 
23 2000 5 483 139 761 513 568 22 422 477 459 362 532 338 429 792 430 714 899 669 86 306 163 805 59 570 357 379 681 861 999 504 555 296 974 422 971 16 273 784 320 104 362 995 114 850 501 86 699 596 868 87 250 877 831 361 152 73 208 882 356 295 864 909 796 721 481 38 479 105 856 94 322 669 555 836 341 108 289 936 288 919 828 210 317 775 824 570 788 160 366 649 792 994 623 594 495 449 413 974 894 
24 2000 692 47 279 78 768 281 988 594 330 734 657 996 460 607 9 192 272 45 491 664 537 993 267 169 36 888 112 999 864 19 183 417 410 921 132 335 217 625 523 849 453 122 38 718 214 877 423 375 361 740 654 573 130 100 292 257 218 619 482 748 574 395 590 845 611 898 917 930 52 520 482 675 134 83 334 440 397 155 359 957 753 501 57 400 83 538 249 424 54 116 197 276 401 478 88 566 364 739 366 795 
25 2000 526 738 873 235 748 591 269 243 442 801 695 625 878 261 165 123 758 3 633 628 780 26 213 210 389 50 536 563 459 550 680 958 111 898 677 285 387 962 36 301 0 18 276 659 882 299 916 817 739 36 905 424 348 336 960 272 799 737 765 415 402 783 530 537 499 461 839 175 864 857 298 883 944 855 916 933 633 236 711 648 825 19 498 958 430 380 332 277 110 9 574 291 421 229 52 747 600 733 275 851 
26 2000 711 281 184 351 361 203 398 914 718 39 425 875 35 180 811 971 416 834 695 134 23 179 730 955 460 28 855 894 542 863 870 848 176 583 295 161 561 797 474 664 440 16 399 855 608 590 214 799 416 719 883 847 455 404 969 766 183 659 15 380 673 844 478 301 229 454 698 862 71 215 865 837 822 821 442 34 1 163 44 369 256 398 198 510 542 684 996 676 972 949 75 700 559 512 919 932 556 931 931 98 
27 2000 637 881 258 683 607 450 835 954 889 659 607 204 484 579 412 315 639 865 484 231 930 65 50 442 984 549 985 62 564 392 998 605 222 60 314 43 255 243 325 251 165 680 179 420 365 315 764 545 321 633 75 569 876 520 422 289 953 478 436 604 377 562 374 215 11 864 657 355 945 886 129 654 945 671 3 727 884 999 963 578 381 522 382 424 348 170 141 16 688 667 999 63 839 508 3 852 406 245 884 648 
28 2000 577 407 931 986 558 923 292 427 743 371 187 885 829 907 983 123 605 216 627 495 630 327 373 542 513 640 296 534 28 1 559 546 766 176 886 164 556 569 228 419 363 514 81 33 896 7 428 587 623 200 769 687 438 515 221 732 678 713 134 373 715 774 215 267 848 910 617 199 707 586 961 192 886 854 762 678 31 886 233 330 97 12 924 652 993 129 180 923 335 826 866 576 527 48 353 621 879 669 215 194 
29 2000 1 795 609 833 170 162 812 575 901 451 884 459 440 880 918 539 390 912 852 996 203 420 310 441 740 153 445 14 630 854 241 347 643 862 260 19 793 552 284 570 394 452 838 678 785 381 46 594 946 452 809 425 719 282 753 363 851 262 928 445 595 213 723 951 60 294 971 23 52 481 700 603 614 484 516 281 984 434 70 155 197 177 592 282 38 541 951 828 574 389 212 505 983 837 160 390 895 444 767 710 
30 2000 962 751 49 707 885 986 311 159 607 300 223 655 895 364 711 227 35 670 128 416 842 397 672 383 725 160 518 145 12 508 641 540 258 506 790 11 750 238 585 793 942 586 207 620 14 128 644 518 304 487 978 803 807 988 655 856 468 959 232 787 493 526 557 568 392 237 851 736 971 367 668 262 997 242 190 670 743 433 838 6 158 153 661 757 841 710 474 300 579 358 206 984 637 382 445 439 535 776 628 197 
31 2000 528 342 857 236 498 562 811 517 494 83 708 133 627 172 810 140 533 955 413 682 144 820 813 497 964 802 206 395 579 300 985 803 619 978 421 978 890 182 177 971 895 729 640 939 460 392 522 907 691 957 722 563 968 156 895 179 213 358 709 270 132 328 257 57 663 929 595 348 338 85 865 931 793 861 986 54 127 6 367 109 342 796 624 97 573 519 762 979 339 464 791 494 523 725 246 554 296 698 584 797 
32 2000 724 595 918 393 255 818 68 704 815 550 380 888 732 393 306 35 201 406 193 938 520 379 259 88 797 698 223 987 372 629 561 371 648 381 851 445 565 780 178 709 430 903 68 482 326 517 928 718 814 657 436 191 148 206 888 668 721 799 928 137 967 909 670 710 432 455 646 270 227 770 574 480 596 289 406 221 808 775 614 82 91 456 207 969 837 890 421 444 777 924 571 884 373 572 21 46 114 174 753 144 
33 2000 963 658 486 25 657 274 835 531 78 623 462 659 430 331 692 594 418 221 573 220 171 310 828 198 101 492 694 206 451 237 92 436 715 154 109 943 675 771 269 928 259 358 535 570 947 155 545 483 943 833 23 392 822 542 846 144 882 390 738 611 920 688 51 611 643 814 611 430 431 32 87 26 689 122 866 535 479 143 888 145 681 203 422 953 371 545 239 883 664 828 169 275 716 915 488 226 125 36 125 272 
34 2000 426 657 139 530 927 898 457 864 580 855 313 187 119 652 388 485 178 590 92 665 615 213 974 808 753 649 729 931 758 65 754 851 877 588 743 240 751 518 278 462 524 192 881 304 964 345 511 168 320 291 957 838 122 797 109 409 663 964 568 472 359 987 571 144 722 111 687 49 155 652 269 829 301 403 120 291 142 290 345 774 593 606 855 842 790 673 495 876 798 280 269 687 963 731 617 718 616 855 225 944 
35 2000 355 817 337 56 623 77 29 30 798 340 417 670 515 835 276 210 443 780 27 597 227 359 564 509 823 73 900 737 935 794 81 5 784 374 359 829 919 150 73 503 293 191 219 814 317 625 179 572 123 900 564 556 740 307 654 963 412 630 400 957 772 245 450 409 94 526 181 430 338 898 188 782 211 382 215 760 954 964 992 647 93 658 937 329 844 574 208 171 421 864 63 728 939 868 993 422 156 320 617 732 
36 2000 746 945 778 34 351 297 836 655 97 186 610 251 832 525 944 88 766 954 366 344 759 80 805 996 968 669 841 407 59 649 450 201 730 255 717 519 732 164 483 241 136 966 399 293 39 812 353 597 449 584 733 791 556 428 510 296 107 996 592 819 112 248 431 900 593 138 345 591 594 53 523 852 181 325 193 776 632 678 899 213 560 946 386 913 159 899 32 762 326 541 316 209 842 694 281 484 358 247 472 699 
37 2000 392 879 295 417 59 627 293 796 748 123 288 889 479 864 871 205 134 332 193 119 312 339 548 219 995 411 690 201 768 579 379 384 803 401 105 457 316 579 471 543 742 992 193 170 308 507 199 255 266 407 784 685 471 771 295 587 535 666 314 894 284 474 812 282 720 221 229 89 220 234 968 302 187 972 256 196 867 388 854 746 559 647 564 373 927 560 30 143 646 567 782 999 84 616 989 122 256 786 910 23 
38 2000 752 986 491 449 876 596 89 700 696 362 786 453 234 420 261 690 524 773 698 812 730 70 688 546 68 35 594 726 744 384 360 562 617 575 219 457 822 239 272 8 51 630 415 247 734 939 572 737 825 821 710 613 407 971 596 159 851 101 781 13 733 149 762 602 236 83 797 891 254 122 352 42 909 736 629 91 718 258 164 207 110 458 946 657 518 913 40 55 770 530 174 992 994 60 265 636 750 937 341 409 
39 2000 620 306 847 316 965 566 786 43 65 277 671 388 379 783 756 149 120 379 521 46 879 382 864 767 513 936 988 748 17 907 434 764 590 700 244 939 632 352 712 254 872 739 695 162 351 238 958 391 491 700 509 537 951 59 411 537 499 443 19 615 615 106 129 803 49 53 997 611 45 669 700 968 455 230 809 4 462 610 839 775 127 47 445 527 479 309 845 593 376 88 414 512 841 994 947 465 102 961 529 628 
40 2000 53 436 515 525 350 181 555 984 870 26 154 787 741 437 735 607 672 221 662 321 789 225 199 303 711 371 878 786 74 861 234 881 226 916 389 356 309 866 440 763 448 962 128 10 269 731 757 965 461 231 830 199 601 50 367 448 958 382 380 891 507 36 472 851 855 713 23 988 306 403 944 600 790 234 454 117 861 631 856 380 493 116 784 802 893 602 881 0 35 517 382 4 163 611 573 617 945 779 586 40 
41 2000 531 753 514 343 208 3 293 877 888 686 346 227 136 999 428 795 966 765 673 608 115 609 280 439 22 556 835 849 224 407 717 227 395 723 565 438 734 773 278 151 940 287 510 472 475 344 135 940 340 266 642 511 87 833 938 605 283 684 527 810 137 234 523 356 526 960 481 921 117 394 505 896 826 669 600 677 315 961 747 90 752 676 657 545 561 710 690 4 363 652 883 360 847 242 579 327 771 959 617 425 
42 2000 825 57 545 162 573 910 837 997 178 3 573 194 159 409 557 138 864 105 339 234 899 960 109 950 237 756 932 136 197 55 294 175 47 297 434 90 425 934 409 181 307 968 392 292 737 726 147 313 43 224 156 984 747 954 379 626 908 443 93 871 88 430 804 990 687 996 677 920 849 507 474 571 663 695 453 522 881 727 202 684 863 620 881 38 980 822 834 27 180 318 46 715 949 106 404 283 371 375 248 981 
43 2000 527 239 160 104 925 368 473 111 202 359 467 463 809 187 723 274 891 594 587 386 93 736 240 943 501 953 324 60 442 3 592 697 361 584 561 309 490 517 635 384 533 411 655 451 83 166 359 663 992 148 716 531 403 396 597 926 686 682 761 922 963 790 619 588 473 839 743 311 477 13 595 756 925 518 445 48 608 137 935 271 12 203 270 882 588 343 504 127 664 849 881 63 714 991 711 265 202 146 737 827 
44 2000 720 71 475 738 646 156 490 243 23 29 67 256 901 321 267 453 841 964 818 104 813 851 818 271 195 203 716 435 105 490 545 167 775 250 867 935 185 647 407 621 687 111 838 872 826 910 692 852 78 991 865 508 731 934 674 927 625 370 953 895 962 700 139 238 914 455 831 44 248 155 784 361 679 997 800 464 174 221 501 282 930 497 441 83 234 182 524 7 941 778 209 541 766 448 457 539 129 931 897 858 
45 2000 762 689 178 235 795 645 975 473 551 348 617 538 748 903 808 669 357 527 406 79 799 55 739 359 733 251 407 160 131 269 61 261 870 101 114 609 551 357 854 433 779 229 933 9 604 970 698 197 353 743 331 307 573 175 267 430 296 468 865 790 350 404 791 233 935 87 85 443 180 777 393 971 903 646 309 679 285 804 313 693 695 447 277 447 358 455 988 928 107 304 679 707 933 613 21 847 539 187 555 289 
46 2000 636 896 22 808 182 225 575 125 300 856 323 279 75 101 191 850 965 557 562 122 38 807 660 786 748 519 156 269 484 785 954 296 590 44 637 761 98 436 531 517 874 919 864 166 401 11 988 459 925 485 120 374 177 867 594 494 380 86 69 761 787 107 683 205 432 900 601 738 350 592 942 619 953 131 546 664 803 326 554 813 489 586 262 139 833 220 230 893 134 625 101 677 687 225 111 349 272 484 750 742 
47 2000 855 849 546 790 200 973 444 172 628 39 741 43 625 555 56 968 533 444 290 637 33 789 63 463 641 54 576 658 937 158 385 868 749 209 47 982 998 270 102 185 442 986 372 874 19 425 38 502 23 963 463 975 819 573 233 663 324 352 383 654 975 632 279 308 389 516 119 740 449 190 534 293 31 848 237 625 79 578 214 481 268 42 407 750 952 319 360 912 631 722 808 452 650 956 670 345 347 458 404 203 
48 2000 372 246 222 177 397 149 96 210 928 735 60 734 451 792 748 398 612 712 659 939 675 609 95 763 947 527 267 357 417 567 513 106 306 294 116 614 763 258 677 135 411 965 516 185 973 167 83 949 697 778 817 566 787 304 457 890 568 82 249 816 610 218 27 774 510 535 638 474 571 384 676 500 89 679 997 854 457 963 975 27 825 891 987 711 518 939 74 729 936 705 260 285 156 632 492 129 958 511 674 720 
49 2000 480 585 761 0 243 630 381 852 741 823 956 849 330 765 792 384 637 493 98 773 190 822 417 426 505 872 428 684 346 110 583 409 370 759 566 921 874 918 19 385 883 232 530 227 268 460 323 690 133 785 646 105 190 203 303 989 324 845 320 549 89 564 190 693 336 649 692 147 700 984 729 753 162 518 166 566 411 379 142 826 212 482 807 405 513 963 971 822 499 300 622 424 318 448 790 817 696 843 714 151 
50 2000 157 615 797 349 72 854 304 864 251 269 276 85 299 92 637 944 456 560 941 865 136 834 760 606 885 679 146 119 985 769 171 4 403 940 979 659 329 257 351 715 0 221 225 851 40 966 161 589 35 794 204 151 558 883 123 983 360 521 491 31 955 702 573 368 311 432 500 266 866 586 684 303 586 668 953 604 296 301 373 798 984 811 219 809 309 730 75 40 32 580 525 80 580 761 398 499 476 908 53 843 
