FILE: E91.01
50 100 0
1 9000 968 498 914 797 718 630 610 524 302 966 602 382 763 561 239 472 351 466 105 382 967 493 578 845 207 777 888 668 680 479 145 53 851 491 297 888 119 462 497 103 334 15 839 697 496 476 940 511 835 967 332 360 6 221 125 600 600 930 935 736 707 11 508 164 743 593 48 630 257 101 690 515 937 261 93 526 542 381 635 898 967 743 161 692 168 456 759 286 166 612 542 658 837 90 890 545 725 845 130 77 
2 9000 584 35 117 981 872 829 695 948 910 227 494 253 936 754 40 228 766 360 640 672 277 371 25 809 436 838 197 864 97 129 473 875 273 97 173 815 119 688 943 632 325 306 155 289 153 805 385 411 831 437 401 620 523 597 667 155 592 721 802 881 378 173 978 266 214 465 725 428 878 652 104 843 234 257 726 813 247 547 580 281 112 537 139 85 711 526 719 258 107 547 545 451 308 548 514 85 15 657 105 321 
3 9000 565 378 414 439 799 60 781 727 64 472 978 468 79 850 424 117 870 237 401 273 505 471 737 520 842 669 918 759 5 538 116 91 818 367 79 872 904 40 367 26 671 916 902 198 917 914 292 860 244 652 904 948 29 988 157 132 157 794 997 312 231 316 30 428 492 963 271 188 149 867 996 797 354 61 643 290 534 606 249 550 298 538 384 627 638 940 53 422 645 26 526 358 458 542 585 116 661 354 134 26 
4 9000 855 553 650 224 615 929 459 156 554 152 268 519 716 504 969 245 13 511 141 618 922 311 249 109 169 112 992 33 616 572 777 619 60 453 782 583 177 390 579 804 320 118 794 190 400 6 754 332 551 228 607 44 817 438 879 367 569 265 928 150 871 494 282 794 523 268 309 243 981 155 201 833 895 415 738 82 471 340 804 13 370 965 105 117 382 41 96 529 577 582 538 533 155 838 697 972 719 42 621 669 
5 9000 187 778 489 439 60 298 481 807 268 647 150 5 304 935 758 346 887 598 552 586 836 992 438 340 417 167 38 168 843 162 574 416 174 660 579 407 315 365 872 72 349 913 795 618 910 699 157 338 818 429 864 124 703 764 712 824 825 890 292 989 810 358 496 138 539 44 573 121 877 557 229 675 492 967 710 759 459 160 362 788 883 699 621 321 258 511 912 332 764 255 415 637 252 707 179 578 98 15 544 556 
6 9000 685 162 339 509 693 481 833 926 943 564 903 489 8 417 379 948 296 193 59 303 842 359 329 908 520 627 889 575 887 505 533 280 395 809 458 563 165 971 73 211 74 502 777 327 337 434 663 372 332 110 643 272 881 139 926 191 684 879 357 61 159 287 549 457 380 470 310 916 344 799 307 301 281 908 450 281 232 448 967 553 602 908 623 866 924 377 69 470 533 572 783 63 385 980 570 842 735 464 88 744 
7 9000 880 166 378 475 712 61 859 424 276 998 754 43 58 576 427 806 233 699 586 321 575 153 838 701 259 45 543 787 271 451 454 314 644 122 103 608 234 583 408 922 268 467 455 991 371 445 950 909 287 574 277 915 35 418 660 187 688 787 384 236 521 436 538 989 726 558 264 167 432 438 968 37 230 83 471 137 932 194 558 83 787 316 908 17 860 503 857 830 803 357 978 726 733 766 941 224 435 208 612 214 
8 9000 612 936 882 121 397 916 169 816 850 842 85 330 649 82 216 984 713 890 503 31 950 746 178 388 876 135 729 570 297 652 868 402 796 731 959 624 228 882 888 957 952 754 832 747 10 872 905 769 976 404 144 284 696 791 806 949 638 578 441 669 58 311 722 982 726 818 480 87 398 739 935 81 787 636 572 524 226 530 650 917 750 213 794 178 826 173 652 728 424 475 81 258 684 453 831 796 863 539 191 146 
9 9000 800 90 583 304 618 541 544 945 869 746 92 567 857 830 934 396 342 416 477 636 359 549 124 168 357 188 821 279 386 579 310 529 549 380 78 337 430 864 456 388 734 50 843 454 834 111 515 713 468 888 7 182 287 868 514 324 479 469 289 462 194 964 521 60 975 899 632 482 927 343 488 324 831 820 482 902 940 256 957 0 645 800 942 464 769 841 661 744 671 94 799 970 903 67 979 656 630 781 426 638 
10 9000 528 62 283 319 391 273 558 835 149 809 149 220 533 208 946 178 88 225 447 540 773 705 883 18 850 604 307 327 282 2 610 294 376 447 959 31 863 474 588 764 159 657 447 430 10 11 653 610 242 116 220 919 844 785 44 419 88 633 595 177 921 385 304 536 329 268 98 213 914 330 59 800 382 31 678 782 173 953 667 644 950 959 800 178 159 666 751 577 391 559 405 404 751 594 595 42 964 640 752 711 
11 9000 431 591 425 644 951 507 136 520 340 619 561 753 650 537 473 713 216 518 444 492 251 127 765 301 200 138 539 85 580 20 444 466 518 851 110 590 717 3 585 984 44 440 874 8 497 981 994 9 729 358 531 756 878 428 173 251 911 368 161 530 190 209 163 512 501 549 505 530 250 781 257 604 40 690 117 70 366 764 588 649 630 47 389 555 203 897 596 736 747 481 456 836 529 354 368 976 922 967 974 946 
12 9000 840 447 852 909 300 488 767 197 851 704 947 305 73 289 363 669 872 312 469 328 791 516 386 58 50 942 986 79 542 231 844 914 493 953 541 517 15 795 272 239 264 962 235 747 428 630 767 472 253 794 695 693 342 357 883 843 925 807 414 137 342 310 415 106 936 590 962 142 594 415 48 640 636 41 81 836 284 462 884 931 433 809 649 592 920 732 846 432 44 125 516 560 520 17 954 786 615 998 221 591 
13 9000 668 0 478 437 716 790 586 529 451 20 966 609 214 166 171 879 263 212 144 659 16 416 626 848 494 9 697 812 692 156 896 766 82 40 917 263 974 402 316 875 954 384 233 659 121 19 572 503 328 210 616 953 168 545 548 600 901 788 849 636 51 391 31 661 904 874 685 343 596 413 308 17 41 476 875 830 395 864 631 504 290 987 67 335 549 719 551 505 595 697 583 303 293 369 138 365 418 681 75 495 
14 9000 489 701 70 193 175 62 50 466 997 543 595 20 544 643 273 423 922 490 376 346 652 924 42 454 738 105 201 61 128 486 345 133 277 491 574 733 39 752 884 502 606 238 182 278 703 126 977 426 773 753 232 3 363 503 337 321 424 955 670 25 755 156 724 264 303 349 264 61 537 0 473 469 621 479 576 601 598 224 892 147 304 747 797 445 240 307 548 731 110 617 465 625 243 404 409 487 631 187 52 697 
15 9000 789 104 880 490 159 136 431 408 279 572 701 983 436 55 216 739 14 58 723 105 271 137 974 327 749 784 566 996 40 258 318 252 134 205 140 282 55 427 871 207 18 647 52 925 810 603 104 44 632 318 880 456 103 900 54 688 653 696 328 581 31 163 912 431 131 288 253 158 864 909 486 603 300 770 564 559 785 661 545 611 264 494 4 394 519 640 32 357 553 383 800 621 823 842 151 35 557 182 190 22 
16 9000 859 487 338 295 834 105 826 62 440 844 93 788 295 838 51 121 153 430 702 82 264 931 54 93 352 581 824 957 407 560 890 372 31 406 954 74 544 661 393 207 570 110 767 14 331 442 945 431 355 689 328 699 822 271 129 565 275 10 185 184 897 938 262 302 92 258 334 825 575 291 792 360 691 759 58 824 196 246 576 714 195 180 641 141 480 177 36 201 965 103 959 796 459 676 182 497 471 977 944 528 
17 9000 290 690 515 481 37 437 925 845 932 32 808 954 463 8 843 436 710 267 754 756 518 177 338 969 746 978 495 239 317 840 718 256 270 399 25 122 562 134 795 798 800 424 469 728 665 625 603 701 204 3 228 583 744 892 985 970 629 892 15 399 495 471 61 176 317 800 755 431 936 181 564 500 282 894 357 205 28 823 60 152 871 689 375 623 176 253 31 162 197 309 527 447 593 833 846 547 450 122 103 150 
18 9000 550 256 598 858 76 754 241 150 498 740 820 95 841 476 79 416 62 609 74 0 759 963 780 442 913 238 414 725 906 434 439 612 513 378 730 876 100 161 857 923 738 857 961 932 460 356 194 92 372 651 183 34 841 435 496 41 480 337 575 156 143 653 101 747 654 912 263 650 490 115 909 473 130 999 26 157 295 165 541 378 792 416 894 907 190 146 364 492 36 127 610 384 835 536 394 76 518 566 967 369 
19 9000 601 462 70 348 777 336 29 359 131 585 912 592 729 284 214 357 770 363 42 638 40 950 264 43 878 686 594 716 371 390 83 319 8 889 984 686 497 378 452 220 971 139 65 647 307 977 616 213 765 196 157 915 674 489 756 864 384 549 946 376 197 781 320 877 503 929 261 221 830 983 246 517 38 196 730 50 370 562 45 402 576 599 304 352 833 772 770 667 684 414 660 359 700 477 855 513 98 957 481 279 
20 9000 33 350 831 119 773 966 603 901 480 452 911 940 824 369 47 574 137 172 460 372 331 416 920 564 300 561 335 794 22 192 193 782 84 24 95 991 836 506 349 895 918 399 95 941 350 148 919 799 920 404 450 987 92 531 875 480 138 459 874 378 726 699 913 243 675 891 395 189 105 714 605 318 684 503 946 609 210 421 422 836 237 526 830 617 956 581 644 193 74 942 55 18 876 383 129 771 223 183 557 864 
21 9000 678 334 972 52 496 206 284 245 684 517 27 93 861 944 161 461 130 230 314 381 685 124 933 561 359 996 295 68 859 475 877 261 872 952 22 574 792 294 394 242 265 608 172 566 283 402 472 810 39 987 943 316 267 463 27 946 280 132 834 429 434 685 117 720 220 998 297 952 727 896 32 86 670 711 266 850 716 992 261 49 328 204 555 864 837 759 328 207 964 229 139 744 518 76 509 672 477 748 307 848 
22 9000 177 486 423 359 831 686 685 129 87 148 494 658 859 77 144 486 127 159 294 473 952 570 571 496 401 254 755 644 615 317 528 520 735 881 259 736 900 236 775 185 46 648 607 210 714 646 672 234 592 151 853 965 7 280 460 761 90 169 23 255 826 669 409 818 713 241 703 983 248 910 850 390 959 614 504 371 195 795 72 755 403 568 402 997 109 328 104 211 311 115 954 219 518 609 365 186 141 72 385 965 
23 9000 466 99 192 713 912 512 557 902 819 251 243 291 450 587 805 979 457 528 771 110 510 729 653 343 322 786 781 662 771 222 405 635 360 37 55 715 710 150 609 657 326 584 54 676 342 728 396 413 467 536 696 316 849 993 697 529 83 692 9 876 70 882 330 45 959 804 657 551 875 683 969 585 671 210 343 339 408 855 977 896 778 855 85 281 213 231 130 771 869 666 373 56 226 589 198 337 507 322 189 969 
24 9000 649 606 416 726 32 388 916 302 693 175 820 118 243 827 111 50 201 112 466 158 965 885 162 19 145 223 514 748 471 357 808 312 994 760 198 217 801 219 548 181 963 241 665 864 938 641 917 263 134 648 687 873 873 376 636 179 450 7 252 609 532 521 641 516 588 330 33 287 591 649 984 186 703 947 720 10 155 329 614 154 52 196 243 191 316 6 24 542 487 507 856 345 594 266 783 112 830 844 104 258 
25 9000 236 469 936 120 115 532 664 528 404 768 280 548 710 456 56 482 237 487 522 708 317 636 238 474 777 890 299 223 837 174 67 548 784 312 84 380 121 580 641 483 417 676 966 868 587 471 512 211 793 374 297 872 721 647 777 608 420 534 221 566 444 534 44 667 506 655 81 958 360 16 268 35 143 616 688 126 876 629 470 933 365 66 482 822 199 138 324 453 83 185 552 454 207 485 626 219 890 819 544 437 
26 9000 194 111 627 435 749 996 433 931 492 661 254 302 549 806 181 939 970 53 197 808 541 670 262 790 397 929 874 902 641 970 60 998 698 480 272 31 621 66 155 486 68 642 660 60 162 681 467 198 970 677 182 567 791 661 289 74 8 114 317 508 687 115 187 410 670 79 223 262 366 921 778 585 954 991 952 48 239 621 379 168 856 639 535 717 48 677 543 399 749 630 953 923 170 106 450 42 626 210 972 663 
27 9000 806 499 193 619 220 470 861 197 33 401 928 13 2 914 980 338 745 76 899 450 50 411 247 125 455 641 342 852 799 519 475 861 984 583 264 570 656 185 588 533 17 638 92 489 502 817 711 606 533 62 203 508 60 735 137 188 123 259 326 394 142 994 161 577 163 796 818 15 769 586 803 177 881 795 817 946 169 10 390 788 285 683 269 446 645 224 25 279 974 342 833 815 327 969 927 628 822 611 655 126 
28 9000 785 468 644 341 536 175 19 329 532 498 146 246 89 831 881 732 392 844 784 657 28 119 265 856 744 120 136 921 661 338 542 665 650 966 720 335 111 929 584 174 843 629 580 437 253 240 790 427 603 905 756 677 522 661 988 851 503 467 624 459 596 136 215 992 27 564 104 557 952 50 363 615 69 95 759 910 306 490 716 186 304 58 752 788 915 883 342 730 431 373 691 340 764 6 379 59 299 85 343 504 
29 9000 627 374 180 375 898 932 220 307 992 3 349 259 234 301 50 531 880 542 632 15 75 548 111 752 522 791 707 410 566 698 449 764 919 582 825 775 736 520 970 368 276 44 346 486 857 975 398 541 313 241 135 821 700 42 121 980 442 179 842 186 650 916 906 19 833 197 58 727 707 581 482 921 343 726 335 306 350 764 12 548 326 427 92 858 290 251 433 402 317 704 396 119 89 595 662 46 590 588 606 738 
30 9000 655 184 699 892 593 0 910 748 612 695 579 374 251 389 718 429 549 913 221 489 159 740 947 537 141 935 140 714 633 967 168 907 142 739 33 299 647 666 636 435 259 142 252 937 639 260 194 433 898 112 134 806 199 508 44 361 781 479 226 986 621 388 408 930 450 1 366 253 346 364 47 585 629 818 653 247 259 19 669 359 477 274 286 13 884 70 205 103 706 115 278 922 433 751 961 93 577 68 46 962 
31 9000 747 579 642 10 774 785 875 408 100 485 263 293 145 169 261 861 883 333 916 874 328 75 122 670 166 799 430 279 243 382 891 724 128 640 895 114 469 444 477 618 367 324 63 913 481 911 111 198 82 48 632 374 780 933 53 477 136 119 388 963 885 729 188 933 985 720 242 896 204 542 490 169 486 45 126 491 781 958 357 963 587 810 775 899 914 607 833 681 879 141 375 214 659 239 693 75 31 835 92 949 
32 9000 192 171 409 446 102 999 477 893 59 112 990 190 721 56 739 339 300 361 696 715 147 139 901 695 439 385 631 732 201 846 823 460 361 764 203 930 78 382 110 579 52 517 468 8 28 69 885 177 227 801 342 103 913 230 443 662 820 985 694 579 647 456 779 207 359 100 306 191 496 236 987 602 211 663 719 637 268 975 542 490 701 876 941 467 369 378 450 966 112 199 44 382 739 212 275 565 554 300 623 899 
33 9000 655 442 40 610 707 383 139 393 422 742 10 947 450 880 131 520 925 387 337 51 348 531 312 5 67 507 593 501 31 831 526 812 76 728 169 843 433 853 592 685 688 185 554 815 919 451 20 70 208 906 488 954 277 831 597 404 439 574 985 577 594 500 857 785 496 666 243 137 995 593 414 15 486 960 412 951 270 570 183 16 67 429 256 308 368 290 468 627 883 494 673 948 767 462 925 766 872 670 99 920 
34 9000 723 467 405 980 450 568 789 807 388 561 665 355 567 291 964 337 807 444 961 818 644 189 844 363 792 213 511 798 380 998 544 213 663 684 838 270 436 353 857 428 873 94 979 175 994 674 903 861 502 173 581 215 187 424 657 163 629 593 862 14 414 754 353 633 580 794 452 668 519 504 759 454 45 181 108 659 851 601 331 293 75 701 304 148 195 811 239 285 959 788 695 646 587 882 270 390 959 693 457 54 
35 9000 991 53 607 118 943 178 503 81 860 941 478 638 872 593 572 41 571 803 685 260 178 325 194 15 731 173 8 287 2 620 529 397 363 875 480 247 325 785 83 814 963 404 539 498 955 763 297 414 435 697 59 211 404 76 14 538 896 261 248 721 631 157 815 764 366 689 426 261 667 46 236 318 320 548 682 67 103 463 860 877 126 635 395 856 473 256 277 727 352 622 639 684 487 232 929 312 949 60 464 176 
36 9000 163 349 820 154 309 770 40 132 818 292 110 137 204 603 693 505 938 426 576 184 586 578 802 759 928 114 957 296 278 394 578 599 729 423 161 970 528 313 717 75 318 193 365 993 445 428 925 64 75 487 971 609 306 294 324 126 33 418 449 61 742 941 725 732 996 345 54 513 793 265 785 871 539 451 413 339 845 784 30 32 873 687 990 792 437 777 760 557 597 101 428 48 945 797 827 371 316 534 762 621 
37 9000 139 556 284 90 138 696 508 162 619 187 915 501 44 616 631 620 123 881 637 417 137 464 383 789 711 899 777 904 759 750 16 226 819 959 224 894 490 902 375 542 200 996 458 158 18 210 362 71 728 301 448 666 887 154 273 914 82 30 436 317 113 102 18 355 306 94 584 40 688 385 208 655 240 417 503 282 942 744 116 220 833 577 656 859 798 158 526 144 321 815 634 184 887 38 439 127 291 420 310 878 
38 9000 544 806 667 767 610 496 865 748 684 843 299 231 238 93 691 141 544 810 37 293 907 723 169 677 306 353 415 756 684 245 318 353 590 171 884 243 400 125 327 23 829 471 783 366 963 76 956 255 515 787 173 271 540 69 809 561 315 183 554 549 613 717 493 1 75 827 458 536 917 39 641 167 682 937 909 980 246 597 817 534 819 108 765 80 137 8 289 192 580 11 933 907 427 828 688 956 967 466 458 198 
39 9000 690 816 527 837 266 894 489 520 544 571 613 907 284 137 118 817 834 542 316 525 481 660 96 326 690 417 724 941 955 125 419 870 464 880 675 280 322 340 800 527 532 757 650 897 458 583 2 672 987 515 561 103 120 301 55 393 189 162 394 276 443 184 348 291 203 497 741 341 312 615 592 638 105 756 204 619 605 497 657 928 170 616 668 66 318 444 295 792 927 589 455 875 557 364 720 290 90 777 354 453 
40 9000 415 404 79 581 376 14 518 783 709 274 793 965 176 376 247 149 612 947 765 299 125 64 637 243 140 734 476 794 529 673 108 649 528 734 949 180 675 822 805 693 474 652 585 252 16 170 880 676 262 9 884 782 226 801 637 481 755 705 29 819 140 984 568 551 270 977 354 352 555 314 246 245 322 716 682 355 920 220 113 570 243 174 543 207 890 854 120 283 682 31 260 478 762 350 266 377 976 848 917 106 
41 9000 784 465 992 932 391 891 197 934 337 587 464 344 250 330 97 629 994 122 721 937 922 810 518 977 454 257 704 939 700 408 731 548 350 98 161 836 543 948 714 741 935 179 420 107 696 707 372 201 636 348 43 325 192 486 621 615 492 34 354 641 215 59 355 874 460 878 842 638 353 0 287 621 601 746 435 560 716 881 664 168 133 120 658 921 930 842 856 786 374 853 653 482 14 548 818 378 540 312 89 608 
42 9000 120 506 436 517 439 884 933 0 159 770 736 867 19 867 107 795 292 10 978 977 812 731 11 55 307 966 618 443 234 753 929 614 859 267 150 460 774 29 307 315 596 637 820 732 49 864 899 610 153 463 212 768 741 527 803 546 23 746 723 551 405 397 356 115 303 428 890 580 148 465 916 989 316 88 616 288 194 228 513 622 106 17 252 834 313 946 375 735 811 667 566 273 134 284 332 164 905 478 582 97 
43 9000 323 317 92 98 326 73 295 155 645 921 396 682 463 834 258 943 899 536 41 995 37 852 53 276 723 297 788 408 838 250 623 327 279 554 132 314 352 885 495 47 813 749 963 234 256 418 862 958 88 686 85 295 788 764 555 321 690 164 625 89 991 921 877 678 215 989 305 901 841 163 323 771 326 360 599 315 235 618 163 834 688 634 758 196 867 215 915 262 773 456 711 41 974 11 679 654 549 281 845 717 
44 9000 955 887 354 229 32 249 658 558 867 625 729 621 727 456 280 852 799 356 443 48 930 588 884 693 115 383 831 850 917 928 959 213 577 382 635 415 997 751 460 187 340 976 596 462 451 77 841 12 824 685 917 719 336 817 952 67 459 245 603 958 174 277 819 436 308 317 678 417 505 46 298 22 560 551 272 594 323 263 598 20 904 41 586 411 385 247 687 778 773 150 737 760 395 514 568 25 469 704 465 419 
45 9000 61 160 430 475 152 572 729 349 28 623 679 810 718 611 167 354 691 824 836 37 541 992 441 135 872 673 317 212 98 900 448 697 386 959 86 553 459 607 411 149 468 611 179 914 664 921 844 871 84 336 110 647 966 11 392 54 117 628 146 826 953 605 545 619 422 156 461 856 544 567 229 515 762 526 161 455 859 843 271 378 616 419 190 5 968 788 736 582 860 100 103 286 510 862 146 651 329 306 722 580 
46 9000 187 706 566 57 252 508 660 151 139 594 572 386 555 548 727 103 190 251 89 878 49 651 206 607 964 58 107 349 486 808 3 510 888 623 269 483 496 542 676 312 59 732 337 499 391 46 340 524 989 670 534 194 853 688 441 397 229 926 755 364 490 905 407 29 867 260 657 590 269 458 181 844 891 160 628 415 829 77 617 448 443 659 624 878 658 463 762 859 938 539 883 441 156 683 7 113 59 903 517 273 
47 9000 569 928 112 246 627 125 973 926 795 649 113 646 350 175 380 370 69 69 94 787 442 316 757 419 521 74 843 330 121 181 104 519 610 468 379 610 978 218 371 917 434 614 354 485 224 521 292 203 910 446 328 571 811 21 107 231 837 851 925 843 429 68 143 408 825 439 858 622 374 374 286 367 108 670 834 924 300 341 319 5 225 374 325 194 834 759 135 901 577 633 231 409 74 881 827 116 867 44 395 563 
48 9000 963 869 656 351 400 355 15 517 531 624 888 497 273 480 917 233 18 980 510 551 433 880 708 379 871 280 818 909 605 330 803 306 612 327 884 33 109 53 329 411 588 704 896 495 537 233 900 860 590 478 371 394 313 899 271 695 348 272 246 151 131 190 866 319 906 712 842 676 256 992 176 347 862 256 707 907 714 946 43 837 495 390 325 737 348 838 806 897 758 203 711 298 751 359 335 663 149 334 873 632 
49 9000 77 242 925 660 461 302 155 737 722 777 81 524 396 198 447 982 883 690 166 115 67 766 280 898 994 414 931 993 366 846 787 351 31 719 913 277 214 204 543 81 698 726 719 872 676 726 284 622 486 293 172 75 963 997 492 595 605 780 342 558 298 245 862 373 792 180 448 722 667 671 642 128 998 637 632 427 437 143 847 248 942 326 616 96 852 275 350 126 549 722 228 201 405 871 846 335 255 229 803 110 
50 9000 86 754 691 164 194 199 460 328 498 962 620 540 253 314 257 91 859 325 331 322 8 349 215 357 868 409 957 965 533 310 224 152 455 849 401 564 80 944 816 309 399 39 552 276 642 624 823 567 828 212 376 108 386 618 898 56 584 887 879 86 957 715 922 150 476 694 947 802 667 247 279 696 397 574 64 325 552 469 11 624 320 348 898 501 303 323 841 923 170 677 766 617 78 576 79 1 572 373 977 442 
