FILE: D1.01
30 80 0
1 1000 341 513 114 593 928 603 642 612 790 130 851 365 425 511 898 769 117 162 367 331 922 149 100 3 311 8 559 897 579 951 541 792 592 183 616 935 988 541 105 80 403 184 965 249 839 539 406 178 754 236 598 914 964 244 301 541 963 918 770 490 751 196 774 420 754 651 73 116 943 609 199 393 739 77 885 469 800 674 979 762 
2 1000 278 300 196 608 648 751 552 833 702 10 806 687 791 422 783 69 925 478 896 547 810 426 724 115 423 426 985 177 224 468 750 704 584 774 246 58 539 901 73 430 447 262 210 375 663 288 624 404 802 946 840 108 701 833 320 779 671 567 979 997 121 688 698 154 165 798 172 381 295 142 927 849 714 368 871 912 424 673 196 60 
3 1000 671 54 4 150 823 887 472 886 295 554 926 20 595 324 643 230 105 232 745 159 670 142 22 575 609 742 19 124 225 675 242 641 414 521 828 490 475 867 510 908 700 160 231 807 846 583 249 20 82 654 80 445 510 788 108 63 836 517 229 305 310 609 349 717 506 784 100 415 51 268 606 282 885 879 639 386 164 889 26 581 
4 1000 370 360 634 760 755 184 780 738 690 544 420 219 20 10 946 831 17 999 949 680 36 803 775 417 443 919 241 256 935 887 326 937 833 366 208 94 439 655 476 991 60 393 854 99 785 633 309 491 610 41 848 511 13 408 880 690 559 211 472 382 638 440 344 83 931 405 949 907 689 744 477 183 429 352 138 644 132 449 555 176 
5 1000 540 504 614 600 655 234 622 447 13 403 109 201 846 630 121 981 718 931 344 125 728 212 910 644 875 430 222 24 681 651 646 333 659 699 409 109 732 651 550 0 180 861 275 615 227 757 540 563 842 115 226 145 870 38 744 674 68 353 399 879 145 646 387 377 410 658 736 668 104 249 55 635 27 672 435 999 539 341 328 728 
6 1000 542 848 773 832 525 423 792 538 272 566 307 315 332 65 428 693 831 130 445 378 728 838 373 601 115 640 398 194 639 120 56 347 655 739 504 519 194 784 711 474 345 232 926 908 144 755 261 635 554 584 727 806 654 443 582 120 600 288 318 509 473 50 140 255 607 115 284 9 474 757 2 686 740 235 582 703 574 782 222 525 
7 1000 804 207 118 989 25 310 604 380 229 858 690 725 84 307 838 260 422 24 319 573 56 198 10 347 502 174 944 213 711 431 494 652 401 905 498 432 77 905 207 541 346 310 357 88 607 285 251 138 716 231 163 952 724 180 922 601 271 372 24 421 739 205 98 277 757 303 91 110 142 911 0 728 887 325 502 315 271 598 327 630 
8 1000 698 219 709 353 355 997 772 558 279 866 178 777 933 826 905 629 878 745 463 467 644 229 436 37 381 300 653 592 399 77 854 452 171 192 197 455 920 159 433 297 354 414 107 201 662 237 624 903 365 292 526 413 101 980 815 532 954 352 682 573 408 772 467 283 534 71 210 404 485 397 626 868 915 492 853 82 391 597 812 266 
9 1000 413 726 533 330 126 505 277 246 321 318 804 380 808 954 642 774 776 497 674 814 209 661 915 288 979 296 804 276 677 285 868 852 808 546 84 67 425 361 806 180 795 750 580 606 205 109 702 543 482 829 860 769 345 117 705 543 152 738 692 110 170 897 34 765 933 971 121 942 796 326 233 306 281 924 912 309 295 945 810 180 
10 1000 832 144 381 823 238 152 249 588 637 453 592 378 617 251 398 76 763 939 928 742 134 395 229 563 276 830 46 20 870 388 974 239 597 240 195 996 329 371 640 345 229 790 921 344 855 381 890 827 867 104 137 722 425 783 311 858 875 179 574 736 816 581 49 246 143 632 605 777 152 599 816 709 318 821 444 739 817 540 283 26 
11 1000 407 843 721 608 750 924 840 68 762 401 430 924 113 888 728 695 430 553 254 127 335 878 560 539 886 334 265 766 529 202 197 653 142 248 995 591 283 469 18 39 219 643 891 519 833 890 553 49 11 957 132 472 599 469 497 666 512 836 835 93 110 57 92 654 419 131 623 334 294 289 894 584 118 774 580 925 142 388 907 739 
12 1000 34 516 572 709 759 853 97 889 365 554 947 859 776 16 273 945 185 25 607 968 143 474 358 487 928 378 462 15 302 401 17 164 240 619 251 202 725 729 672 973 210 433 739 671 832 206 891 411 977 178 297 92 288 333 147 500 710 760 847 130 667 168 954 695 963 376 188 786 498 14 381 657 404 136 692 604 680 976 938 904 
13 1000 925 559 385 773 276 391 839 343 118 943 388 82 684 145 633 669 131 615 747 762 176 846 223 643 901 47 632 205 815 891 251 247 757 855 906 550 753 396 855 704 402 670 81 148 896 7 812 391 268 882 637 902 948 578 44 607 245 266 726 486 825 736 510 230 790 472 240 427 454 312 464 243 404 400 267 76 938 649 94 138 
14 1000 488 444 909 447 98 786 531 190 576 615 487 929 393 516 239 613 938 536 111 878 211 322 775 586 560 313 630 84 539 184 925 153 502 283 958 104 5 261 216 4 627 630 772 485 295 452 807 125 707 889 586 848 948 829 741 328 900 308 199 856 522 944 594 648 613 102 524 52 139 16 476 627 725 571 780 574 401 986 424 462 
15 1000 197 93 75 748 684 452 161 33 49 1 345 547 805 479 235 806 719 325 688 936 66 280 529 610 791 413 56 85 675 777 146 291 103 431 333 458 530 32 676 235 223 728 784 779 396 559 826 776 310 90 877 871 445 503 439 469 339 852 486 374 173 704 873 244 712 901 459 327 692 627 770 435 234 544 575 644 401 171 188 677 
16 1000 470 257 863 442 28 352 113 690 477 300 301 267 47 865 348 927 907 221 895 175 470 515 774 103 487 222 121 702 18 522 984 597 880 403 758 701 662 714 301 728 907 892 77 59 542 576 156 911 161 831 426 287 257 190 858 680 981 253 170 982 538 39 725 592 810 827 20 168 287 694 598 7 925 478 733 514 996 372 729 736 
17 1000 546 884 183 420 541 368 40 572 308 848 811 982 348 364 761 688 126 542 452 835 937 616 443 919 421 628 530 864 843 6 341 913 722 257 638 798 902 982 180 156 655 937 479 669 925 362 290 878 290 283 197 159 740 22 117 825 876 631 76 810 607 451 109 919 948 542 609 113 14 184 982 779 801 169 952 478 844 114 351 124 
18 1000 352 502 746 69 916 675 745 55 369 494 319 520 909 897 996 202 72 52 256 528 646 344 993 753 120 909 352 313 770 921 827 359 962 373 932 960 782 554 299 908 570 945 555 635 462 756 806 177 540 818 86 674 660 54 604 363 581 244 144 546 465 301 446 483 360 784 929 697 746 858 590 650 743 428 419 260 75 655 189 229 
19 1000 389 589 944 649 12 120 51 860 743 977 138 20 782 993 779 364 381 345 260 614 311 6 275 518 746 106 894 972 647 442 637 710 251 834 25 22 752 570 413 463 763 634 487 44 671 954 240 840 453 384 787 515 73 632 856 717 32 863 304 816 174 183 489 944 351 741 863 829 22 650 612 364 389 454 688 398 171 359 88 717 
20 1000 599 947 719 669 723 594 677 421 645 299 318 305 744 163 923 221 509 215 339 577 60 824 414 718 963 399 581 330 420 602 426 771 433 801 607 817 44 965 926 771 227 736 948 421 541 885 964 801 136 881 676 240 196 777 431 654 422 149 350 555 645 297 200 745 167 428 346 167 915 36 635 879 8 210 551 614 839 73 479 910 
21 1000 240 83 440 260 855 409 114 267 296 101 524 260 171 275 199 352 604 32 176 398 305 321 680 825 818 481 827 806 9 667 182 748 421 882 543 550 556 841 763 620 708 372 975 98 414 588 56 274 140 535 679 655 282 549 781 656 75 25 819 384 514 827 627 479 873 61 240 491 911 414 518 747 376 799 917 192 884 503 250 160 
22 1000 767 577 781 554 3 669 500 392 795 36 914 205 913 932 212 238 383 118 128 931 624 686 365 650 612 935 911 134 185 509 101 630 70 516 754 177 721 849 244 16 585 428 845 595 855 579 182 128 335 272 151 189 497 433 132 298 320 54 860 984 17 314 774 271 226 432 210 78 784 475 265 486 648 834 685 350 86 585 623 222 
23 1000 702 461 593 51 421 652 492 632 0 148 10 271 169 842 278 640 9 120 108 278 630 153 656 723 780 606 855 732 444 984 465 560 54 340 85 774 385 557 962 558 743 927 951 993 529 237 464 262 783 96 749 267 794 707 356 621 369 813 115 473 862 29 482 151 554 284 599 81 469 582 901 955 236 821 619 617 75 864 29 630 
24 1000 510 594 779 3 904 178 148 40 399 244 572 775 366 195 293 974 958 386 454 166 848 379 514 667 759 979 291 77 880 303 513 207 742 567 186 915 681 830 656 811 446 407 677 307 76 170 358 976 617 460 310 690 789 817 847 508 186 266 589 778 110 355 299 425 626 686 304 897 940 141 350 731 682 527 223 207 205 866 984 72 
25 1000 475 36 171 785 655 988 793 262 985 269 479 592 27 40 614 684 904 343 808 316 590 811 544 569 871 551 346 83 61 412 319 148 69 363 386 49 903 200 86 680 216 292 270 862 985 595 531 352 911 645 720 5 634 758 394 59 370 142 530 11 45 153 357 56 532 410 647 551 80 979 306 482 534 358 615 397 432 477 962 768 
26 1000 573 422 402 267 168 118 901 908 133 682 598 536 652 658 934 618 588 865 990 827 831 71 874 359 189 210 511 476 908 362 667 237 415 219 563 872 383 247 910 789 704 273 719 670 470 710 731 626 557 133 795 884 893 442 58 967 23 308 298 848 51 145 249 36 552 302 255 61 562 717 108 344 222 735 406 896 182 313 271 839 
27 1000 351 339 784 195 96 273 967 933 473 831 661 729 589 937 152 407 693 655 872 542 83 323 29 184 422 606 515 165 564 690 923 984 478 327 26 703 366 968 555 854 567 678 628 804 344 71 668 563 142 981 153 494 418 75 47 888 630 145 245 897 485 282 899 760 37 660 931 822 720 148 620 292 931 465 571 227 235 98 930 687 
28 1000 797 702 183 561 131 204 382 7 766 328 142 980 910 748 253 831 722 616 253 430 270 651 803 782 781 529 205 621 271 786 914 927 148 957 385 860 882 159 97 56 345 849 91 770 896 968 885 833 822 198 92 878 222 537 590 825 929 923 589 77 557 125 442 404 279 607 533 974 424 607 99 522 476 122 324 95 594 39 538 368 
29 1000 218 123 889 983 877 82 308 891 780 421 127 157 290 319 178 203 871 229 738 955 602 436 140 860 859 280 416 249 248 276 798 9 385 828 429 33 626 782 132 419 333 515 566 888 763 796 633 383 193 119 459 325 357 749 813 493 792 175 286 995 198 216 96 296 392 470 844 783 958 352 77 818 179 416 996 769 360 199 156 968 
30 1000 114 294 498 74 723 871 557 814 162 376 197 565 875 611 707 739 903 923 605 457 452 725 2 464 507 53 851 767 562 392 945 951 91 486 999 659 827 346 653 184 454 173 754 661 807 434 747 817 173 781 531 749 785 53 613 703 94 73 910 316 940 456 40 297 180 150 452 10 892 933 228 933 744 572 907 452 612 876 179 975 
