FILE: 100.10
100 100 0 
1 1861 19700 20400 18600 32000 21700 33167 26100 20700 18000 9800 14900 25300 36467 16700 24200 22300 29000 35367 14400 16800 18900 38767 20900 28400 20800 25800 18600 14000 38767 12300 38767 25100 17700 31900 30400 27000 19400 38767 9000 33767 28600 13500 6000 26200 23900 7800 21000 38767 37300 16900 23900 24500 22400 24700 24800 14000 13800 27400 25200 24500 21400 23400 20700 21600 13100 29000 23700 23400 31800 23300 17500 24700 31200 14700 22800 38767 21700 11500 10600 27200 10700 25100 9900 20300 19700 20800 13100 13700 17300 19100 22300 21200 15900 21400 20900 15800 38767 19900 24200 17400 
2 0 11300 21000 20100 26500 20300 26900 17400 9300 9500 15000 10700 26500 34867 14600 18400 21900 20500 34867 10200 18000 11900 34867 11600 24200 21400 18200 14400 14600 34867 10200 34867 20900 8400 33100 26000 22800 20900 34867 24600 33767 24400 2100 21600 22000 24600 9300 11700 34867 28000 12700 14600 26000 18200 20500 25400 9800 14500 23200 21000 15300 22000 24100 18600 22800 14600 24800 15000 19200 33000 26900 7500 20500 24100 10500 11400 34867 20100 13300 14200 17200 14300 20900 5700 19500 18400 9400 28700 12400 8100 14900 16600 19600 21100 12900 22400 4400 34867 21400 20000 13200 
3 12787 34667 32767 33567 36167 34967 33167 36167 36167 33467 33567 33167 34667 36167 36167 33067 32867 36167 3400 34767 36167 36067 36167 34067 36167 33167 36167 34067 34667 36167 35467 36167 36167 33167 36167 36167 35167 36167 36167 35267 33767 36167 33267 36167 36167 34767 34567 34167 36167 36167 35167 36167 34067 36167 32867 36167 34367 33467 36167 36167 35567 34467 33667 36167 33967 34267 36167 36167 35367 36167 36167 32867 36167 36167 34167 34067 36167 34567 33667 32767 36067 32867 35667 34967 33467 35167 32967 34367 34367 32767 35267 33567 35867 36167 33167 36167 34567 36167 36167 36167 34067 
4 1687 18800 16600 23300 33667 26400 33167 33400 22800 19500 12700 19300 28800 33667 30000 25900 23600 28300 33667 23800 5700 20200 33667 22400 32800 17000 27100 23000 12300 33667 23700 33667 22700 19200 9400 31700 28200 32300 33667 31500 33667 33000 21600 28500 24500 23400 21100 22500 33667 33667 26300 25400 33667 26800 25900 23100 15200 15100 31800 30900 22800 19700 900 15300 10500 26400 17000 24900 14600 9300 24600 18800 33667 33667 19100 27400 33667 23000 12800 11900 28500 12000 20100 19300 18600 21200 28900 33667 15200 15600 23500 24900 20300 18800 22900 33600 19300 33667 24600 28600 18600 
5 3687 13900 12700 22900 26200 26000 25900 23800 17400 12600 12300 9100 24900 36467 25200 27400 18200 23200 35367 13600 15900 19800 37167 14700 22600 13100 21300 12800 14900 37167 20700 37167 12500 11500 19600 24000 21200 24600 37167 28000 33767 22800 12700 25000 21300 19800 19900 14800 37167 31100 16100 17700 29700 16600 18900 25700 5000 9700 21600 21600 24300 17300 9300 22100 20700 25200 25400 14700 4400 19500 24200 12600 23900 27200 8900 17800 37167 15300 11300 11500 22100 11600 9900 9100 19900 20800 19800 32100 14800 17100 13300 19800 10100 18400 16000 29700 15000 37167 24200 18400 11600 
6 6363 12800 12700 14300 29500 17400 27400 27100 13800 10000 3700 12400 21000 34767 21000 19900 14600 21000 34767 16900 9100 11200 34767 12100 25900 13100 18100 16100 6300 34767 16600 34767 20300 8900 24200 20900 23400 21500 34767 22500 33767 26100 13200 19500 18500 16200 12100 12200 34767 28500 19400 15100 26600 19900 21100 17100 8300 6100 23600 23700 16800 13700 15700 22100 13900 17400 21300 15500 17400 24100 15600 8000 26700 24600 12200 21100 34767 12200 2000 2900 17700 3000 17700 12400 12600 12200 20500 26600 6200 9600 16600 15900 11700 9800 13400 25200 13300 34767 15600 21700 14900 
7 0 34667 32767 33567 41067 34967 33167 37467 39467 33467 33567 33167 34667 36467 39867 33067 32867 36667 35367 34767 36367 36067 41167 34067 38467 33167 36367 34067 34667 41167 35467 41167 38267 33167 41167 39667 35167 36567 41167 35267 33767 41167 33267 38767 36967 34767 34567 34167 41167 40867 35167 37067 34067 39867 32867 41167 34367 33467 36467 38667 35567 34467 33667 36267 33967 34267 39667 37667 35367 41167 38267 32867 38267 36967 34167 34067 41167 34567 33667 32767 36067 32867 35667 34967 33467 35167 32967 34367 34367 32767 35267 33567 35867 36167 33167 36867 34567 8400 40567 37167 34067 
8 0 24700 24700 21600 33600 18500 32100 26100 25700 25900 26300 19900 24700 36467 31000 21000 32200 33200 35367 14400 31700 26300 40667 28000 33400 25100 34600 16200 28900 40667 26600 40667 24500 24800 40667 38000 32000 36567 40667 33800 33767 26200 18500 30800 32100 27700 25700 28100 40667 34500 7900 31000 34067 27400 29700 37700 19000 23700 32400 16200 23500 27400 33300 34100 33967 31000 37800 28700 21600 40667 38200 23900 20000 22200 19700 27800 40667 29300 25300 25500 32900 25600 16100 14900 30700 34800 25800 34367 28800 24500 20700 22300 22100 32400 29300 27600 20800 40667 35900 25800 22400 
9 0 19700 9700 24800 35367 27400 33167 31300 19300 21000 14200 19000 21200 35367 31500 26800 20100 11800 35367 23500 16600 21700 35367 23900 32500 9300 23600 22700 10000 35367 27100 35367 20900 20700 31700 33200 31100 33800 35367 33000 33767 32700 22500 30000 22200 6300 22600 24000 35367 35367 22100 26900 34067 26500 28800 16600 14900 11600 29100 13800 23700 2600 23200 19100 21400 27900 23100 24600 18000 31600 26100 20300 33800 35367 18800 27700 35367 24500 14300 13400 30000 13500 18300 19000 16300 22700 29700 34367 16700 16500 23200 26400 18500 20300 24400 26700 20200 35367 26100 28300 21500 
10 0 14800 21600 23300 18700 20200 29000 20500 20800 16700 16400 5000 26400 34067 26100 22700 22300 24100 34067 14500 21800 11400 34067 18800 23500 22000 24700 1300 19000 34067 21700 34067 15200 15600 33700 28100 22100 28700 34067 28900 33767 8700 13600 25900 22200 23900 20800 18900 34067 33400 9600 21800 33800 12500 19800 29800 9100 13800 17500 13100 25200 21400 23400 26200 26600 26100 27900 18800 18500 33600 28300 16700 19100 23900 9800 17200 34067 19400 15400 15600 23000 15700 13000 10000 20800 24900 19200 33000 18900 18000 5800 8300 18900 22500 20100 29300 15900 34067 28300 10900 12500 
11 0 21000 22700 22800 33300 25900 29200 24200 23800 11800 13700 16200 29500 34567 25900 27600 9600 22800 34567 20700 19100 21200 34567 7500 29700 23100 13300 19900 16300 34567 16100 34567 24100 10700 34200 6900 27200 7500 34567 32500 33767 29900 17000 29500 20500 26200 19100 10200 34567 23900 23200 13100 12600 23700 24900 27100 12100 16100 18800 27700 24500 23700 25700 24500 23900 16800 23300 17300 21200 34100 25600 11800 31000 20000 16000 20800 34567 1800 12000 12900 21500 13000 21500 16200 18000 20700 22800 34367 14700 19600 20400 25900 15500 19800 15200 24600 19300 34567 24100 25500 18700 
12 13010 24500 24500 21400 33400 18300 31900 25900 25500 23400 26100 19700 24500 36467 30800 20800 27800 33000 35367 14200 31500 26100 39367 19100 33200 24900 31300 16000 28700 39367 26400 39367 24300 22300 39367 33500 31800 34100 39367 33600 33767 26000 18300 30600 31900 27500 25500 21800 39367 18900 7700 24700 34067 27200 29500 37500 18800 23500 18600 16000 19500 27200 33100 33900 33967 30800 34900 28500 21400 39367 38000 23400 19800 6600 19500 27600 39367 28400 25100 25300 32700 25400 15900 14700 29600 32300 25600 34367 26300 24300 20500 22100 21900 32200 26800 27400 20600 39367 35700 25600 22200 
13 13619 9500 21400 16400 32400 19500 21400 23300 15200 4000 12400 15700 23100 36467 20500 22000 17800 15000 35367 16100 17800 17800 36767 8300 28200 21800 14100 19400 15000 36767 14300 36767 25900 5100 32900 22700 21600 23300 36767 30500 33767 29400 8000 27500 18700 24500 14200 8400 36767 24700 18600 11300 28400 23200 19300 25800 11600 14800 24400 22100 19900 22400 24400 22700 22600 19500 21500 11700 21000 32800 24300 6200 26400 20800 14500 17300 36767 17600 12000 11600 15900 11700 17800 11600 16200 14300 15300 34367 8300 12700 19900 22500 21400 18500 8800 27300 10300 36767 17700 25000 17200 
14 6551 15200 20900 12700 30400 15800 29500 21300 13200 12100 11900 14600 19400 34667 10800 18300 22800 23100 34667 14100 17300 15800 34667 15000 28100 21300 20800 18300 14500 34667 6400 34667 24800 11800 32400 27900 26700 13500 34667 18700 33767 28300 6000 15700 25400 24400 1900 15100 34667 31400 16600 18000 18600 22100 24400 25300 13700 14300 27100 24900 19200 21900 23900 14800 22100 7200 26900 18400 23100 32300 23800 11400 24400 27500 14400 15300 34667 22200 12000 11100 21100 11200 24800 9600 20800 13800 13300 22800 7800 12000 18800 20500 21700 18000 15500 15000 8300 34667 14000 23900 17100 
15 7483 10200 20800 22400 17500 23000 29500 17600 16200 12100 11800 400 27700 33167 21500 23700 17700 19500 33167 9900 17200 14200 33167 14200 18900 21200 20800 4100 14400 33167 17100 33167 10600 11000 29100 23500 17500 24100 33167 24300 33167 14100 9000 21300 17600 19300 16200 14300 33167 28800 12400 17200 29200 7100 15200 25200 4500 9200 12900 15900 20600 16800 18800 21600 22000 21500 23300 14200 13900 29000 23700 12100 20200 24900 5200 14100 33167 14800 10800 11000 18400 11100 15800 5400 16200 20300 16100 28400 14300 13400 4600 11100 14300 17900 15500 29300 11300 33167 23700 9700 7900 
16 0 33767 32767 33567 33767 33767 33167 33767 33767 33467 33567 33167 33767 33767 33767 33067 32867 33767 33767 33767 33767 33767 33767 33767 33767 33167 33767 33767 33767 33767 33767 33767 33767 33167 33767 33767 33767 33767 33767 33767 1000 33767 33267 33767 33767 33767 33767 33767 33767 33767 33767 33767 33767 33767 32867 33767 33767 33467 33767 33767 33767 33767 33667 33767 33767 33767 33767 33767 33767 33767 33767 32867 33767 33767 33767 33767 33767 33767 33667 32767 33767 32867 33767 33767 33467 33767 32967 33767 33767 32767 33767 33567 33767 33767 33167 33767 33767 33767 33767 33767 33767 
17 0 7300 17900 19500 19600 20100 26600 17200 13300 9200 8900 2500 26200 34367 18600 20800 14800 16600 34367 7000 14300 15900 34367 11300 16000 18300 17900 6200 11500 34367 14200 34367 12700 8100 26200 20600 14600 21200 34367 21400 33767 16200 6100 18400 14700 16400 13300 11400 34367 27700 9500 14300 26300 10000 12300 22300 1600 6300 15000 17800 17700 13900 15900 18700 19100 18600 20400 11300 11000 26100 20800 9200 17300 23800 2300 11200 34367 11900 7900 8100 15500 8200 16500 2500 13300 17400 13200 25500 11400 10500 6700 13200 11400 15000 12600 26400 8400 34367 20800 11800 5000 
18 0 12400 12300 13900 25200 17000 27500 22800 8400 10100 3300 8100 20600 33467 20600 19500 9200 16300 33467 12600 8700 10800 33467 13000 21600 12700 12700 11800 5900 33467 16200 33467 18300 9800 23800 22300 20200 22900 33467 22100 33467 21800 11700 19100 18100 10800 11700 13100 33467 29400 15100 16000 28000 15600 17900 16700 4000 700 18200 18300 16400 8300 15300 21700 13500 17000 20900 13700 13400 23700 15200 9400 22900 25500 7900 16800 33467 13600 3400 2500 19100 2600 18900 8100 12200 11800 18800 26200 5800 9200 12300 15500 13100 9400 13500 24800 12900 33467 15200 17400 10600 
19 12045 21100 14800 20000 35300 23100 9800 21400 22200 7600 16000 19300 26700 36467 26700 25600 21400 18600 35367 20900 21400 23500 38967 11900 32800 15200 17700 17900 18600 38967 17900 38967 14600 8700 35700 26300 25200 26900 38967 34600 33767 27900 15000 31600 22300 22200 17800 12000 38967 28300 14400 14900 32000 26800 22900 27800 15200 18400 28000 17900 28100 21900 25400 24200 26200 23100 25100 15300 11700 35600 27900 9800 26500 24400 19100 24300 38967 21200 15600 15200 19500 15300 6200 18600 19800 17900 22300 34367 11900 21000 22400 24900 12200 22100 12400 30900 17300 38967 21300 27500 21800 
20 10232 16500 19000 14000 29600 17100 20400 22600 15400 3000 10000 12500 20700 34067 17100 19600 15400 14000 34067 16300 15400 17500 34067 1300 26000 19400 11700 16200 12600 34067 7300 34067 22700 1900 30500 15700 18400 16300 34067 28600 33767 26200 8200 25600 11700 22500 11800 1400 34067 17700 18800 4300 21400 20000 16100 19300 8400 12400 17400 18900 18300 20000 22000 15700 20200 17100 14500 8500 17800 30400 21900 3000 26600 13800 12300 17500 34067 10600 8800 9200 12700 9300 16800 11800 9200 11900 15500 32700 5900 14200 16700 22200 18200 16100 6400 24900 10500 34067 15300 21800 15000 
21 13829 25000 8900 20300 40867 17200 33167 26300 29600 26300 19500 29300 16200 36467 30100 19700 30400 21800 35367 32200 21900 27000 40867 29200 38467 9300 33900 29200 15300 40867 25700 40867 20100 26000 34900 38500 33500 25200 40867 35267 33767 39200 27800 35000 27500 16300 21200 29300 40867 39000 25700 32200 30300 36800 31200 21900 25200 21900 34200 23800 22200 16000 24600 18300 26700 18900 22300 32600 17200 34800 31400 25600 26700 35100 26600 32300 40867 29800 19600 18700 34400 18800 17500 29300 21600 28000 32967 34367 22000 21800 33500 31700 17700 25600 29700 8100 25500 40867 31400 37167 23900 
22 0 34667 32767 33567 41067 34967 33167 37467 39467 33467 33567 33167 34667 36467 39867 33067 32867 36667 35367 34767 36367 36067 65534 34067 38467 33167 36367 34067 34667 65534 35467 65534 38267 33167 42167 39667 35167 36567 65534 35267 33767 41467 33267 38767 36967 34767 34567 34167 65534 40867 35167 37067 34067 39867 32867 41467 34367 33467 36467 38667 35567 34467 33667 36267 33967 34267 39667 37667 35367 42067 38267 32867 38267 36967 34167 34067 65534 34567 33667 32767 36067 32867 35667 34967 33467 35167 32967 34367 34367 32767 35267 33567 35867 36167 33167 36867 34567 41167 40567 37167 34067 
23 930 18800 5400 22700 34000 23100 30000 27000 17200 18500 12100 16900 16900 34467 29400 25600 16600 7500 34467 21400 15700 19600 34467 21800 30400 5000 20100 20600 9100 34467 23200 34467 16600 18600 30800 31100 29000 31700 34467 30900 33767 30600 20500 27900 18600 2000 20500 21900 34467 34467 17800 24800 34067 24400 26700 15700 12800 8100 25600 9500 22800 1700 21100 14800 20500 25800 18800 22500 13700 30700 24000 18200 29900 32100 16700 25600 34467 22400 12200 11300 27900 11400 14000 16900 15400 20600 27600 34367 14600 15600 21100 24300 14200 18200 22300 22400 19300 34467 24000 26200 19400 
24 0 34667 32767 33567 39567 34967 33167 37467 39467 33467 33567 33167 34667 36467 39567 33067 32867 36667 35367 34767 36367 36067 39567 34067 38467 33167 36367 34067 34667 39567 35467 39567 38267 33167 39567 39567 35167 36567 39567 35267 6800 39567 33267 38767 36967 34767 34567 34167 39567 39567 35167 37067 34067 39567 32867 39567 34367 33467 36467 38667 35567 34467 33667 36267 33967 34267 39567 37667 35367 39567 38267 32867 38267 36967 34167 34067 39567 34567 33667 32767 36067 32867 35667 34967 33467 35167 32967 34367 34367 32767 35267 33567 35867 36167 33167 36867 34567 39567 39567 37167 34067 
25 0 14500 16600 13100 28700 16200 19500 20600 12500 2100 7600 11600 19800 32867 17800 18700 14500 13100 32867 13400 13000 15100 32867 4200 25100 17000 10800 15300 10200 32867 10200 32867 21800 1000 28100 18600 15500 19200 32867 26400 32867 25300 5300 23400 14600 20100 10900 4300 32867 20600 15900 7200 24300 19100 13200 21000 7500 10000 20300 18000 18500 17600 19600 18600 17800 16200 17400 7600 16900 28000 19500 100 23700 16700 11400 14600 32867 13500 5900 6800 9800 6900 15900 8900 12100 11000 12600 30500 5000 11300 15800 19800 15600 13700 5500 24000 7600 32867 14400 20900 14100 
26 13727 21700 28500 30200 25600 27100 33167 27400 27700 23600 23300 11900 33300 36467 33000 29600 29200 31000 35367 21400 28700 18300 40967 25700 30400 28900 31600 8200 25900 40967 28600 40967 22100 22500 40600 35000 29000 35600 40967 35267 33767 18200 20500 32800 29100 30800 27700 25800 40967 40300 16500 28700 34067 19400 26700 36700 16000 20700 24400 20000 32100 28300 30300 33100 33500 33000 34800 25700 25400 40500 35200 23600 26000 30800 16700 24100 40967 26300 22300 22500 29900 22600 19900 16900 27700 31800 26100 34367 25800 24900 12700 15200 25800 29400 27000 36200 22800 40967 35200 17800 19400 
27 0 25100 11700 29000 37067 29400 33167 33300 23500 24800 18400 23200 23200 36467 35700 31900 22900 13800 35367 27700 22000 25900 37067 28100 36700 11300 26400 26900 15400 37067 29500 37067 22900 24900 37067 37067 35167 36567 37067 35267 33767 36900 26800 34200 24900 4300 26800 28200 37067 37067 24100 31100 34067 30700 32867 22000 19100 14400 31900 15800 29100 8000 27400 21100 26800 32100 25100 28800 20000 37000 30300 24500 36200 36967 23000 31900 37067 28700 18500 17600 34200 17700 20300 23200 21700 26900 32967 34367 20900 21900 27400 30600 20500 24500 28600 28700 25600 37067 30300 32500 25700 
28 0 21200 5100 13900 37467 13400 29700 17300 25800 22500 15700 25500 7200 36467 26400 15900 26300 17200 35367 28400 18100 23200 37467 25200 36500 4700 28200 25400 11500 37467 16600 37467 16300 22200 31100 34700 29700 32400 37467 34500 33767 35400 24000 31500 23700 11700 21100 25300 37467 35200 21900 28200 34067 33000 27400 18100 21400 17800 30400 19200 18400 11400 20800 8200 22900 26100 18500 28800 13400 31000 27600 21800 22900 31300 22800 23300 37467 26000 15800 14900 30600 15000 13700 25500 17800 24200 25300 34367 18200 18000 29700 27900 13900 21800 25900 15300 21700 37467 27600 34500 20100 
29 4645 16800 16700 11700 34600 14800 25300 27500 17800 7900 7700 17500 18400 35167 18400 17300 18600 18900 35167 22000 13100 15200 35167 10800 31000 17100 16600 21200 10300 35167 14000 35167 26100 7600 28200 25200 24100 21100 35167 26300 33767 31200 13900 23300 21200 20200 9500 10900 35167 27200 24500 13800 26200 25000 21800 21100 13400 10100 26900 24600 19800 17700 19700 22400 17900 14800 24000 14200 22800 28100 19600 8700 24300 23300 17300 23200 35167 18000 7800 6900 18400 7000 21700 17500 16600 2400 21200 30400 3600 13600 21700 19900 17500 13800 11300 22600 16200 35167 13000 26800 20000 
30 7229 14900 22200 26200 31100 29300 32600 22000 25500 15200 20700 14700 32100 32867 30800 28400 27000 24200 32867 19200 26100 28100 32867 17300 23600 22600 23500 18400 23300 32867 23300 32867 24900 14100 32867 31700 2400 32300 32867 32867 32867 28400 18300 30600 22300 28600 24000 17400 32867 32867 21700 20300 32867 22200 100 31000 13800 18500 27200 30000 25300 26100 24900 20900 30900 29300 22600 20700 23200 32867 32600 13200 29500 29800 9900 16000 32867 24100 19000 19900 3300 20000 28700 14700 20900 24100 18000 32867 18100 18100 18900 25400 23600 26800 18600 32867 20600 32867 27500 24000 7200 
31 12613 34667 32767 33567 41067 34967 33167 37467 39467 33467 33567 33167 34667 36467 39867 33067 32867 36667 35367 34767 36367 36067 65534 34067 38467 33167 36367 34067 34667 65534 35467 65534 38267 33167 42167 39667 35167 36567 65534 35267 33767 41467 33267 38767 36967 34767 34567 34167 65534 40867 35167 37067 34067 39867 32867 41467 34367 33467 36467 38667 35567 34467 33667 36267 33967 34267 39667 37667 35367 42067 38267 32867 38267 36967 34167 34067 65534 34567 33667 32767 36067 32867 35667 34967 33467 35167 32967 34367 34367 32767 35267 33567 35867 36167 33167 36867 34567 41167 40567 37167 34067 
32 10467 28600 21100 16300 36867 13200 33167 22300 31600 27400 27200 33000 12200 36467 26100 15700 32867 34000 35367 30300 32600 34200 36867 30300 36867 21500 33200 32100 27500 36867 21700 36867 32300 27100 36867 35600 35167 21200 36867 34000 33767 36867 24400 31000 36867 28500 17200 30400 36867 35000 23800 33300 26300 36867 32867 34100 32100 29600 34700 32100 18200 28200 33667 27600 33967 14900 34500 33700 29400 36867 36867 28200 22700 31100 32800 28300 36867 30500 27300 26400 36067 26500 29700 28000 33467 29100 30300 34367 23100 25400 35267 33500 29900 33300 30800 4100 26700 36867 29300 36867 34067 
33 13828 12300 21400 23000 30800 21300 33167 20200 20300 19200 12400 17100 27500 36067 25600 19400 23300 30200 35367 15900 17800 3300 36067 22100 31000 21800 26100 13400 15000 36067 21200 36067 27300 18900 32900 31400 29600 31900 36067 31200 33767 23400 13100 28200 27200 24900 20300 22200 36067 33100 21700 25100 34067 24600 27300 25800 18100 14800 29600 25200 16300 22400 24400 29600 22600 25600 30000 25500 27500 32800 24300 18500 18800 29200 17300 18600 36067 22700 12500 11600 28200 11700 25100 16700 21300 20900 16600 34367 14900 9100 17900 8000 22200 18500 22600 30400 12800 36067 24300 23000 20000 
34 0 9900 9800 11400 27700 14500 25000 25200 10900 7600 800 10600 18100 32767 18100 17000 11700 18600 32767 15100 6200 8300 32767 10500 24100 10200 15200 14300 3400 32767 13700 32767 19200 7300 21300 19800 22300 20400 32767 19600 32767 24300 12100 16600 15600 13300 9200 10600 32767 26900 17600 13500 25500 18100 20000 14200 6500 3200 20700 20800 13900 10800 12800 19200 11000 14500 18400 13900 15900 21200 12700 6900 23800 23000 10400 19300 32767 11100 900 0 16600 100 16600 10600 9700 9300 19400 23700 3300 6700 14800 13000 10600 6900 11000 22300 10400 32767 12700 19900 13100 
35 0 19400 22400 7100 32300 4000 30800 20100 24400 19500 19300 18600 10200 36467 26800 6500 30200 30500 35367 13100 24700 21000 36767 22400 32100 22100 28200 14900 21900 36767 22400 36767 23200 19200 36767 36700 30700 29500 36767 32500 33767 24900 17200 29500 30800 26400 17900 22500 36767 25800 6600 25400 34067 26100 28400 32700 17700 21700 25500 14900 9000 26100 31300 25600 29500 23200 35600 25800 20300 36767 31200 20300 5500 20900 18400 26100 36767 28000 19400 18500 30000 18600 14800 13600 28200 21200 24500 34367 15200 16200 19400 16300 20800 25400 22900 13100 19500 36767 21400 24500 21100 
36 10586 3200 12900 15300 30100 12200 30800 21300 12200 13400 7500 13000 18400 32767 18500 10300 18400 22500 32767 14100 9900 12400 32767 15500 21900 13300 21900 16700 6500 32767 14100 32767 23200 12300 25000 26500 20500 24800 32767 26300 32767 26700 6000 23300 18700 17600 13200 15600 32767 24000 16600 18500 29900 20500 18200 17300 12100 9900 23700 24900 7200 13900 16500 22300 14700 18500 21500 18900 21200 24900 19400 11400 21700 20100 8200 15300 32767 17800 7600 6700 21100 6800 21500 9600 12800 16000 13300 30400 10000 0 17200 17100 17300 13600 16800 21300 3700 32767 19400 22300 10900 
37 0 8700 18400 18500 24900 17700 25300 15800 6700 7900 13000 9100 23900 33267 13000 15800 20300 18900 33267 8600 15400 10300 33267 10000 22600 18800 16600 12800 12000 33267 8600 33267 19300 6800 30500 24400 21200 19300 33267 23000 33267 22800 500 20000 20400 23000 7700 10100 33267 26400 11100 13000 24400 16600 18900 22800 8200 12900 21600 19400 12700 19400 22000 17000 20200 13000 23200 13400 17600 30400 24900 5900 18900 22500 8900 9800 33267 18500 11700 12200 15600 12300 19300 4100 17900 16800 7800 27100 10800 5500 13300 15000 18000 19100 11300 20800 1800 33267 19800 18400 11600 
38 13663 22200 6100 12800 37300 12300 30700 16200 26800 23500 16700 26500 6100 36467 32500 14800 27600 19000 35367 27900 19100 24200 38867 26400 36400 6500 27100 26400 12500 38867 23900 38867 17300 23200 32100 35700 30700 31300 38867 35267 33767 36400 25000 32500 24700 13500 23600 26500 38867 34100 22900 29400 34067 34000 28400 19100 22400 19100 31400 21000 17300 13200 21800 15500 23900 25000 19500 29800 14400 32000 28600 22800 21800 30200 23800 22200 38867 27000 16800 15900 31600 16000 14700 26500 18800 25200 24200 34367 19200 19000 30700 28400 14900 22800 26900 14200 22700 38867 27100 33400 21100 
39 0 18600 29200 29600 8300 28000 33167 12800 23300 20500 20200 8800 22900 36467 28600 30500 18000 27900 35367 18300 25600 19200 37167 22600 21000 29600 14300 9100 22800 37167 24200 37167 19000 19400 37167 31900 25200 32500 37167 32700 33767 19100 16100 29700 26000 27700 23300 22700 37167 37167 17400 25600 34067 16300 22900 33600 12900 17600 21300 20900 29000 25200 27200 29300 30400 28600 31000 22600 22300 37167 32100 20500 26900 31700 13600 6800 37167 23200 19200 19400 26100 19500 20800 13800 24600 28700 8800 34367 22700 21800 4600 16100 22700 26300 19600 31000 18400 37167 32100 4400 15600 
40 8489 24000 31300 28700 38567 31800 33167 31100 28100 17700 23200 23800 34667 36467 33400 33067 30100 28700 35367 28300 28600 30700 38567 19800 32700 31700 26400 27500 25800 38567 25800 38567 34000 16600 38567 34200 11500 34800 38567 35267 33767 37500 20900 38567 30200 34767 26500 19900 38567 36200 30800 22800 34067 31300 9200 36600 22900 25600 35900 33600 34100 33200 33667 30000 33400 31800 31700 23200 32300 38567 35100 15700 38267 32300 19000 25100 38567 29100 21500 22400 5800 22500 31500 23800 27700 26600 27100 34367 20600 26900 28000 33567 31200 29300 21100 36867 23200 38567 30000 33100 16300 
41 8772 34667 32767 33567 41067 34967 33167 37467 39467 33467 33567 33167 34667 36467 39867 33067 32867 36667 35367 34767 36367 36067 65534 34067 38467 33167 36367 34067 34667 65534 35467 65534 38267 33167 42167 39667 35167 36567 65534 35267 33767 41467 33267 38767 36967 34767 34567 34167 65534 40867 35167 37067 34067 39867 32867 41467 34367 33467 36467 38667 35567 34467 33667 36267 33967 34267 39667 37667 35367 42067 38267 32867 38267 36967 34167 34067 65534 34567 33667 32767 36067 32867 35667 34967 33467 35167 32967 34367 34367 32767 35267 33567 35867 36167 33167 36867 34567 41167 40567 37167 34067 
42 0 19200 14400 16100 23300 13000 21800 20600 20200 19600 20800 9600 19200 35167 25500 15500 26700 22900 35167 8900 26200 16000 35167 22500 27900 14800 29100 5900 20800 35167 21100 35167 14200 19300 35167 32500 26500 31800 35167 28300 33767 15900 13000 25300 26600 17400 20200 22600 35167 29000 2400 25500 34067 17100 24200 27400 13500 18200 22100 5900 18000 17100 25000 23800 31000 25500 27800 23200 11300 35167 32700 18400 14500 16700 14200 21800 35167 23800 19800 20000 27400 20100 5800 9400 25200 29300 20300 32400 23300 19000 10400 12900 11800 26900 23800 22100 15300 35167 30400 15500 16900 
43 0 20700 23200 24800 32600 27900 33167 22000 22100 21000 14200 18900 31500 36467 27400 27800 25100 32000 35367 17700 19600 5100 37867 23900 34600 23600 27900 15200 16800 37867 23000 37867 29100 20700 34700 33200 35167 33700 37867 33000 33767 25200 14900 30000 29000 26700 22100 24000 37867 37867 23500 26900 34067 26400 32867 27600 19900 16600 31400 27000 24700 24200 26200 31400 24400 27400 31800 27300 29300 34600 26100 20300 20600 36400 23300 20400 37867 24500 14300 13400 30000 13500 26900 18500 23100 22700 18400 34367 16700 17500 19700 9800 24000 20300 24400 35200 17200 37867 26100 24800 26000 
44 0 34667 32767 33567 41067 34967 33167 37467 39467 33467 33567 33167 34667 36467 39867 33067 32867 36667 35367 34767 36367 36067 65534 34067 38467 33167 36367 34067 34667 65534 35467 65534 38267 33167 42167 39667 35167 36567 65534 35267 33767 41467 33267 38767 36967 34767 34567 34167 65534 40867 35167 37067 34067 39867 32867 41467 34367 33467 36467 38667 35567 34467 33667 36267 33967 34267 39667 37667 35367 42067 38267 32867 38267 36967 34167 34067 65534 34567 33667 32767 36067 32867 35667 34967 33467 35167 32967 34367 34367 32767 35267 33567 35867 36167 33167 36867 34567 41167 40567 37167 34067 
45 0 18700 21200 16200 27500 19300 22600 15800 18400 5200 12200 15500 22900 33167 22900 21800 8600 16200 33167 19300 17600 19700 33167 8100 26600 21600 4900 19200 14800 33167 14100 33167 25700 4900 32700 22500 21400 23100 33167 30800 33167 29200 11200 27800 18500 24700 14000 8200 33167 24500 21800 11100 28200 23000 19100 25600 11400 14600 17600 21900 24300 22200 24200 22500 22400 19300 21300 11500 20800 32600 24100 6000 28800 20600 15300 12400 33167 17400 11800 11400 15700 11500 19000 14800 16000 14100 14400 33167 8100 17200 19700 24400 21200 18300 400 27100 13500 33167 17500 23600 18000 
46 12873 16000 15900 17500 32900 20600 31100 23800 15700 13700 6900 16700 24200 36467 21000 23100 17800 24700 35367 16600 12300 14400 38867 16600 30200 16300 21300 20400 9500 38867 16600 38867 25300 13400 27400 25900 28400 26500 38867 25700 33767 30400 8500 22700 21700 19400 15300 16700 38867 33000 19100 19600 31600 24200 26100 20300 12600 9300 26800 26900 20000 16900 18900 25000 17100 20600 24500 20000 22000 27300 18800 13000 26900 29100 16500 17800 38867 17200 7000 6100 22700 6200 22700 12100 15800 15400 15800 29800 9400 12800 20900 19100 16700 13000 17100 28400 10800 38867 18800 26000 19200 
47 7859 16200 6500 25400 32400 24900 31100 23300 26800 22700 17100 16000 18700 36467 23400 27400 28000 19400 35367 20500 15800 24600 37967 22200 24900 6900 24800 19700 12900 37967 13600 37967 17700 21600 19500 34100 18100 29700 37967 34900 33767 29700 19600 31900 18100 13900 18100 20000 37967 37967 23000 25200 34067 23500 15800 19500 15100 19500 28500 21400 26600 13600 9200 5200 20600 23400 6900 24800 14800 19400 29000 22700 30800 34700 11200 17300 37967 25400 17200 16300 19000 16400 15100 16000 15600 25600 19300 34367 19600 19400 20200 26700 15300 23200 26100 23500 21900 37967 29000 25300 8500 
48 0 14800 14700 6500 32600 9600 23300 23300 15800 5900 5700 15500 13200 34367 13200 12100 16600 16900 34367 19600 11100 13200 34367 8800 29000 15100 14600 19200 8300 34367 8800 34367 24100 5600 26200 23200 22100 15900 34367 21100 33767 29200 11500 18100 19200 18200 4300 8900 34367 25200 20200 11800 21000 23000 19800 19100 11400 8100 24900 22600 14600 15700 17700 17200 15900 9600 22000 12200 20800 26100 17600 6700 19100 21300 15300 20800 34367 16000 5800 4900 16400 5000 19700 15100 14600 7600 18800 25200 1600 11600 19700 17900 15500 11800 9300 17400 13800 34367 7800 24800 18000 
49 0 17700 14400 21500 34467 24600 27900 27600 22300 10500 12200 17500 26600 34467 24600 24800 22900 11400 34467 22000 14600 19700 34467 8800 26400 14800 19200 21200 8000 34467 14800 34467 25600 9400 29700 23200 25000 23800 34467 31000 33767 31200 15700 28000 4200 19100 19300 6100 34467 25200 24500 11800 28900 25000 22700 11800 15900 14600 24900 26400 21700 15400 21200 19100 19400 24600 7000 16000 22700 29600 24100 10500 32300 21300 12700 21600 34467 18100 12300 11400 20200 11500 23000 17500 1700 19400 23000 34367 13400 14500 21700 24400 22000 18300 13900 31400 18000 34467 22800 26800 15400 
50 12128 19100 28600 16800 36967 13700 30000 30000 25000 12600 19600 20300 19900 36467 26700 11800 17000 23600 35367 25000 25000 27100 36967 8300 35600 29000 20500 24000 22200 36967 16900 36967 21900 11500 36967 22700 28000 23300 36967 35267 33767 34000 17800 35200 21300 32100 21400 11000 36967 8100 18500 13900 28400 27800 25700 28900 18000 22000 7800 26800 8700 29600 31600 25300 29800 26700 24100 18100 27400 36967 31500 12600 23200 4200 21900 27100 36967 17600 18400 18800 22300 18900 26400 21400 18800 21500 25100 34367 15500 15900 24500 31000 27800 25700 16000 22800 19600 36967 24900 29600 24600 
51 12111 34667 32767 33567 41067 34967 33167 37467 39467 33467 33567 33167 34667 36467 39867 33067 32867 36667 35367 34767 36367 36067 65534 34067 38467 33167 36367 34067 34667 65534 35467 65534 38267 33167 42167 39667 35167 36567 65534 35267 33767 41467 33267 38767 36967 34767 34567 34167 65534 40867 35167 37067 34067 39867 32867 41467 34367 33467 36467 38667 35567 34467 33667 36267 33967 34267 39667 37667 35367 42067 38267 32867 38267 36967 34167 34067 65534 34567 33667 32767 36067 32867 35667 34967 33467 35167 32967 34367 34367 32767 35267 33567 35867 36167 33167 36867 34567 41167 40567 37167 34067 
52 0 11800 24500 28600 28700 27200 33167 21700 22400 18300 18000 11600 31800 36467 27700 25300 23900 21100 35367 16100 23400 25000 39567 20400 6900 24900 23200 15300 20600 39567 23300 39567 21800 17200 35300 29700 19100 30300 39567 30500 33767 25300 15200 27500 19200 25500 22400 20500 39567 36800 18600 23400 34067 19100 16800 27900 10700 15400 24100 26900 22200 23000 25000 23200 28200 27700 24900 20400 20100 35200 29900 18300 26400 32900 6800 15700 39567 21000 17000 17200 20000 17300 25600 11600 17800 26500 17700 34367 20500 15000 15800 22300 20500 24100 21700 35500 17500 39567 29900 20900 9500 
53 0 19500 22000 23600 23600 21100 33167 13000 20900 19800 13000 9900 23100 33567 26200 23600 23900 29000 33567 8700 18400 3900 33567 22700 28400 22400 23900 6200 15600 33567 21800 33567 20100 19500 33500 32000 27000 32500 33567 31800 33567 16200 13700 28800 27100 25500 20900 22800 33567 33567 14500 25700 33567 17400 24700 26400 14000 15400 22400 18000 23500 23000 25000 30200 23200 26200 30600 23700 23400 33400 24900 19100 11600 28800 14700 19000 33567 23300 13100 12200 27900 12300 17900 13200 21900 21500 17200 33567 15500 16300 10700 800 22800 19100 23200 30200 16000 33567 24900 15800 17400 
54 0 20900 5700 24600 32000 21700 18900 18100 24400 16700 14500 15700 17900 35367 31800 24200 25200 18600 35367 17600 18700 22000 35367 21000 29600 6100 26800 14600 12100 35367 23500 35367 5500 17800 26600 25500 28200 26100 35367 33300 33767 24600 19700 30300 24300 13100 22900 21100 35367 35367 11100 24000 31200 23200 25900 18700 12000 16700 19600 14600 25800 12800 16300 15100 23500 28200 19100 21700 2600 26500 26400 18800 23200 25400 15900 24100 35367 16800 12800 13700 28500 13800 2900 16100 18400 23000 26100 34367 17000 18600 19100 21600 3100 20600 21500 22700 22000 35367 26400 24200 18600 
55 11199 19000 14800 6700 33800 3600 33167 12700 28000 19100 18900 26200 2600 35367 26400 6100 27300 27000 35367 20700 24300 26400 35367 22000 32900 14500 23600 22500 21200 35367 22000 35367 26000 18800 35367 35367 35167 22600 35367 34300 33767 32500 21800 31300 32400 21500 17500 22100 35367 25400 14200 25000 27700 33700 32867 27800 24600 21300 25100 22500 8600 21200 30500 18000 29100 16300 28200 25400 23100 35367 30800 19900 13100 21500 24000 18700 35367 29200 19000 18100 29600 18200 22400 21200 27500 20800 20700 34367 14800 15800 27000 23900 23600 25000 22500 5500 19500 35367 21000 29900 26700 
56 0 18700 15500 25100 26000 24600 22900 8300 24700 20600 20300 8900 18400 36467 30000 27100 22900 28000 35367 18400 25700 22700 39667 22700 27400 15900 19200 12600 21900 39667 25600 39667 15300 19500 36400 32000 26000 32600 39667 32800 33767 22600 17500 29800 26100 22900 24700 22800 39667 37300 15100 25700 34067 16400 23700 28500 13000 17700 21400 18600 29100 22600 26100 24900 30500 30000 28900 22700 12400 36300 32200 20600 22900 29400 13700 14300 39667 23300 19300 19500 26900 19600 6900 13900 24700 28800 16300 34367 22800 21900 13100 19600 12900 26400 24000 26500 19800 39667 32200 18200 16400 
57 6028 31200 31900 30100 34367 33200 33167 34367 32200 29500 21300 26400 34367 34367 28200 33067 32867 34367 34367 25900 28300 30400 34367 32400 34367 32300 34367 30100 25500 34367 23800 34367 34367 29200 34367 34367 34367 30900 34367 2500 33767 34367 25000 17500 34367 34367 19300 32500 34367 34367 28400 34367 34067 33900 32867 34367 25500 25300 34367 34367 34367 32900 33667 32200 33100 24600 34367 34367 34367 34367 34367 29000 34367 34367 26200 34067 34367 33200 23000 22100 34367 22200 34367 21400 31800 31200 32300 1600 25200 28800 30600 33567 32700 27400 32900 32400 27300 34367 31400 34367 28900 
58 13797 16800 700 19600 33467 19100 25300 23000 21400 18100 11300 21100 12900 33467 28300 21600 22200 13600 33467 24000 13700 18800 33467 21000 32100 1100 25700 21000 7100 33467 18500 33467 11900 17800 26700 30300 25300 30900 33467 30100 33467 31000 19600 27100 19300 8100 19700 21100 33467 33467 17500 24000 33467 28600 23000 13700 17000 13700 26000 15600 20800 7800 16400 10100 18500 25000 14100 24400 9000 26600 23200 17400 28600 31800 18400 24500 33467 21600 11400 10500 26200 10600 9300 21100 13400 19800 26500 33467 13800 13600 25300 23500 9500 17400 21500 17700 17300 33467 23200 30400 15700 
59 0 16100 0 18900 32767 18400 24600 22300 20700 17400 10600 20400 12200 32767 27600 20900 21500 12900 32767 23300 13000 18100 32767 20300 31400 400 25000 20300 6400 32767 17800 32767 11200 17100 26000 29600 24600 30200 32767 29400 32767 30300 18900 26400 18600 7400 19000 20400 32767 32767 16800 23300 32767 27900 22300 13000 16300 13000 25300 14900 20100 7100 15700 9400 17800 24300 13400 23700 8300 25900 22500 16700 27900 31100 17700 23800 32767 20900 10700 9800 25500 9900 8600 20400 12700 19100 25800 32767 13100 12900 24600 22800 8800 16700 20800 17000 16600 32767 22500 29700 15000 
60 13832 13200 20600 5300 33067 2200 33067 18500 22200 17700 17500 23000 8400 33067 25000 300 28400 28700 33067 19300 19900 22400 33067 19800 31900 20300 26400 21100 16500 33067 20600 33067 29400 17400 33067 33067 30500 27700 33067 32900 33067 31100 16000 29900 28700 27300 16100 20700 33067 19600 12800 23600 32800 30500 28200 27300 22100 19900 19300 21100 2800 23900 26500 23800 24700 21400 31500 24000 26500 33067 29400 18500 11700 15700 18200 24500 33067 27800 17600 16700 28200 16800 21000 19600 22800 19400 23300 33067 13400 10000 25600 22500 27000 23600 21100 11300 13700 33067 19600 30700 20900 
61 13506 15700 25600 24600 16900 24100 32300 7800 14700 14900 20400 15500 17900 32967 20000 23800 13000 25000 32967 15600 23400 13500 32967 17000 16000 26000 9300 17700 20000 32967 15600 32967 25700 13800 32967 29500 20200 26300 32967 30000 32967 27700 7500 27000 23100 29400 14700 17100 32967 32967 18100 20000 31400 23000 17900 30800 14600 19300 22000 26400 20700 26900 28300 24000 28200 20000 26000 20400 24000 32967 32300 12900 22400 29500 10700 1800 32967 24400 18700 19600 21100 19700 23000 11100 21700 23800 200 32967 17800 13500 13200 18200 24400 26500 14600 26000 9800 32967 26800 13000 10600 
62 2656 20200 22800 14600 34267 17700 31400 26300 18200 14000 13800 19600 17400 34267 12700 20200 24700 25000 34267 19100 19200 20800 34267 16900 33100 23200 22700 23300 16400 34267 8300 34267 29800 13700 34267 22200 30200 7800 34267 20600 33767 33300 11000 17600 27300 26300 3800 17000 34267 33300 21600 19900 12900 27100 27900 27200 18700 16200 32100 29900 22700 23800 25800 16700 24000 1500 28800 20300 28100 34200 25700 14800 27200 29400 19400 20300 34267 17100 13900 13000 24500 13100 27800 14600 22700 15700 18300 24700 9700 17000 23800 25500 23600 19900 17400 9300 13300 34267 15900 28900 22100 
63 9147 34667 32767 33567 36467 34967 33167 36467 36467 33467 33567 33167 34667 3700 36467 33067 32867 36467 35367 34767 36367 36067 36467 34067 36467 33167 36367 34067 34667 36467 35467 36467 36467 33167 36467 36467 35167 36467 36467 35267 33767 36467 33267 36467 36467 34767 34567 34167 36467 36467 35167 36467 34067 36467 32867 36467 34367 33467 36467 36467 35567 34467 33667 36267 33967 34267 36467 36467 35367 36467 36467 32867 36467 36467 34167 34067 36467 34567 33667 32767 36067 32867 35667 34967 33467 35167 32967 34367 34367 32767 35267 33567 35867 36167 33167 36467 34567 36467 36467 36467 34067 
64 0 34667 32767 33567 35367 34967 33167 35367 35367 33467 33567 33167 34667 35367 35367 33067 32867 35367 2600 34767 35367 35367 35367 34067 35367 33167 35367 34067 34667 35367 35367 35367 35367 33167 35367 35367 35167 35367 35367 35267 33767 35367 33267 35367 35367 34767 34567 34167 35367 35367 35167 35367 34067 35367 32867 35367 34367 33467 35367 35367 35367 34467 33667 35367 33967 34267 35367 35367 35367 35367 35367 32867 35367 35367 34167 34067 35367 34567 33667 32767 35367 32867 35367 34967 33467 35167 32967 34367 34367 32767 35267 33567 35367 35367 33167 35367 34567 35367 35367 35367 34067 
65 0 18000 27000 19200 28600 16100 33167 8000 19000 19200 18000 13200 18100 36467 24300 18600 22600 27300 35367 3700 23400 8900 36467 21300 26700 27400 18900 11200 20600 36467 19900 36467 23400 18100 36467 31300 25300 30600 36467 27100 33767 21200 11800 24100 25400 27100 19000 21400 36467 36467 10200 24300 34067 20700 23000 31400 12300 17000 25700 18500 21100 24600 26600 28300 28200 24300 31100 22000 21700 36467 29900 17200 6600 24500 13000 14000 36467 22600 18100 17200 26200 17300 18400 8200 24000 26500 16000 31200 20500 17800 15700 4200 22100 24100 22600 25200 14100 36467 29900 20800 15700 
66 13625 12800 15900 24300 29700 27400 32800 22700 23400 15400 13700 12600 28100 35967 28700 26300 24600 6500 35367 17100 16100 21200 35967 13700 21500 16300 24100 16300 9500 35967 19700 35967 22800 14300 31200 28100 20100 28700 35967 31500 33767 26300 16200 28500 4600 16000 22100 11000 35967 30100 19600 16700 33800 20100 17800 13300 11700 16100 25100 23500 23200 15700 22700 24000 20900 27400 11900 20900 21100 31100 25600 15400 27400 26200 7800 16700 35967 22000 13800 12900 21000 13000 24500 12600 3200 22200 18700 34367 16200 16000 16800 23300 21500 19800 18800 32900 18500 35967 25600 21900 10500 
67 0 34667 32767 33567 40867 34967 33167 37467 39467 33467 33567 33167 34667 36467 39867 33067 32867 36667 35367 34767 36367 36067 40867 34067 38467 33167 36367 34067 34667 40867 35467 40867 38267 33167 40867 39667 35167 36567 40867 35267 8100 40867 33267 38767 36967 34767 34567 34167 40867 40867 35167 37067 34067 39867 32867 40867 34367 33467 36467 38667 35567 34467 33667 36267 33967 34267 39667 37667 35367 40867 38267 32867 38267 36967 34167 34067 40867 34567 33667 32767 36067 32867 35667 34967 33467 35167 32967 34367 34367 32767 35267 33567 35867 36167 33167 36867 34567 40867 40567 37167 34067 
68 6431 34667 32767 33567 41067 34967 33167 37467 39467 33467 33567 33167 34667 36467 39867 33067 32867 36667 35367 34767 36367 36067 65534 34067 38467 33167 36367 34067 34667 65534 35467 65534 38267 33167 42167 39667 35167 36567 65534 35267 33767 41467 33267 38767 36967 34767 34567 34167 65534 40867 35167 37067 34067 39867 32867 41467 34367 33467 36467 38667 35567 34467 33667 36267 33967 34267 39667 37667 35367 42067 38267 32867 38267 36967 34167 34067 65534 34567 33667 32767 36067 32867 35667 34967 33467 35167 32967 34367 34367 32767 35267 33567 35867 36167 33167 36867 34567 41167 40567 37167 34067 
69 0 17700 18100 800 33567 2300 30600 16000 23100 13200 13000 22800 5900 33567 20500 4800 23900 24200 33567 19400 18400 20500 33567 16100 33567 17800 21900 21200 15600 33567 16100 33567 29300 12900 33500 30500 29400 23200 33567 28400 33567 31200 18800 25400 26500 24800 11600 16200 33567 24100 12900 19100 28300 30300 27100 26400 18700 15400 23800 21200 7300 23000 25000 21300 23200 16900 29300 19500 26400 33400 24900 14000 11800 20200 22600 22000 33567 23300 13100 12200 23700 12300 21100 19900 21900 14900 24000 32500 8900 14500 25700 22600 22800 19100 16600 11400 18200 33567 15100 30800 25300 
70 11216 11800 4300 16900 33200 20000 28900 26600 16400 13100 6300 16100 16500 34867 23600 18900 17200 14500 34867 20600 8700 13800 34867 16000 29600 4700 20700 19800 2100 34867 19200 34867 15500 12800 23800 25300 27800 25900 34867 25100 33767 29800 14600 22100 14300 9000 14700 16100 34867 32400 21100 19000 31000 23600 25500 8700 12000 8700 26200 16500 15800 5300 15300 13700 13500 20000 17100 19400 12600 23700 18200 12400 29300 28500 15900 23900 34867 16600 6400 5500 22100 5600 12900 16100 8400 14800 21900 29200 8800 8600 20300 18500 13100 12400 16500 21300 12300 34867 18200 25400 18600 
71 0 14600 20500 12600 29800 15700 29400 20700 12600 12000 11800 14000 19300 34567 7100 18200 22700 23000 34567 13500 17200 15200 34567 11300 27500 20900 20700 17700 14400 34567 2700 34567 24200 11700 32300 25700 26100 13400 34567 18600 33767 27700 5400 15600 21700 24300 1800 11400 34567 27700 16000 14300 18500 21500 23800 25200 13100 14200 26500 24300 18600 21800 23800 11100 22000 7100 23200 18300 22500 32200 23700 10800 23800 23800 13800 14700 34567 20600 11900 11000 20500 11100 24200 9000 19200 13700 12700 22700 7700 11400 18200 19900 21600 17900 15400 14900 7700 34567 13900 23300 16500 
72 11370 23300 23200 20800 36400 23900 27200 29400 22200 9800 16800 19300 27500 36467 27500 26400 22200 20800 35367 23100 22200 24300 41067 11900 32800 22800 18500 20100 19400 41067 17900 41067 28400 8700 37300 26300 25200 26900 41067 35267 33767 30100 15000 32400 22300 19800 18600 12000 41067 28300 16600 14900 32000 26800 22900 29900 15200 19200 28000 8300 28200 19500 28800 26300 27000 23900 25100 15300 24600 37200 28700 9800 28700 24400 19100 24300 41067 21200 15600 16000 19500 16100 20000 18600 19800 18700 22300 34367 12700 21000 23500 27100 25000 22900 13200 31700 17300 41067 22100 28600 21800 
73 2736 17100 17000 18600 34900 21700 32200 32400 18100 14800 8000 17800 25300 36467 25300 24200 18900 25800 35367 22300 13400 15500 38267 17700 31300 17400 22400 21500 10600 38267 20900 38267 26400 14500 28500 27000 29500 27600 38267 26800 33767 31500 19300 23800 22800 20500 16400 17800 38267 34100 24800 20700 32700 25300 27200 21400 13700 10400 27900 28000 21100 18000 20000 26400 18200 21700 25600 21100 23100 28400 5500 14100 31000 30200 17600 26500 38267 18300 8100 7200 23800 7100 23800 17800 16900 16500 26600 30900 10500 13900 22000 20200 17800 14100 18200 29500 17600 38267 19900 27100 20300 
74 9548 16700 16600 21200 33967 24300 33167 33967 20700 17400 10600 20400 27900 33967 27900 23800 21500 26200 33967 24900 3600 18100 33967 20300 33900 17000 25000 24100 10200 33967 23500 33967 27800 17100 18700 29600 32100 30200 33967 29400 33767 33967 19500 26400 22400 21300 19000 20400 33967 33967 27400 23300 33967 27900 29800 21000 16300 13000 30500 28800 20700 17600 10200 24600 1200 24300 25200 23700 23900 18600 22500 16700 33600 32800 20200 28800 33967 20900 10700 9800 26400 9900 25200 20400 16500 19100 26800 33500 13100 13500 24600 22800 20400 16700 20800 32100 17200 33967 22500 29700 22900 
75 13741 31800 32767 26200 34067 29300 33167 34067 29800 23100 25000 27500 29000 34067 24300 31800 20900 34067 34067 30700 30400 32400 34067 18800 34067 33167 24600 31200 27600 34067 19900 34067 34067 22000 34067 18200 34067 3800 34067 32200 33767 34067 22600 29200 31800 34067 15400 21500 34067 34067 33200 24400 1300 34067 32867 34067 23400 27400 30100 34067 34067 34067 33667 28300 33967 13100 34067 28600 32500 34067 34067 23100 34067 31300 27300 31900 34067 13100 23300 24200 32800 24300 32800 26200 29300 27300 29900 34067 21300 28600 31700 33567 26800 31100 26500 20900 24900 34067 27500 34067 30000 
76 11393 15300 12000 20400 33467 23500 30300 26600 19900 12900 9800 16500 24200 33467 27000 22400 20700 10400 33467 21000 12200 17300 33467 11200 25400 12400 21600 20200 5600 33467 17200 33467 23200 11800 27300 25600 24000 26200 33467 28600 33467 30200 18100 25600 6600 16700 18200 8500 33467 27600 23500 14200 31300 24000 21700 9400 15500 12200 27300 24200 19300 13000 18800 21400 17000 23500 9400 18400 20300 27200 21700 12900 31300 23700 11700 20600 33467 20100 9900 9000 22600 9100 20600 16500 700 18300 22600 32700 12300 12100 20700 22000 19600 15900 16300 29000 15800 33467 21700 25800 14400 
77 13510 1900 18000 20400 25000 17300 32000 18000 17300 14600 12600 7900 23500 34667 23600 15400 20200 17400 34667 12400 15000 17500 34667 16700 16800 18400 19500 11600 11600 34667 19200 34667 18100 13500 30100 26000 15400 26600 34667 26800 33767 21600 11100 23800 15500 21800 18300 16800 34667 29100 14900 19700 31700 15400 13100 22400 7000 11700 20400 23200 12300 19000 21300 19500 19800 23600 21200 16700 16400 30000 24500 14600 22700 25200 3100 12000 34667 17300 12700 11800 16300 11900 21900 7900 14100 21100 14000 30900 15100 5100 12100 18600 16800 18700 18000 26400 8800 34667 24500 17200 5800 
78 5824 11100 20800 19900 22500 20100 26700 13400 9100 9300 14800 10500 23500 34667 14400 18200 18600 20300 34667 10000 17800 7900 34667 11400 21600 21200 14900 14200 14400 34667 10000 34667 20700 8200 32900 25800 22600 20700 34667 24400 33767 24200 1900 21400 21800 24400 9100 11500 34667 27800 12500 14400 25800 18000 20300 25200 9600 14300 23000 20800 15100 21800 23900 18400 22600 14400 24600 14800 19000 32800 26700 7300 20300 23900 10300 7400 34667 19900 13100 14000 17000 14100 20700 5500 19300 18200 5400 28500 12200 7900 14700 12600 19400 20900 12700 22200 4200 34667 21200 18600 13000 
79 9142 34667 32767 33567 41067 34967 33167 37467 39467 33467 33567 33167 34667 36467 39867 33067 32867 36667 35367 34767 36367 36067 65534 34067 38467 33167 36367 34067 34667 65534 35467 65534 38267 33167 42167 39667 35167 36567 65534 35267 33767 41467 33267 38767 36967 34767 34567 34167 65534 40867 35167 37067 34067 39867 32867 41467 34367 33467 36467 38667 35567 34467 33667 36267 33967 34267 39667 37667 35367 42067 38267 32867 38267 36967 34167 34067 65534 34567 33667 32767 36067 32867 35667 34967 33467 35167 32967 34367 34367 32767 35267 33567 35867 36167 33167 36867 34567 41167 40567 37167 34067 
80 4370 20600 16800 19500 35900 22600 24500 28100 21700 7100 15500 18800 26200 36467 26200 25100 20900 3900 35367 22600 20900 23000 36667 11400 31900 16400 17200 22500 18100 36667 17400 36667 28000 8200 36000 25800 24700 26400 36667 34100 33767 32500 14500 31100 15000 13400 17300 11500 36667 27800 25100 14400 31500 26300 22400 23700 14700 17900 27500 20900 27600 13100 27500 25800 25700 22600 22300 14800 24100 35900 27400 9300 32100 23900 18200 23800 36667 20700 15100 14700 19000 14800 20900 18100 13600 17400 21800 34367 11400 20500 23000 27700 24500 21600 11900 30400 16800 36667 20800 28100 20900 
81 0 22400 32300 31300 23600 30800 33167 14500 25000 25200 28600 22200 24600 36467 30300 33067 19700 31700 35367 25900 33700 23800 38467 27300 5700 32700 16000 24400 30300 38467 25900 38467 32400 24100 38467 36200 26900 36567 38467 35267 33767 34400 17800 37300 29800 34767 25000 27400 38467 38467 28400 30300 34067 29700 24600 38467 21300 26000 28700 36200 31000 33600 33667 31000 33967 30300 32700 30700 30700 38467 38267 23200 29100 36967 17400 8500 38467 31100 27600 27800 27800 27900 29700 21400 28400 34100 10500 34367 28100 23800 19900 26700 31100 34700 21300 32700 20100 38467 37100 19700 17300 
82 11693 14100 17100 26300 21400 26900 30300 21500 20100 16000 15700 4300 29300 36467 25400 27600 17400 23400 35367 13800 21100 18100 37067 18100 22800 17500 20900 8000 18300 37067 21000 37067 5900 14900 33000 27400 21400 28000 37067 28200 33767 18000 12900 25200 21500 23200 20100 18200 37067 24100 16300 21100 33100 11800 19100 29100 8400 13100 8200 19800 24500 20700 22700 25500 25900 25400 27200 18100 14000 32900 27600 16000 24100 20200 9100 18000 37067 18700 14700 14900 22300 15000 14300 9300 20100 24200 20000 32300 18200 17300 8500 15000 14500 21800 19400 33200 15200 37067 27600 13600 11800 
83 0 20400 23400 8100 37767 5000 33167 21300 29400 20500 20300 27600 11200 36467 27800 7500 31200 31500 35367 22100 25700 27800 37767 23400 37767 23100 29200 23900 22900 37767 23400 37767 32200 20200 37767 37767 35167 30500 37767 35267 33767 33900 23200 32700 33800 30100 18900 23500 37767 26800 15600 26400 34067 35100 32867 33700 26000 22700 26500 23900 10000 29800 32300 26600 30500 24200 36600 26800 29300 37767 32200 21300 14500 22900 25400 27300 37767 30600 20400 19500 31000 19600 23800 22600 29200 22200 29300 34367 16200 17200 28400 25300 29800 26400 23900 14100 20900 37767 22400 33500 28100 
84 4045 25400 22100 30500 41067 33600 33167 35300 30000 21600 19900 25200 34300 36467 35700 32500 30800 19100 35367 29700 22300 27400 42167 19900 34100 22500 30300 28900 15700 42167 25900 42167 33300 20500 37400 34300 32700 34900 42167 35267 33767 38900 26800 35700 15300 26800 28300 17200 42167 36300 32200 22900 34067 32700 30400 19500 24300 22300 36000 34300 29400 23100 28900 30200 27100 33600 18100 27100 30400 37300 31800 21600 38267 32400 20400 29300 42167 29200 20000 19100 31300 19200 30700 25200 9400 28400 31300 34367 22400 22200 29400 32100 29700 26000 25000 36867 25900 41167 31800 34500 23100 
85 7815 22200 12900 20200 36267 23300 32600 28300 20200 15200 19400 21600 18900 36267 14700 25800 27600 25800 35367 21100 24500 22800 36267 13500 33600 13300 23900 25300 19300 36267 4900 36267 24100 14100 28200 27900 26800 21000 36267 26200 33767 35300 13000 23200 23900 20300 9400 13600 36267 29900 23600 16500 26100 29100 24500 25900 20600 21800 29600 27800 26200 20000 17900 3500 29300 14700 15600 20700 21200 28100 31300 15200 31400 26000 19900 22300 36267 22800 19500 18600 24900 18700 21500 16600 21400 21300 20300 30300 15300 19000 25800 27500 21700 25500 18600 22500 15300 36267 21500 30900 17200 
86 1165 26000 29000 28300 33300 25200 33167 27300 30300 24100 25200 16200 31400 36467 36467 23300 12900 35100 35367 25700 30600 30000 36467 19800 34700 29400 16400 19900 27800 36467 28400 36467 17800 23000 36467 29400 33300 30000 36467 35267 33767 29900 24800 36467 32800 31300 32000 22500 36467 19600 28200 25400 34067 23700 31000 36467 20300 21200 3700 31700 20200 30200 33667 36267 33967 34267 35600 29600 25900 36467 36467 24100 34700 15700 21000 23900 36467 24300 25300 24400 33800 24500 26200 21200 30300 33000 25900 34367 27000 27400 20400 26900 26400 31300 21700 34300 27100 36467 36400 25500 23700 
87 13802 12100 13800 15400 24400 18500 28200 22000 14900 10800 4800 7300 22100 35867 22100 21000 15700 21400 35367 11800 10200 12300 35867 12900 20800 14200 19200 11000 7400 35867 17700 35867 15200 9700 25300 15800 19400 16400 35867 23600 33767 21000 10900 20600 19500 17300 13200 13000 35867 29300 14300 15900 21500 14800 17100 18200 3200 7200 19800 22600 17900 14800 16800 23200 15000 18500 22400 12900 12300 25200 16700 9100 22100 25400 7100 16000 35867 7100 3100 4000 18800 4100 12600 7300 13700 13300 18000 27700 7300 10700 11500 17000 6600 10900 14200 26300 13200 35867 16700 16600 9800 
88 0 10600 20300 19400 24300 19600 26200 16700 8600 8800 13600 7200 25800 34167 13900 17700 19500 19800 34167 6700 17300 11200 34167 10900 20700 20700 17500 10900 13900 34167 9500 34167 17400 7700 30900 25300 19300 20200 34167 21100 33767 20900 1400 18100 19400 21100 8600 11000 34167 27300 9200 13900 25300 14700 17000 24700 6300 11000 19700 17500 14600 18600 20600 17900 22100 13900 24100 14300 15700 30800 25500 6800 17000 23400 7000 10700 34167 16600 12600 12800 16500 12900 17400 2200 18000 17700 8700 25200 11700 7400 11400 14600 16100 19700 12200 21700 3700 34167 20700 16500 9700 
89 6993 11500 22100 23700 15400 20900 29700 18900 17500 13400 13100 1700 27100 34467 22800 23400 19000 20800 34467 11200 18500 12100 34467 15500 20200 22500 21400 2000 15700 34467 18400 34467 11900 12300 30400 24800 18800 25400 34467 25600 33767 12000 10300 22600 18900 20600 17500 15600 34467 30100 10300 18500 30500 9200 16500 26500 5800 10500 14200 13800 21900 18100 20100 22900 23300 22800 24600 15500 15200 30300 25000 13400 19800 24600 6500 13900 34467 16100 12100 12300 19700 12400 13700 6700 17500 21600 15900 29700 15600 14700 2500 9000 15600 19200 16800 30000 12600 34467 25000 7600 9200 
90 11873 31300 25000 30200 33167 33167 400 31600 32400 17800 26200 29500 33167 33167 33167 33067 31600 28800 33167 31100 31600 33167 33167 22100 33167 25400 27900 28100 28800 33167 28100 33167 24800 18900 33167 33167 33167 33167 33167 33167 33167 33167 25200 33167 32500 32400 28000 22200 33167 33167 24600 25100 33167 33167 32867 33167 25400 28600 33167 28100 33167 32100 33167 33167 33167 33167 33167 25500 21900 33167 33167 20000 33167 33167 29300 33167 33167 31400 25800 25400 29700 25500 16400 28800 30000 28100 32500 33167 22100 31200 32600 33167 22400 32300 22600 33167 27500 33167 31500 33167 32000 
91 0 21500 21400 23000 26200 26100 31100 14500 17500 13700 12400 17200 24600 32867 29700 28600 100 24000 32867 21700 17800 19900 32867 16600 25300 21500 3600 20900 15000 32867 22600 32867 23200 13400 32867 16600 29300 17200 32867 31200 32867 30900 19700 28200 27000 18500 20800 16700 32867 25000 24200 19600 22300 24700 27000 25800 13100 8400 9100 26000 25500 17400 24400 30800 22600 26100 29800 20000 22500 32800 24300 14500 29100 21100 17000 11100 32867 11500 12500 11600 24200 11700 27500 17200 21300 20900 13100 32867 14900 18300 21400 24600 22200 18500 8900 32700 22000 32867 24300 22300 19700 
92 323 13700 18800 13800 26000 16900 20200 22400 15200 2800 9800 8900 20500 34467 20500 19400 15200 13800 34467 13400 15200 17300 34467 4900 22400 19200 11500 12600 12400 34467 10900 34467 19100 1700 29400 19300 18200 19900 34467 27800 33767 22600 8000 24800 15300 19600 11600 5000 34467 21300 15900 7900 25000 16400 15900 22900 4800 9500 21000 18700 21200 17100 19100 19300 20000 16900 18100 4900 14200 29300 21700 2800 23700 17400 8700 17300 34467 14200 8600 9000 12500 9100 16600 8900 12800 11700 15300 31900 5700 14000 13100 19600 14600 15900 6200 24700 10300 34467 15100 18200 11400 
93 0 15200 25100 21500 16400 21000 33167 4700 17800 16300 21400 15000 14800 34067 23100 23500 9900 24500 34067 16400 26500 16600 34067 19200 15500 25500 6200 17200 23100 34067 18700 34067 25200 16000 34067 26400 19700 27000 34067 33100 33767 27200 10600 30100 22600 28300 17800 19300 34067 34067 21200 22200 32100 22500 17400 31300 14100 18200 18900 29000 23800 26400 27800 23800 31300 23100 25500 22600 23500 34067 33300 16000 19300 30900 10200 1300 34067 21300 20400 20600 20600 20700 19900 14200 21200 25200 3300 34067 19200 16600 12700 16900 23900 27500 11500 22900 12900 34067 28600 12500 10100 
94 0 23500 14100 8600 29300 8100 33167 8200 30700 21000 20800 25400 1900 34667 28300 10600 22800 26300 34667 19900 26200 25100 34667 23900 28400 13800 19100 27000 20500 34667 23900 34667 25300 20700 34667 34667 32600 27100 34667 34667 33767 34667 23500 33200 32700 20800 19400 24000 34667 29900 18700 26900 32200 32900 30300 27100 26500 23200 29600 27000 13100 20500 29800 17300 31000 20800 27500 27300 22400 34667 32700 21800 17600 26000 23100 14200 34667 31100 20900 20000 31500 20100 22700 24400 26800 22700 16200 34367 16700 20300 25600 20400 22900 26900 24400 10000 24000 34667 22900 25400 23000 
95 13537 6400 16300 23200 22600 21800 30300 13500 17000 12900 12600 6200 23600 34067 22300 19900 18500 15700 34067 10700 18000 19600 34067 15000 15100 16700 15000 9900 15200 34067 17900 34067 16400 11800 29300 24300 10900 24900 34067 25100 33767 19900 9800 22100 13800 20100 17000 15100 34067 31400 13200 18000 30000 13700 8600 22500 5300 10000 18700 21500 16800 17600 19000 15000 22800 22300 16700 15000 14700 29200 24500 12900 21000 27500 1400 7500 34067 15600 11600 11800 11800 11900 20200 6200 12400 21100 9500 29200 15100 9600 10400 16900 15100 18700 16300 30100 12100 34067 24500 15500 1300 
96 0 12300 21300 18200 24600 15100 28700 13700 13300 13500 13900 7500 21300 34767 18600 17600 19800 21600 34767 2000 19300 14600 34767 15600 21000 21700 22200 11200 16500 34767 14200 34767 17700 12400 31200 25600 19600 24900 34767 21400 33767 21200 6100 18400 19700 21400 13300 15700 34767 31100 4500 18600 30000 15000 17300 27300 6600 11300 20000 12800 19300 18900 20900 22600 24100 18600 25400 16300 16000 31100 25800 11500 12300 18800 7300 15400 34767 16900 12900 13100 20500 13200 12700 2500 18300 22400 13400 25500 16400 12100 11700 9900 16400 20000 16900 24200 8400 34767 25400 16800 10000 
97 13585 34667 32767 33567 41067 34967 33167 37467 39467 33467 33567 33167 34667 36467 39867 33067 32867 36667 35367 34767 36367 36067 65534 34067 38467 33167 36367 34067 34667 65534 35467 65534 38267 33167 42167 39667 35167 36567 65534 35267 33767 41467 33267 38767 36967 34767 34567 34167 65534 40867 35167 37067 34067 39867 32867 41467 34367 33467 36467 38667 35567 34467 33667 36267 33967 34267 39667 37667 35367 42067 38267 32867 38267 36967 34167 34067 65534 34567 33667 32767 36067 32867 35667 34967 33467 35167 32967 34367 34367 32767 35267 33567 35867 36167 33167 36867 34567 41167 40567 37167 34067 
98 0 14200 16700 11700 28100 14800 18100 20300 13900 700 7700 11000 18400 33167 18400 17300 13100 11700 33167 14800 13100 15200 33167 3600 24500 17100 9400 14700 10300 33167 9600 33167 21200 400 28200 18000 16900 18600 33167 26300 33167 24700 6700 23300 14000 20200 9500 3700 33167 20000 17300 6600 23700 18500 14600 21100 6900 10100 19700 17400 19800 17700 19700 18000 17900 14800 16800 7000 16300 28100 19600 1500 24300 16100 10800 16000 33167 12900 7300 6900 11200 7000 14500 10300 11500 9600 14000 30400 3600 12700 15200 19900 16700 13800 4100 22600 9000 33167 13000 20300 13500 
99 0 13400 13300 14900 31200 18000 28500 28700 14400 11100 2700 14100 21600 35467 21600 20500 15200 22100 35367 18600 9700 11800 35467 14000 27600 13700 18700 17800 6900 35467 17200 35467 22700 10800 24800 23300 25800 23900 35467 21500 33767 27800 15600 18500 19100 16800 12700 14100 35467 30400 21100 17000 29000 21600 23500 17700 10000 6700 24200 24300 17400 14300 16300 22700 14500 18000 21900 17400 19400 24700 16200 10400 27300 26500 13900 22800 35467 14600 4400 3500 20100 3600 20100 14100 13200 12800 22900 25600 6800 10200 18300 16500 14100 3400 14500 25800 13900 35467 16200 23400 16600 
100 0 8400 8300 12900 29200 16000 26500 26500 12400 9100 2300 12100 19600 34267 19600 15500 13200 17900 34267 16600 4700 9800 34267 12000 25600 8700 16700 15800 1900 34267 15200 34267 19500 8800 19800 21300 23800 21900 34267 21100 33767 25800 11200 18100 14100 13000 10700 12100 34267 28400 19100 15000 27000 19600 21500 12700 8000 4700 22200 20500 12400 9300 11300 17700 9500 16000 16900 15400 16600 19700 14200 8400 25300 24500 11900 20500 34267 12600 2400 1500 18100 1600 16900 12100 8200 10800 18500 25200 4800 5200 16300 14500 12100 8400 12500 23800 8900 34267 14200 21400 14600 
